"Species"	"number_wasps"	"w"	"max_steps"	"min_steps"	"mean_steps"	"mean_survival"	"mean_nested"	"mean_usurp"	"mean_coNested"	"mean_coNesters"
"dominula"	50	1	13	1	3.5	0.8	0.8	0	0	0.6
"dominula"	50	2	42	1	7.8	0.8	0.8	0	0.1	0.7
"dominula"	50	3	45	1	10.5	0.9	0.9	0	0.1	1
"dominula"	50	4	13	1	3.6	0.6	0.6	0	0.4	0.8
"dominula"	50	5	34	1	7.5	0.8	0.8	0	0.1	0.8
"dominula"	50	6	71	1	11.6	0.9	0.9	0	0.4	1.3
"dominula"	50	7	25	1	5	0.8	0.8	0	0.1	0.8
"dominula"	50	8	18	1	5.1	0.9	0.9	0	0.4	1.2
"dominula"	50	9	30	1	8.1	0.9	0.9	0	0.2	1
"dominula"	50	10	10	1	3	0.8	0.8	0	0.2	0.8
"dominula"	50	11	226	1	28.6	0.9	0.9	0.1	0.5	1.5
"dominula"	50	12	79	1	10.8	0.8	0.8	0	0.4	1.8
"dominula"	50	13	65	1	13.8	0.7	0.7	0	0.3	1.3
"dominula"	50	14	50	1	10.9	0.7	0.7	0	0.6	1.5
"dominula"	50	15	67	1	13.4	0.8	0.8	0.1	0.3	1
"dominula"	50	16	18	1	3.6	0.6	0.6	0	0.5	1.2
"dominula"	50	17	47	1	12.4	0.9	0.9	0	0.6	2.3
"dominula"	50	18	76	1	11	0.7	0.7	0.1	0.4	1.6
"dominula"	50	19	152	1	21.6	0.8	0.8	0	0.5	1.8
"dominula"	50	20	112	1	15.6	0.9	0.9	0	0.7	2.8
"dominula"	50	21	20	1	4.5	0.9	0.9	0	0.7	2.5
"dominula"	50	22	55	1	8.4	0.8	0.8	0	0.6	1.7
"dominula"	50	23	30	1	7.6	0.7	0.7	0	0.6	1.9
"dominula"	50	24	33	1	9.4	0.8	0.8	0	0.5	1.4
"dominula"	50	25	35	1	8.4	0.7	0.7	0	0.2	1.7
"dominula"	50	26	36	1	9.5	0.9	0.9	0	0.7	2.8
"dominula"	50	27	59	1	9	0.8	0.8	0	0.6	2.4
"dominula"	50	28	34	1	8.7	0.8	0.8	0	0.8	2.5
"dominula"	50	29	87	1	13.6	0.7	0.7	0	0.6	2.9
"dominula"	50	30	135	1	16	0.8	0.8	0	0.7	2.5
"dominula"	50	31	51	1	11.8	0.7	0.7	0	0.6	2.8
"dominula"	50	32	110	1	15.2	0.9	0.9	0	0.4	2
"dominula"	50	33	34	1	9.3	0.8	0.8	0	0.6	2.9
"dominula"	50	34	53	1	12	0.8	0.8	0	0.7	3.5
"dominula"	50	35	27	1	8.8	0.9	0.9	0	0.7	3
"dominula"	50	36	101	1	16.2	0.8	0.8	0	0.7	3.4
"dominula"	50	37	197	1	25.9	0.7	0.7	0	0.5	2.5
"dominula"	50	38	61	1	14	0.8	0.8	0	0.6	3.6
"dominula"	50	39	26	1	7.8	0.8	0.8	0	0.8	3.5
"dominula"	50	40	344	1	38.1	0.9	0.9	0	0.7	4.3
"dominula"	50	41	37	1	6.8	0.6	0.6	0	0.6	2.5
"dominula"	50	42	81	1	17.8	0.7	0.7	0	0.4	2.1
"dominula"	50	43	80	1	10.6	0.8	0.8	0	0.7	4.6
"dominula"	50	44	25	1	7.6	0.8	0.8	0	0.8	4.1
"dominula"	50	45	47	1	10.6	0.9	0.9	0	0.3	2
"dominula"	50	46	45	1	9.1	0.8	0.8	0.1	0.5	1.6
"dominula"	50	47	8	1	3.6	0.8	0.8	0	0.8	4.4
"dominula"	50	48	229	1	26.5	0.8	0.8	0	0.8	3.9
"dominula"	50	49	23	1	5.6	0.8	0.8	0	0.7	4.4
"dominula"	50	50	27	1	6.2	0.7	0.7	0.1	0.3	1.7
"dominula"	60	1	48	1	13.8	0.6	0.6	0	0	0.2
"dominula"	60	2	89	1	19.6	0.4	0.4	0	0	-0.1
"dominula"	60	3	194	1	37.6	0.5	0.5	0.1	0	0
"dominula"	60	4	103	1	35.5	0.8	0.8	0	0	0.6
"dominula"	60	5	74	1	18.7	0.6	0.6	0	0.1	0.3
"dominula"	60	6	159	1	24	0.4	0.4	0	0.2	0.1
"dominula"	60	7	50	1	15.9	0.5	0.5	0	0	0
"dominula"	60	8	47	1	12.4	0.5	0.5	0	0.2	0.2
"dominula"	60	9	55	1	17.9	0.5	0.5	0	0.1	0.1
"dominula"	60	10	61	1	20.9	0.6	0.6	0	0.4	0.6
"dominula"	60	11	36	1	13.1	0.5	0.5	0	0.2	0.3
"dominula"	60	12	86	2	25	0.5	0.5	0	0.1	0.1
"dominula"	60	13	126	1	22.2	0.7	0.7	0.1	0.2	0.8
"dominula"	60	14	71	1	19.5	0.4	0.4	0.2	0	-0.2
"dominula"	60	15	89	1	21.1	0.7	0.7	0	0.4	1.2
"dominula"	60	16	30	1	12.1	0.7	0.7	0	0.4	1.2
"dominula"	60	17	37	1	11.9	0.6	0.6	0	0.4	0.9
"dominula"	60	18	189	1	33.2	0.6	0.6	0	0.4	1
"dominula"	60	19	62	1	18.9	0.6	0.6	0	0.4	0.7
"dominula"	60	20	49	1	14	0.6	0.6	0	0.3	1
"dominula"	60	21	93	1	23.4	0.8	0.8	0	0.4	1.5
"dominula"	60	22	178	1	25.6	0.4	0.4	0	0.4	0.7
"dominula"	60	23	185	1	37	0.4	0.4	0	0.1	0.4
"dominula"	60	24	149	1	24.5	0.6	0.6	0	0.4	1.1
"dominula"	60	25	68	1	27.5	0.5	0.5	0	0.3	1.3
"dominula"	60	26	82	1	28.1	0.4	0.4	0	0.3	0.8
"dominula"	60	27	46	1	13.9	0.4	0.4	0	0.3	0.8
"dominula"	60	28	96	1	25.8	0.8	0.8	0	0.5	2
"dominula"	60	29	74	1	19.1	0.5	0.5	0	0.4	1.3
"dominula"	60	30	34	1	14.6	0.5	0.5	0	0.4	1.3
"dominula"	60	31	57	1	19.1	0.8	0.8	0	0.6	2.7
"dominula"	60	32	56	1	12.2	0.6	0.6	0	0.2	1.3
"dominula"	60	33	45	1	19.5	0.6	0.6	0.1	0.2	1
"dominula"	60	34	78	1	24.8	0.6	0.6	0	0.5	1.7
"dominula"	60	35	55	1	17.5	0.5	0.5	0.2	0.1	0.3
"dominula"	60	36	52	1	13.9	0.5	0.5	0	0.4	2.3
"dominula"	60	37	69	1	15.3	0.6	0.6	0	0.4	1.6
"dominula"	60	38	49	1	14.4	0.7	0.7	0	0.6	2.4
"dominula"	60	39	77	2	33	0.5	0.5	0.1	0.3	0.7
"dominula"	60	40	33	1	12.2	0.6	0.6	0.1	0.5	2.6
"dominula"	60	41	112	1	29.2	0.6	0.6	0	0.5	1.3
"dominula"	60	42	61	1	13.3	0.6	0.6	0	0.5	1.3
"dominula"	60	43	57	1	17	0.4	0.4	0	0.3	1
"dominula"	60	44	86	1	29.1	0.6	0.6	0	0.3	1.1
"dominula"	60	45	36	1	10.9	0.5	0.5	0	0.4	1.3
"dominula"	60	46	43	1	11.6	0.5	0.5	0	0.5	2.1
"dominula"	60	47	134	1	25.2	0.5	0.5	0	0.5	2.1
"dominula"	60	48	184	2	34.2	0.7	0.7	0	0.3	0.7
"dominula"	60	49	168	1	30.4	0.5	0.5	0	0.4	1.7
"dominula"	60	50	37	1	11.6	0.5	0.5	0.1	0.4	1.8
"dominula"	60	51	28	1	10.7	0.6	0.6	0	0.3	1.6
"dominula"	60	52	68	1	26.1	0.6	0.6	0	0.5	1.9
"dominula"	60	53	30	1	9	0.6	0.6	0	0.5	2.1
"dominula"	60	54	75	1	18.7	0.5	0.5	0	0.4	1.1
"dominula"	60	55	65	1	19.3	0.8	0.8	0	0.8	3.7
"dominula"	60	56	73	1	18.9	0.5	0.5	0	0.4	1.3
"dominula"	60	57	106	1	21.7	0.8	0.8	0	0.5	3.6
"dominula"	60	58	71	1	23.5	0.8	0.8	0.1	0.4	2.7
"dominula"	60	59	63	1	25.9	0.7	0.7	0	0.4	2.2
"dominula"	60	60	35	1	9.9	0.6	0.6	0	0.6	2.4
"dominula"	70	1	159	1	35.6	0.4	0.4	0	0	-0.2
"dominula"	70	2	133	1	40.1	0.7	0.7	0	0	0.4
"dominula"	70	3	120	1	34.7	0.6	0.6	0	0.1	0.3
"dominula"	70	4	59	1	22.7	0.4	0.4	0	0	-0.2
"dominula"	70	5	71	1	26.9	0.6	0.6	0	0.1	0.3
"dominula"	70	6	129	1	31.8	0.4	0.4	0	0	-0.2
"dominula"	70	7	42	2	12.3	0.4	0.4	0	0	-0.2
"dominula"	70	8	57	1	21.8	0.5	0.5	0	0.2	0.2
"dominula"	70	9	57	2	25.9	0.5	0.5	0	0.3	0.4
"dominula"	70	10	142	1	28.5	0.3	0.3	0	0.1	-0.2
"dominula"	70	11	69	1	26.2	0.4	0.4	0	0.3	0.2
"dominula"	70	12	75	1	28.9	0.3	0.3	0.1	0.1	-0.3
"dominula"	70	13	41	1	15.1	0.3	0.3	0	0.2	-0.1
"dominula"	70	14	89	1	28.6	0.4	0.4	0	0.3	0.2
"dominula"	70	15	159	1	27.9	0.3	0.3	0	0.3	0.2
"dominula"	70	16	221	1	46.8	0.7	0.7	0	0.3	0.9
"dominula"	70	17	68	1	17.3	0.3	0.3	0	0.3	0.5
"dominula"	70	18	140	1	44.7	0.5	0.5	0	0.3	0.8
"dominula"	70	19	120	2	52.2	0.4	0.4	0	0	-0.2
"dominula"	70	20	142	1	55.9	0.5	0.5	0	0.3	0.8
"dominula"	70	21	126	1	36.4	0.3	0.3	0	0.2	0.1
"dominula"	70	22	96	1	22.9	0.4	0.4	0	0.2	0.7
"dominula"	70	23	286	1	40.7	0.4	0.4	0	0.3	0.6
"dominula"	70	24	70	1	23.3	0.3	0.3	0	0.2	0.2
"dominula"	70	25	61	1	25.9	0.3	0.3	0	0.3	0.6
"dominula"	70	26	165	2	30.3	0.4	0.4	0	0.1	0
"dominula"	70	27	59	1	16.4	0.4	0.4	0	0.3	1
"dominula"	70	28	55	2	16.1	0.4	0.4	0	0.3	0.6
"dominula"	70	29	108	1	23.1	0.2	0.2	0	0.2	0.1
"dominula"	70	30	178	1	36.5	0.3	0.3	0	0.3	1.1
"dominula"	70	31	132	1	38.2	0.3	0.3	0	0.1	0.1
"dominula"	70	32	76	1	19.9	0.3	0.3	0	0.2	-0.2
"dominula"	70	33	137	1	35.4	0.5	0.5	0	0.2	0.8
"dominula"	70	34	58	1	21.2	0.4	0.4	0	0.3	1.5
"dominula"	70	35	94	1	23.1	0.4	0.4	0	0.2	1
"dominula"	70	36	93	1	37.4	0.3	0.3	0	0.3	0.6
"dominula"	70	37	149	1	35.4	0.2	0.2	0	0.2	0.3
"dominula"	70	38	126	1	47	0.2	0.2	0	0.1	0
"dominula"	70	39	55	1	22.1	0.4	0.4	0	0.3	0.5
"dominula"	70	40	91	1	29.7	0.2	0.2	0	0.2	0.2
"dominula"	70	41	76	1	21.9	0.4	0.4	0	0.2	1
"dominula"	70	42	125	1	26.4	0.4	0.4	0	0.1	0.3
"dominula"	70	43	63	1	28.4	0.4	0.4	0	0.2	0.4
"dominula"	70	44	154	1	29.8	0.3	0.3	0	0.2	0.5
"dominula"	70	45	138	1	32.6	0.2	0.2	0	0.2	0.8
"dominula"	70	46	82	1	28.5	0.3	0.3	0	0.2	0.3
"dominula"	70	47	80	1	26.5	0.4	0.4	0	0.2	0.9
"dominula"	70	48	45	1	17.7	0.3	0.3	0	0.2	1
"dominula"	70	49	97	1	30.7	0.4	0.4	0	0.3	2
"dominula"	70	50	251	1	50.6	0.4	0.4	0	0.4	1.1
"dominula"	70	51	114	3	29.6	0.4	0.4	0	0.2	0.8
"dominula"	70	52	92	1	23.8	0.4	0.4	0.1	0.1	0.5
"dominula"	70	53	89	1	33.2	0.5	0.5	0	0.1	0.4
"dominula"	70	54	77	1	20.3	0.3	0.3	0	0.3	1
"dominula"	70	55	70	1	20.3	0.4	0.4	0	0.3	1.3
"dominula"	70	56	71	1	18.3	0.4	0.4	0.1	0.3	1.4
"dominula"	70	57	130	1	47.1	0.4	0.4	0	0.3	1.2
"dominula"	70	58	97	1	33.7	0.4	0.4	0	0.1	0.5
"dominula"	70	59	65	1	16.2	0.4	0.4	0	0.3	1.5
"dominula"	70	60	62	3	26.8	0.4	0.4	0	0.1	0.1
"dominula"	70	61	148	1	33	0.6	0.6	0	0.5	3.1
"dominula"	70	62	50	2	21.7	0.4	0.4	0	0.1	0.7
"dominula"	70	63	40	1	16.7	0.3	0.3	0	0.2	1.5
"dominula"	70	64	66	1	20.1	0.4	0.4	0	0.1	0.4
"dominula"	70	65	63	1	23.2	0.3	0.3	0	0.2	0
"dominula"	70	66	75	1	29.9	0.2	0.2	0	0.1	0.1
"dominula"	70	67	189	1	48.4	0.5	0.5	0	0.4	1.1
"dominula"	70	68	138	1	48.8	0.5	0.5	0.1	0.2	1.3
"dominula"	70	69	83	2	29	0.4	0.4	0	0.4	0.4
"dominula"	70	70	46	3	18.2	0.4	0.4	0	0.1	-0.1
"dominula"	80	1	92	1	16.3	0.7	0.7	0	0	0.4
"dominula"	80	2	59	1	14.3	0.7	0.7	0	0.2	0.6
"dominula"	80	3	50	1	13.2	0.8	0.8	0	0.2	0.8
"dominula"	80	4	120	1	18	0.6	0.6	0	0.2	0.4
"dominula"	80	5	103	1	18.2	0.7	0.7	0	0.2	0.6
"dominula"	80	6	113	1	22.8	0.8	0.8	0	0.1	0.7
"dominula"	80	7	124	1	21.3	0.9	0.9	0	0.4	1.3
"dominula"	80	8	26	1	8.4	0.7	0.7	0	0.3	1
"dominula"	80	9	118	1	18.5	0.9	0.9	0	0.3	1.5
"dominula"	80	10	66	1	15.5	0.7	0.7	0	0.3	1
"dominula"	80	11	73	1	15.2	0.7	0.7	0.2	0	0.4
"dominula"	80	12	68	1	12.3	0.7	0.7	0	0.2	0.6
"dominula"	80	13	63	1	14.1	0.6	0.6	0	0.2	0.5
"dominula"	80	14	203	1	38.8	0.7	0.7	0	0.2	0.7
"dominula"	80	15	103	1	20	0.7	0.7	0	0.4	1.4
"dominula"	80	16	27	1	8.5	0.5	0.5	0.1	0.2	0.4
"dominula"	80	17	94	1	23.8	0.4	0.4	0	0.3	0.5
"dominula"	80	18	59	1	22.4	0.7	0.7	0	0.2	0.6
"dominula"	80	19	30	1	10.1	0.7	0.7	0	0.5	1.2
"dominula"	80	20	40	1	10.6	0.7	0.7	0.1	0.3	0.9
"dominula"	80	21	78	1	14.4	0.6	0.6	0	0.5	1.2
"dominula"	80	22	25	1	6.2	0.7	0.7	0.1	0.2	0.6
"dominula"	80	23	350	1	45.2	0.6	0.6	0	0.4	1.7
"dominula"	80	24	118	1	22.7	0.9	0.9	0	0.7	2.4
"dominula"	80	25	54	1	15.4	0.4	0.4	0	0.4	1.2
"dominula"	80	26	35	1	8.6	0.6	0.6	0	0.4	1.3
"dominula"	80	27	105	1	22.9	0.7	0.7	0	0.6	2.1
"dominula"	80	28	144	1	22.7	0.6	0.6	0	0.4	1.7
"dominula"	80	29	43	1	10.7	0.7	0.7	0.1	0.5	1.8
"dominula"	80	30	73	1	18	0.4	0.4	0	0.3	1.7
"dominula"	80	31	24	1	8.7	0.8	0.8	0	0.5	2.5
"dominula"	80	32	115	2	18.8	0.7	0.7	0	0.5	1.5
"dominula"	80	33	56	1	13.3	0.8	0.8	0	0.6	3.3
"dominula"	80	34	75	1	18.3	0.7	0.7	0	0.5	2.1
"dominula"	80	35	74	1	13.4	0.9	0.9	0	0.5	2.4
"dominula"	80	36	41	1	11.2	0.6	0.6	0	0.5	2.4
"dominula"	80	37	29	1	8.6	0.7	0.7	0	0.6	2.3
"dominula"	80	38	34	1	11.3	0.8	0.8	0	0.7	2.9
"dominula"	80	39	14	1	7	0.7	0.7	0	0.7	2.6
"dominula"	80	40	80	1	26.1	0.6	0.6	0.1	0.4	2.1
"dominula"	80	41	88	1	16.7	0.7	0.7	0	0.5	1.9
"dominula"	80	42	111	1	21.2	0.8	0.8	0	0.6	2.6
"dominula"	80	43	59	1	14.1	0.7	0.7	0.1	0.6	3.3
"dominula"	80	44	57	1	16.5	0.6	0.6	0	0.6	3
"dominula"	80	45	78	1	18.1	0.4	0.4	0	0.4	2.7
"dominula"	80	46	50	1	16.3	0.7	0.7	0.1	0.4	2.8
"dominula"	80	47	129	1	33.6	0.7	0.7	0	0.6	3.4
"dominula"	80	48	102	1	15.4	0.6	0.6	0.1	0.3	0.9
"dominula"	80	49	99	1	17.8	0.8	0.8	0	0.4	1.7
"dominula"	80	50	101	1	22.4	0.9	0.9	0	0.5	2.9
"dominula"	80	51	8	1	3.6	0.8	0.8	0	0.7	3.3
"dominula"	80	52	59	1	16.4	0.6	0.6	0	0.6	2.7
"dominula"	80	53	52	1	14.7	0.8	0.8	0	0.5	2.7
"dominula"	80	54	65	1	20.6	0.7	0.7	0	0.5	2.2
"dominula"	80	55	42	1	12.4	0.7	0.7	0.1	0.3	2
"dominula"	80	56	14	1	5.1	0.6	0.6	0	0.6	3.2
"dominula"	80	57	22	1	6.3	0.7	0.7	0	0.7	3.7
"dominula"	80	58	204	1	29.2	0.7	0.7	0	0.6	2.6
"dominula"	80	59	59	1	17.5	0.8	0.8	0	0.5	2.9
"dominula"	80	60	91	1	19.6	0.6	0.6	0	0.3	1.9
"dominula"	80	61	23	1	7.6	0.5	0.5	0	0.4	3.1
"dominula"	80	62	61	1	12.1	0.6	0.6	0	0.5	2.3
"dominula"	80	63	63	1	18.2	0.7	0.7	0	0.6	4
"dominula"	80	64	43	1	10.3	0.6	0.6	0	0.5	2
"dominula"	80	65	78	1	16.7	0.7	0.7	0	0.5	2.9
"dominula"	80	66	122	1	22.1	0.8	0.8	0	0.6	3.1
"dominula"	80	67	114	1	20.7	0.8	0.8	0	0.8	3.1
"dominula"	80	68	99	1	23.1	0.7	0.7	0	0.4	2
"dominula"	80	69	46	1	18.3	0.7	0.7	0	0.7	3.3
"dominula"	80	70	121	1	30.8	0.6	0.6	0	0.4	1.8
"dominula"	80	71	146	1	19.1	0.7	0.7	0.1	0.6	3.2
"dominula"	80	72	73	2	21.9	0.8	0.8	0	0.7	4.2
"dominula"	80	73	76	1	16.3	0.8	0.8	0.1	0.7	4.9
"dominula"	80	74	80	1	15.5	0.8	0.8	0	0.6	3.2
"dominula"	80	75	124	1	17.8	0.7	0.7	0	0.6	4.3
"dominula"	80	76	47	1	18	0.5	0.5	0	0.3	2.6
"dominula"	80	77	68	1	12.1	0.8	0.8	0.1	0.7	4.6
"dominula"	80	78	42	1	14.1	0.6	0.6	0	0.6	3.6
"dominula"	80	79	37	1	10.1	0.6	0.6	0	0.5	2.6
"dominula"	80	80	31	1	9.3	0.6	0.6	0	0.4	3.1
"dominula"	90	1	144	1	30	0.6	0.6	0	0	0.2
"dominula"	90	2	140	1	41.5	0.7	0.7	0	0	0.4
"dominula"	90	3	114	1	28.2	0.6	0.6	0	0.3	0.5
"dominula"	90	4	70	1	32.7	0.6	0.6	0	0.1	0.4
"dominula"	90	5	21	1	7.8	0.4	0.4	0	0.1	0.1
"dominula"	90	6	72	1	29.9	0.6	0.6	0	0.3	0.6
"dominula"	90	7	110	2	39.7	0.6	0.6	0	0.2	0.4
"dominula"	90	8	78	1	21.1	0.4	0.4	0	0.4	0.4
"dominula"	90	9	131	1	37.5	0.4	0.4	0.1	0.3	0.5
"dominula"	90	10	159	1	29.2	0.5	0.5	0	0.3	0.7
"dominula"	90	11	133	1	35.1	0.6	0.6	0.1	0.1	0.5
"dominula"	90	12	37	1	11.5	0.5	0.5	0	0.3	0.6
"dominula"	90	13	52	1	21.9	0.4	0.4	0	0.1	0.4
"dominula"	90	14	90	1	32.3	0.7	0.7	0.1	0.2	0.6
"dominula"	90	15	153	1	34.8	0.3	0.3	0	0.2	0.7
"dominula"	90	16	110	1	38	0.6	0.6	0	0.1	0.3
"dominula"	90	17	132	1	28.6	0.5	0.5	0	0.4	1.2
"dominula"	90	18	87	1	28.1	0.4	0.4	0	0.1	0
"dominula"	90	19	100	1	30.2	0.5	0.5	0.1	0.2	0.5
"dominula"	90	20	54	1	18.4	0.4	0.4	0	0.1	0.2
"dominula"	90	21	121	1	32.3	0.3	0.3	0	0.3	0.3
"dominula"	90	22	81	1	23.9	0.6	0.6	0.1	0.2	0.8
"dominula"	90	23	25	1	8.6	0.5	0.5	0	0.3	1
"dominula"	90	24	54	1	12.6	0.4	0.4	0	0.3	0.6
"dominula"	90	25	56	1	19.9	0.4	0.4	0	0.2	0.1
"dominula"	90	26	62	1	31.5	0.5	0.5	0	0.3	1.2
"dominula"	90	27	99	1	25.5	0.4	0.4	0	0.3	1
"dominula"	90	28	54	1	17	0.5	0.5	0	0.4	1.9
"dominula"	90	29	250	1	50.8	0.6	0.6	0	0.1	0.3
"dominula"	90	30	38	1	15.4	0.3	0.3	0	0.3	0.6
"dominula"	90	31	63	1	18.7	0.4	0.4	0.1	0.2	0.5
"dominula"	90	32	205	1	44.5	0.6	0.6	0	0.2	1.6
"dominula"	90	33	61	1	21.4	0.5	0.5	0.1	0.4	1.1
"dominula"	90	34	267	1	39.8	0.5	0.5	0	0.4	1.6
"dominula"	90	35	105	1	35.6	0.5	0.5	0	0.4	1.1
"dominula"	90	36	91	1	31.9	0.4	0.4	0	0.4	1.5
"dominula"	90	37	47	1	13.3	0.6	0.6	0	0.5	1.8
"dominula"	90	38	135	2	40.8	0.5	0.5	0	0.3	0.5
"dominula"	90	39	93	1	28.9	0.4	0.4	0	0.4	1.6
"dominula"	90	40	57	1	19	0.6	0.6	0	0.6	2.3
"dominula"	90	41	54	1	16.9	0.7	0.7	0	0.4	2.6
"dominula"	90	42	124	1	36.7	0.5	0.5	0	0.4	1.4
"dominula"	90	43	100	1	20.8	0.5	0.5	0.1	0.3	1.6
"dominula"	90	44	58	1	27.3	0.4	0.4	0	0.3	1.3
"dominula"	90	45	33	1	16	0.6	0.6	0	0.5	2.7
"dominula"	90	46	175	1	33.9	0.6	0.6	0	0.4	2.6
"dominula"	90	47	51	1	15.2	0.5	0.5	0	0.3	1.6
"dominula"	90	48	39	1	11.1	0.5	0.5	0	0.2	0.4
"dominula"	90	49	89	1	19.3	0.5	0.5	0	0.2	0.3
"dominula"	90	50	67	1	21	0.7	0.7	0	0.6	3.2
"dominula"	90	51	96	1	21.2	0.5	0.5	0	0.4	1.6
"dominula"	90	52	52	1	21.1	0.5	0.5	0.1	0.3	1.6
"dominula"	90	53	135	1	33.6	0.4	0.4	0	0.4	1.6
"dominula"	90	54	98	1	29.3	0.5	0.5	0	0.5	1.4
"dominula"	90	55	109	1	23.8	0.5	0.5	0	0.3	1.1
"dominula"	90	56	148	1	37.5	0.4	0.4	0	0.3	1.7
"dominula"	90	57	146	1	31.1	0.6	0.6	0	0.5	2.4
"dominula"	90	58	99	1	22.3	0.5	0.5	0	0.3	2.2
"dominula"	90	59	56	1	16.4	0.6	0.6	0	0.5	2.8
"dominula"	90	60	55	1	17.2	0.4	0.4	0	0.3	1.9
"dominula"	90	61	27	1	10.5	0.4	0.4	0	0.4	2.1
"dominula"	90	62	201	1	40.7	0.6	0.6	0	0.6	3.6
"dominula"	90	63	59	1	18	0.3	0.3	0.1	0.2	0.9
"dominula"	90	64	44	1	20.4	0.4	0.4	0	0.3	1.8
"dominula"	90	65	144	1	33	0.5	0.5	0	0.4	1.4
"dominula"	90	66	68	2	16.3	0.4	0.4	0	0.4	1.7
"dominula"	90	67	58	1	23.6	0.5	0.5	0	0.4	2.2
"dominula"	90	68	98	1	31.9	0.6	0.6	0	0.4	1.4
"dominula"	90	69	67	1	28.4	0.6	0.6	0	0.4	2.6
"dominula"	90	70	95	1	33.7	0.4	0.4	0	0.2	0.8
"dominula"	90	71	80	1	20.5	0.3	0.3	0	0.2	2.1
"dominula"	90	72	55	1	19.4	0.5	0.5	0	0.4	2.4
"dominula"	90	73	62	1	25	0.6	0.6	0	0.5	2.7
"dominula"	90	74	134	1	19	0.3	0.3	0	0.3	3.6
"dominula"	90	75	60	2	20.2	0.4	0.4	0	0.4	2.5
"dominula"	90	76	61	1	21.7	0.4	0.4	0	0.3	1.5
"dominula"	90	77	48	1	16.7	0.5	0.5	0	0.4	2.5
"dominula"	90	78	115	1	32.9	0.4	0.4	0	0.3	2.9
"dominula"	90	79	188	2	36.1	0.5	0.5	0	0.3	1.4
"dominula"	90	80	93	2	26.4	0.5	0.5	0	0.4	1.7
"dominula"	90	81	90	1	27.5	0.4	0.4	0	0.3	2.3
"dominula"	90	82	69	1	20.3	0.5	0.5	0.1	0.4	1.3
"dominula"	90	83	67	1	26.3	0.5	0.5	0	0.4	1.1
"dominula"	90	84	113	1	23.2	0.4	0.4	0	0.4	3.6
"dominula"	90	85	109	1	30.2	0.4	0.4	0	0.4	0.8
"dominula"	90	86	116	1	38.1	0.5	0.5	0	0.3	2.2
"dominula"	90	87	90	1	22.8	0.6	0.6	0	0.5	1.8
"dominula"	90	88	99	1	23.1	0.5	0.5	0	0.4	2.7
"dominula"	90	89	145	1	26.3	0.5	0.5	0	0.3	2.4
"dominula"	90	90	95	1	23	0.6	0.6	0	0.3	2.5
"dominula"	100	1	66	1	13.4	0.6	0.6	0	0	0.2
"dominula"	100	2	90	1	22.1	0.6	0.6	0	0	0.2
"dominula"	100	3	35	1	10.7	0.6	0.6	0	0.2	0.4
"dominula"	100	4	53	1	12.1	0.6	0.6	0	0.1	0.3
"dominula"	100	5	46	1	9.1	0.6	0.6	0.1	0.1	0.3
"dominula"	100	6	149	1	26.5	0.6	0.6	0	0.3	0.6
"dominula"	100	7	72	1	14.3	0.6	0.6	0	0.3	0.6
"dominula"	100	8	79	1	13.4	0.8	0.8	0.1	0.4	1.1
"dominula"	100	9	31	1	6.7	0.6	0.6	0	0.4	0.8
"dominula"	100	10	94	1	19.5	0.7	0.7	0	0.4	1
"dominula"	100	11	86	1	13.5	0.7	0.7	0	0.4	1.4
"dominula"	100	12	57	1	14.4	0.7	0.7	0	0.4	1.3
"dominula"	100	13	50	1	11.6	0.6	0.6	0	0.5	1.1
"dominula"	100	14	56	1	14.2	0.7	0.7	0	0.4	1.5
"dominula"	100	15	102	1	19.9	0.6	0.6	0	0.4	0.7
"dominula"	100	16	42	1	8.6	0.7	0.7	0	0.4	1
"dominula"	100	17	49	1	12	0.7	0.7	0	0.4	1.1
"dominula"	100	18	61	1	14	0.7	0.7	0	0.4	1.6
"dominula"	100	19	44	1	9	0.6	0.6	0	0.4	1.4
"dominula"	100	20	27	1	9.3	0.8	0.8	0	0.5	1.2
"dominula"	100	21	92	1	23.4	0.5	0.5	0	0.4	1.4
"dominula"	100	22	83	1	14.4	0.7	0.7	0	0.4	1.7
"dominula"	100	23	221	1	39.9	0.7	0.7	0	0.5	2.1
"dominula"	100	24	121	1	29.4	0.7	0.7	0	0.6	2.3
"dominula"	100	25	190	1	26.1	0.7	0.7	0	0.5	2.3
"dominula"	100	26	64	1	15.7	0.6	0.6	0	0.5	2
"dominula"	100	27	58	1	15.3	0.6	0.6	0	0.5	1.9
"dominula"	100	28	39	1	10.6	0.8	0.8	0	0.4	1.8
"dominula"	100	29	65	1	20.3	0.8	0.8	0	0.4	2.6
"dominula"	100	30	58	1	12.5	0.6	0.6	0	0.6	2.7
"dominula"	100	31	89	1	22	0.8	0.8	0	0.5	2.9
"dominula"	100	32	93	1	13.4	0.6	0.6	0	0.5	2.1
"dominula"	100	33	66	1	17.9	0.8	0.8	0	0.5	2.4
"dominula"	100	34	83	1	16	0.7	0.7	0	0.7	3.6
"dominula"	100	35	39	1	9.5	0.6	0.6	0	0.5	2.4
"dominula"	100	36	34	1	11.8	0.6	0.6	0	0.6	3
"dominula"	100	37	40	1	9.6	0.7	0.7	0	0.6	4
"dominula"	100	38	189	1	38.6	0.6	0.6	0	0.5	2.4
"dominula"	100	39	78	1	19.6	0.7	0.7	0	0.7	2.2
"dominula"	100	40	90	1	19.7	0.7	0.7	0	0.6	4.2
"dominula"	100	41	121	1	22	0.7	0.7	0	0.4	1.8
"dominula"	100	42	15	1	4.9	0.6	0.6	0	0.6	3.2
"dominula"	100	43	189	1	38.2	0.8	0.8	0	0.7	4.4
"dominula"	100	44	103	2	21.5	0.7	0.7	0	0.3	2.3
"dominula"	100	45	122	1	17.8	0.7	0.7	0	0.7	2.3
"dominula"	100	46	46	1	14.9	0.7	0.7	0	0.5	3.2
"dominula"	100	47	57	1	13.1	0.6	0.6	0	0.3	2.6
"dominula"	100	48	61	1	12.7	0.6	0.6	0.2	0.4	1.3
"dominula"	100	49	36	1	11.1	0.7	0.7	0	0.6	3
"dominula"	100	50	37	1	7.3	0.6	0.6	0	0.6	3.3
"dominula"	100	51	191	1	35	0.6	0.6	0	0.5	3
"dominula"	100	52	20	1	6.9	0.6	0.6	0	0.4	2.5
"dominula"	100	53	55	1	11.4	0.6	0.6	0	0.3	1.8
"dominula"	100	54	81	1	15.6	0.7	0.7	0	0.4	2.1
"dominula"	100	55	173	1	30.3	0.7	0.7	0	0.5	2.5
"dominula"	100	56	71	1	16.5	0.6	0.6	0	0.5	2.8
"dominula"	100	57	162	1	34	0.5	0.5	0	0.4	2.1
"dominula"	100	58	88	1	26.8	0.6	0.6	0	0.3	2
"dominula"	100	59	181	1	36.9	0.7	0.7	0	0.4	1.9
"dominula"	100	60	34	1	9.8	0.7	0.7	0	0.4	1.8
"dominula"	100	61	54	1	9	0.7	0.7	0.1	0.4	2.5
"dominula"	100	62	81	1	13	0.7	0.7	0	0.6	2.9
"dominula"	100	63	185	1	34.5	0.8	0.8	0	0.6	3.7
"dominula"	100	64	23	1	5.4	0.6	0.6	0	0.4	1.7
"dominula"	100	65	88	1	25	0.7	0.7	0	0.6	2.6
"dominula"	100	66	52	1	14.9	0.6	0.6	0	0.6	3.1
"dominula"	100	67	124	1	25.3	0.7	0.7	0	0.5	3.4
"dominula"	100	68	210	1	28.3	0.6	0.6	0	0.6	4.7
"dominula"	100	69	88	1	15.5	0.6	0.6	0	0.6	4
"dominula"	100	70	115	1	18	0.5	0.5	0	0.5	4
"dominula"	100	71	41	1	12.6	0.6	0.6	0	0.5	3.5
"dominula"	100	72	47	1	8.3	0.7	0.7	0	0.5	2.6
"dominula"	100	73	83	1	15.6	0.6	0.6	0	0.5	3.7
"dominula"	100	74	97	1	29	0.8	0.8	0	0.5	2.4
"dominula"	100	75	105	1	21	0.7	0.7	0	0.5	3.4
"dominula"	100	76	338	2	47.7	0.5	0.5	0	0.4	3.5
"dominula"	100	77	70	1	16.4	0.6	0.6	0	0.5	3.4
"dominula"	100	78	41	2	13.7	0.6	0.6	0	0.4	1.2
"dominula"	100	79	99	2	20	0.7	0.7	0.1	0.5	1.3
"dominula"	100	80	24	1	7.8	0.6	0.6	0.1	0.5	3.8
"dominula"	100	81	56	1	14.6	0.6	0.6	0	0.6	2.5
"dominula"	100	82	94	1	16.7	0.5	0.5	0	0.5	3.5
"dominula"	100	83	193	1	27.8	0.5	0.5	0	0.4	3.1
"dominula"	100	84	44	1	7.5	0.6	0.6	0	0.6	2.6
"dominula"	100	85	51	1	13.6	0.7	0.7	0	0.6	3.5
"dominula"	100	86	39	1	12.7	0.5	0.5	0	0.3	2.4
"dominula"	100	87	102	1	22.6	0.8	0.8	0	0.7	4.6
"dominula"	100	88	41	1	12.2	0.7	0.7	0	0.5	4.5
"dominula"	100	89	99	1	24.3	0.6	0.6	0	0.5	4.6
"dominula"	100	90	50	1	13.9	0.6	0.6	0	0.5	3.6
"dominula"	100	91	36	1	9.9	0.6	0.6	0	0.4	2.7
"dominula"	100	92	148	2	23.8	0.6	0.6	0.1	0.4	2.6
"dominula"	100	93	89	1	19.6	0.8	0.8	0	0.4	2.8
"dominula"	100	94	35	1	9.3	0.7	0.7	0	0.7	5
"dominula"	100	95	119	2	24.3	0.6	0.6	0	0.5	3.4
"dominula"	100	96	22	1	7.1	0.7	0.7	0	0.6	4.2
"dominula"	100	97	51	1	13.7	0.7	0.7	0	0.4	2.3
"dominula"	100	98	131	1	20.7	0.6	0.6	0	0.4	3.6
"dominula"	100	99	26	1	7.5	0.6	0.6	0	0.5	2.6
"dominula"	100	100	304	1	46.4	0.5	0.5	0	0.4	2.1
"dominula"	110	1	53	1	15.7	0.6	0.6	0	0	0.2
"dominula"	110	2	105	1	32.3	0.7	0.7	0	0	0.4
"dominula"	110	3	272	1	48.7	0.6	0.6	0	0.2	0.4
"dominula"	110	4	42	1	12.1	0.6	0.6	0	0.1	0.4
"dominula"	110	5	92	1	24.3	0.5	0.5	0	0	0
"dominula"	110	6	59	1	18.2	0.5	0.5	0	0.1	0.1
"dominula"	110	7	213	1	51	0.5	0.5	0	0.1	0.1
"dominula"	110	8	61	1	12	0.6	0.6	0.1	0.2	0.4
"dominula"	110	9	150	1	33.2	0.7	0.7	0	0.3	0.7
"dominula"	110	10	77	1	22.3	0.6	0.6	0	0.1	0.4
"dominula"	110	11	135	1	21	0.6	0.6	0.1	0.3	0.6
"dominula"	110	12	49	1	9.9	0.5	0.5	0	0.3	0.3
"dominula"	110	13	185	1	41.8	0.5	0.5	0	0.5	0.7
"dominula"	110	14	56	1	18.5	0.6	0.6	0	0.4	0.9
"dominula"	110	15	76	1	14	0.6	0.6	0	0.5	1.1
"dominula"	110	16	80	1	24.9	0.6	0.6	0	0.5	1
"dominula"	110	17	28	1	11.1	0.6	0.6	0	0.5	1
"dominula"	110	18	129	1	37.5	0.5	0.5	0	0.4	1.1
"dominula"	110	19	64	1	17.1	0.5	0.5	0	0.4	1.2
"dominula"	110	20	95	1	23.9	0.6	0.6	0	0.4	1.4
"dominula"	110	21	41	1	10.6	0.6	0.6	0	0.4	1
"dominula"	110	22	76	1	23.6	0.5	0.5	0	0.4	0.8
"dominula"	110	23	153	1	33.6	0.6	0.6	0	0.6	1.8
"dominula"	110	24	203	1	37.9	0.5	0.5	0.1	0.1	0.4
"dominula"	110	25	27	1	8.5	0.4	0.4	0	0.3	1
"dominula"	110	26	153	1	26.4	0.5	0.5	0	0.4	1.5
"dominula"	110	27	89	1	21.3	0.6	0.6	0	0.6	2.7
"dominula"	110	28	308	1	56.4	0.5	0.5	0	0.4	0.9
"dominula"	110	29	37	1	11.6	0.7	0.7	0	0.6	2.7
"dominula"	110	30	44	1	7.3	0.4	0.4	0	0.4	1.5
"dominula"	110	31	119	1	22.6	0.6	0.6	0	0.5	1.9
"dominula"	110	32	168	1	28.3	0.5	0.5	0.1	0.4	2.1
"dominula"	110	33	40	1	11.9	0.6	0.6	0	0.5	2.1
"dominula"	110	34	51	1	16.5	0.6	0.6	0	0.4	2.5
"dominula"	110	35	47	1	11.5	0.5	0.5	0	0.3	1.3
"dominula"	110	36	164	1	27.4	0.6	0.6	0	0.4	2.2
"dominula"	110	37	160	1	43.4	0.6	0.6	0	0.4	1.1
"dominula"	110	38	57	1	19.9	0.5	0.5	0	0.5	2.4
"dominula"	110	39	99	1	24.1	0.6	0.6	0	0.5	1.2
"dominula"	110	40	81	1	16	0.4	0.4	0	0.3	0.8
"dominula"	110	41	161	1	31.3	0.6	0.6	0	0.3	2.2
"dominula"	110	42	408	1	59.8	0.5	0.5	0	0.3	1.5
"dominula"	110	43	80	1	19.2	0.6	0.6	0	0.6	1.6
"dominula"	110	44	123	1	29.8	0.6	0.6	0	0.5	1.3
"dominula"	110	45	51	2	13.6	0.5	0.5	0	0.1	0.6
"dominula"	110	46	127	1	29.9	0.5	0.5	0	0.4	1.9
"dominula"	110	47	133	1	39.2	0.6	0.6	0	0.5	1.9
"dominula"	110	48	90	1	22.8	0.6	0.6	0	0.5	1.7
"dominula"	110	49	134	1	21.6	0.5	0.5	0	0.4	2.5
"dominula"	110	50	90	1	17.1	0.5	0.5	0	0.5	1.9
"dominula"	110	51	31	1	8.9	0.3	0.3	0	0.3	0.8
"dominula"	110	52	223	2	37.5	0.5	0.5	0	0.3	0.9
"dominula"	110	53	76	1	12.2	0.5	0.5	0	0.3	1
"dominula"	110	54	63	1	23.6	0.6	0.6	0	0.5	2.5
"dominula"	110	55	26	1	7.4	0.6	0.6	0	0.6	2.5
"dominula"	110	56	94	1	30.5	0.4	0.4	0.1	0.3	1.4
"dominula"	110	57	225	1	41.4	0.6	0.6	0	0.4	1.8
"dominula"	110	58	32	1	11	0.5	0.5	0	0.4	2.3
"dominula"	110	59	122	2	22	0.6	0.6	0	0.5	2.1
"dominula"	110	60	129	1	22.9	0.5	0.5	0	0.4	1.1
"dominula"	110	61	109	1	22.9	0.6	0.6	0	0.4	2
"dominula"	110	62	249	1	35	0.5	0.5	0	0.3	1.2
"dominula"	110	63	209	1	47.7	0.5	0.5	0	0.4	1.5
"dominula"	110	64	42	1	15	0.6	0.6	0	0.4	2.3
"dominula"	110	65	86	1	20.2	0.6	0.6	0	0.5	1.9
"dominula"	110	66	205	1	40.6	0.6	0.6	0	0.6	2.4
"dominula"	110	67	278	1	44.4	0.6	0.6	0	0.6	3.7
"dominula"	110	68	153	1	27.9	0.6	0.6	0	0.6	3.4
"dominula"	110	69	61	1	17.1	0.6	0.6	0	0.5	2
"dominula"	110	70	213	1	44.6	0.6	0.6	0	0.6	3.8
"dominula"	110	71	72	1	20.4	0.5	0.5	0	0.2	1.2
"dominula"	110	72	89	1	28.1	0.6	0.6	0	0.5	3.3
"dominula"	110	73	150	1	42.4	0.5	0.5	0	0.5	2.4
"dominula"	110	74	52	1	12.6	0.4	0.4	0	0.3	1.2
"dominula"	110	75	90	1	27.8	0.6	0.6	0	0.6	2.3
"dominula"	110	76	129	1	22.8	0.6	0.6	0	0.5	3.2
"dominula"	110	77	201	1	45.4	0.5	0.5	0	0.4	2.4
"dominula"	110	78	126	1	23.8	0.4	0.4	0	0.3	1.1
"dominula"	110	79	81	1	19.6	0.3	0.3	0	0.3	0.7
"dominula"	110	80	160	1	29.9	0.5	0.5	0	0.4	2.1
"dominula"	110	81	166	2	26.8	0.4	0.4	0	0.4	0.9
"dominula"	110	82	88	1	24.6	0.5	0.5	0	0.2	1.4
"dominula"	110	83	53	2	15.3	0.6	0.6	0	0.5	3.3
"dominula"	110	84	90	1	29.6	0.5	0.5	0	0.4	1.8
"dominula"	110	85	192	1	49.2	0.5	0.5	0	0.5	2.3
"dominula"	110	86	60	1	15.3	0.6	0.6	0	0.6	3.7
"dominula"	110	87	227	1	49.2	0.5	0.5	0	0.5	3.6
"dominula"	110	88	49	1	13.5	0.6	0.6	0.1	0.5	2.3
"dominula"	110	89	48	1	14.5	0.6	0.6	0	0.5	4.2
"dominula"	110	90	27	1	8.9	0.5	0.5	0	0.5	3.5
"dominula"	110	91	95	1	22.3	0.6	0.6	0	0.5	4.6
"dominula"	110	92	140	1	30.6	0.4	0.4	0	0.3	2.6
"dominula"	110	93	196	1	51.4	0.5	0.5	0	0.5	3.1
"dominula"	110	94	42	2	18.3	0.5	0.5	0.1	0.4	2.6
"dominula"	110	95	95	1	27.1	0.5	0.5	0.1	0.4	2.9
"dominula"	110	96	96	1	26.6	0.6	0.6	0	0.6	4.7
"dominula"	110	97	69	1	22.1	0.6	0.6	0	0.5	3.4
"dominula"	110	98	23	1	6.6	0.5	0.5	0	0.3	2
"dominula"	110	99	79	2	20.9	0.5	0.5	0	0.5	1.8
"dominula"	110	100	108	1	31.7	0.5	0.5	0	0.4	1.4
"dominula"	110	101	125	2	30.6	0.7	0.7	0	0.5	2.6
"dominula"	110	102	125	2	27.8	0.2	0.2	0	0.2	2.4
"dominula"	110	103	281	1	42	0.6	0.6	0	0.6	4.9
"dominula"	110	104	96	1	32	0.4	0.4	0	0.3	1.8
"dominula"	110	105	165	2	37.9	0.5	0.5	0	0.4	3.3
"dominula"	110	106	82	1	30.8	0.6	0.6	0	0.5	4
"dominula"	110	107	124	2	22.4	0.6	0.6	0	0.6	2.3
"dominula"	110	108	91	2	22.2	0.6	0.6	0.1	0.4	2.4
"dominula"	110	109	44	1	13.3	0.6	0.6	0	0.4	3.4
"dominula"	110	110	76	2	21.1	0.7	0.7	0	0.6	5.1
"dominula"	120	1	44	1	16.1	0.6	0.6	0	0	0.2
"dominula"	120	2	91	1	26.4	0.4	0.4	0	0	-0.2
"dominula"	120	3	62	1	17.6	0.5	0.5	0	0	0
"dominula"	120	4	26	1	8.7	0.5	0.5	0	0.1	0.1
"dominula"	120	5	50	1	24.8	0.7	0.7	0	0.2	0.6
"dominula"	120	6	61	1	12.9	0.5	0.5	0	0.2	0.2
"dominula"	120	7	67	1	18.1	0.5	0.5	0	0	0
"dominula"	120	8	66	1	18.1	0.6	0.6	0	0.2	0.5
"dominula"	120	9	123	1	29	0.6	0.6	0	0	0.2
"dominula"	120	10	74	1	20.7	0.4	0.4	0	0.2	0.3
"dominula"	120	11	94	1	28.1	0.6	0.6	0	0.1	0.3
"dominula"	120	12	59	1	14.3	0.6	0.6	0	0.3	0.8
"dominula"	120	13	32	1	7.8	0.4	0.4	0.1	0.3	0.3
"dominula"	120	14	27	1	8.9	0.5	0.5	0	0.3	0.7
"dominula"	120	15	70	1	14.7	0.5	0.5	0	0.3	0.8
"dominula"	120	16	53	1	17.5	0.6	0.6	0.1	0.3	0.8
"dominula"	120	17	69	1	14.6	0.6	0.6	0	0.3	1.3
"dominula"	120	18	45	1	19.1	0.4	0.4	0.1	0.2	0.7
"dominula"	120	19	74	1	13.6	0.5	0.5	0.2	0.1	0.3
"dominula"	120	20	55	1	16.2	0.6	0.6	0	0.3	0.5
"dominula"	120	21	73	1	15.3	0.3	0.3	0	0.2	0.1
"dominula"	120	22	104	1	29.9	0.6	0.6	0	0.3	1.3
"dominula"	120	23	95	1	19	0.5	0.5	0	0.2	0.7
"dominula"	120	24	56	1	16.6	0.6	0.6	0	0.4	1.4
"dominula"	120	25	172	1	25.6	0.5	0.5	0	0.3	0.8
"dominula"	120	26	133	1	36.2	0.6	0.6	0.1	0.3	1.1
"dominula"	120	27	85	1	24.2	0.7	0.7	0	0.6	1.8
"dominula"	120	28	54	1	24.7	0.6	0.6	0	0.3	1
"dominula"	120	29	50	1	16.9	0.6	0.6	0	0.3	0.8
"dominula"	120	30	66	1	16.7	0.5	0.5	0	0.3	1.2
"dominula"	120	31	166	1	37.6	0.8	0.8	0.1	0.5	2.3
"dominula"	120	32	156	1	26.6	0.6	0.6	0	0.4	1.1
"dominula"	120	33	54	1	12.3	0.6	0.6	0	0.4	1.4
"dominula"	120	34	81	1	28	0.5	0.5	0	0.2	0.9
"dominula"	120	35	60	1	19.2	0.5	0.5	0	0.5	2.4
"dominula"	120	36	77	1	21	0.6	0.6	0	0.6	2.6
"dominula"	120	37	207	1	45.8	0.6	0.6	0	0.5	1.3
"dominula"	120	38	101	1	28.6	0.6	0.6	0	0.4	2.1
"dominula"	120	39	80	1	17	0.6	0.6	0	0.4	1.8
"dominula"	120	40	134	1	36.9	0.6	0.6	0	0.4	1.1
"dominula"	120	41	36	1	12.5	0.7	0.7	0	0.5	1.7
"dominula"	120	42	106	1	32.5	0.6	0.6	0	0.4	1.5
"dominula"	120	43	38	1	12.4	0.5	0.5	0	0.2	0.9
"dominula"	120	44	77	1	17.5	0.5	0.5	0	0.4	1.6
"dominula"	120	45	38	1	9.7	0.5	0.5	0	0.3	2.3
"dominula"	120	46	92	1	22.8	0.4	0.4	0	0.3	1
"dominula"	120	47	49	1	14.6	0.5	0.5	0	0.4	0.9
"dominula"	120	48	105	1	31.9	0.7	0.7	0	0.6	1.8
"dominula"	120	49	131	1	34.1	0.6	0.6	0	0.3	1.8
"dominula"	120	50	168	1	31	0.7	0.7	0	0.5	2
"dominula"	120	51	80	1	23.1	0.3	0.3	0	0.2	1.3
"dominula"	120	52	98	1	23.1	0.5	0.5	0	0.5	1.8
"dominula"	120	53	60	1	21.1	0.7	0.7	0	0.4	2.9
"dominula"	120	54	65	1	20.7	0.6	0.6	0.1	0.4	2.6
"dominula"	120	55	100	1	26.5	0.7	0.7	0	0.3	2.7
"dominula"	120	56	105	1	22.2	0.6	0.6	0	0.6	2.1
"dominula"	120	57	54	1	17.4	0.5	0.5	0	0.5	2.4
"dominula"	120	58	94	1	19.5	0.4	0.4	0	0.3	1.4
"dominula"	120	59	83	1	27.9	0.6	0.6	0	0.5	2.5
"dominula"	120	60	50	3	19.9	0.5	0.5	0	0.3	1.4
"dominula"	120	61	82	1	22.3	0.4	0.4	0	0.3	1.4
"dominula"	120	62	83	1	18.8	0.6	0.6	0	0.5	3.6
"dominula"	120	63	107	1	33.7	0.6	0.6	0	0.3	1.4
"dominula"	120	64	116	1	36.2	0.8	0.8	0	0.4	2.8
"dominula"	120	65	158	1	28.5	0.4	0.4	0	0.4	1.7
"dominula"	120	66	63	1	20.3	0.5	0.5	0	0.3	1.5
"dominula"	120	67	67	1	19.5	0.5	0.5	0.1	0.2	1
"dominula"	120	68	158	1	21	0.5	0.5	0	0.4	2
"dominula"	120	69	66	2	17.2	0.5	0.5	0	0.2	1
"dominula"	120	70	36	1	10.5	0.5	0.5	0	0.4	2.5
"dominula"	120	71	116	1	28	0.5	0.5	0	0.5	2
"dominula"	120	72	121	1	28.4	0.4	0.4	0	0.4	1.3
"dominula"	120	73	51	1	15.8	0.5	0.5	0	0.4	2.2
"dominula"	120	74	74	2	20	0.6	0.6	0	0.5	0.9
"dominula"	120	75	95	2	24.9	0.4	0.4	0	0.2	0.1
"dominula"	120	76	212	1	31.2	0.4	0.4	0	0.3	1.6
"dominula"	120	77	110	1	31.3	0.6	0.6	0.1	0.2	2.2
"dominula"	120	78	222	1	37.5	0.5	0.5	0	0.5	2.6
"dominula"	120	79	161	1	35.9	0.4	0.4	0.1	0.3	2.6
"dominula"	120	80	82	1	19.8	0.5	0.5	0	0.5	2.8
"dominula"	120	81	72	2	16.3	0.6	0.6	0	0.5	3.6
"dominula"	120	82	122	1	26.9	0.5	0.5	0	0.5	3.3
"dominula"	120	83	90	1	22.6	0.7	0.7	0	0.5	3.7
"dominula"	120	84	40	1	13.5	0.6	0.6	0	0.5	2.5
"dominula"	120	85	66	1	25.3	0.7	0.7	0	0.5	2.1
"dominula"	120	86	67	1	24.4	0.6	0.6	0	0.4	3
"dominula"	120	87	51	2	18.3	0.8	0.8	0	0.6	2.7
"dominula"	120	88	125	1	32.7	0.5	0.5	0	0.4	1.7
"dominula"	120	89	67	2	19.9	0.4	0.4	0	0.4	2.8
"dominula"	120	90	26	1	9.7	0.6	0.6	0.1	0.5	2.1
"dominula"	120	91	123	1	30.2	0.6	0.6	0.1	0.5	1.6
"dominula"	120	92	69	1	22.9	0.4	0.4	0	0.4	1.9
"dominula"	120	93	131	2	32.9	0.7	0.7	0	0.4	1.3
"dominula"	120	94	57	1	15.6	0.6	0.6	0	0.6	3.1
"dominula"	120	95	132	1	27.5	0.6	0.6	0	0.4	1.9
"dominula"	120	96	110	1	30.5	0.7	0.7	0	0.5	3.8
"dominula"	120	97	48	2	20	0.4	0.4	0	0.3	1
"dominula"	120	98	133	1	43.8	0.4	0.4	0	0.2	1.7
"dominula"	120	99	106	2	33.5	0.5	0.5	0	0.3	2.1
"dominula"	120	100	78	2	27.8	0.6	0.6	0	0.6	2.7
"dominula"	120	101	78	1	19.6	0.5	0.5	0	0.4	2.2
"dominula"	120	102	193	2	45.5	0.6	0.6	0	0.4	1.9
"dominula"	120	103	41	1	13.4	0.6	0.6	0	0.4	2.6
"dominula"	120	104	49	1	10.1	0.6	0.6	0	0.5	3.3
"dominula"	120	105	158	1	26.8	0.6	0.6	0	0.5	3
"dominula"	120	106	55	2	23.5	0.5	0.5	0	0.4	1.5
"dominula"	120	107	100	2	24.4	0.5	0.5	0	0.4	1.4
"dominula"	120	108	71	1	19	0.6	0.6	0	0.5	4.6
"dominula"	120	109	75	2	18.9	0.5	0.5	0	0.5	2.3
"dominula"	120	110	58	1	20.2	0.7	0.7	0	0.5	2.9
"dominula"	120	111	74	2	18.8	0.6	0.6	0.1	0.4	1.7
"dominula"	120	112	58	1	14.6	0.5	0.5	0	0.5	3.7
"dominula"	120	113	53	1	19.7	0.5	0.5	0	0.4	1.7
"dominula"	120	114	56	1	17	0.6	0.6	0	0.6	1.8
"dominula"	120	115	56	1	19.3	0.3	0.3	0	0.3	2.4
"dominula"	120	116	115	2	36.3	0.4	0.4	0	0.3	1.7
"dominula"	120	117	98	1	22.7	0.5	0.5	0	0.5	3.5
"dominula"	120	118	29	1	8.3	0.5	0.5	0	0.3	1.8
"dominula"	120	119	50	1	17.8	0.7	0.7	0	0.6	4.1
"dominula"	120	120	131	1	26.6	0.6	0.6	0	0.3	1.5
"dominula"	130	1	31	1	9.4	0.7	0.7	0	0	0.4
"dominula"	130	2	100	1	26.7	0.5	0.5	0	0	0
"dominula"	130	3	217	1	42.9	0.5	0.5	0	0.1	0.1
"dominula"	130	4	118	1	23.1	0.4	0.4	0	0.3	0.2
"dominula"	130	5	92	1	19	0.5	0.5	0	0	0
"dominula"	130	6	178	1	35.3	0.4	0.4	0	0.3	0.2
"dominula"	130	7	119	1	25.2	0.5	0.5	0	0.2	0.3
"dominula"	130	8	42	1	12.4	0.3	0.3	0	0.2	0
"dominula"	130	9	35	1	11.7	0.3	0.3	0	0.1	-0.2
"dominula"	130	10	42	2	12.6	0.6	0.6	0	0	0.2
"dominula"	130	11	116	1	23.1	0.4	0.4	0	0.1	-0.1
"dominula"	130	12	96	2	17.5	0.3	0.3	0	0.1	-0.3
"dominula"	130	13	186	1	39.6	0.4	0.4	0	0.2	0.1
"dominula"	130	14	168	1	21.5	0.7	0.7	0.1	0.4	0.9
"dominula"	130	15	206	1	38.9	0.4	0.4	0	0.4	0.5
"dominula"	130	16	76	1	21.7	0.6	0.6	0	0.4	1.1
"dominula"	130	17	58	1	10.6	0.6	0.6	0	0.4	1.2
"dominula"	130	18	66	1	25.5	0.5	0.5	0.1	0.2	0.6
"dominula"	130	19	177	1	34.3	0.4	0.4	0	0.1	-0.1
"dominula"	130	20	205	1	42.1	0.4	0.4	0	0.2	0.5
"dominula"	130	21	135	1	25.2	0.7	0.7	0	0.4	1.4
"dominula"	130	22	95	1	29.9	0.5	0.5	0	0.4	0.9
"dominula"	130	23	213	1	44.7	0.5	0.5	0	0.3	0.8
"dominula"	130	24	144	2	45.9	0.3	0.3	0	0.1	0.3
"dominula"	130	25	143	1	40.3	0.5	0.5	0	0.5	1.1
"dominula"	130	26	115	1	26.3	0.4	0.4	0	0.3	1
"dominula"	130	27	182	1	33.1	0.6	0.6	0	0.5	2
"dominula"	130	28	70	1	25	0.4	0.4	0	0.3	0.3
"dominula"	130	29	63	1	17.6	0.5	0.5	0	0.3	1
"dominula"	130	30	93	1	18.1	0.5	0.5	0	0.3	0.7
"dominula"	130	31	132	1	37.6	0.4	0.4	0	0.2	0.5
"dominula"	130	32	112	1	25	0.2	0.2	0	0.2	-0.3
"dominula"	130	33	84	1	23.5	0.6	0.6	0.1	0.4	1.9
"dominula"	130	34	119	1	30.9	0.5	0.5	0	0.4	1.6
"dominula"	130	35	95	1	17.3	0.7	0.7	0	0.5	2.2
"dominula"	130	36	28	2	13.8	0.4	0.4	0	0.3	0.7
"dominula"	130	37	121	1	22	0.5	0.5	0	0.3	1
"dominula"	130	38	159	1	41.3	0.7	0.7	0	0.5	1.7
"dominula"	130	39	223	1	41.3	0.3	0.3	0	0.2	1.2
"dominula"	130	40	59	1	16.2	0.3	0.3	0	0.3	1.5
"dominula"	130	41	168	1	28.8	0.6	0.6	0.1	0.4	1.2
"dominula"	130	42	32	1	13.6	0.5	0.5	0	0.4	1.9
"dominula"	130	43	216	1	37.6	0.3	0.3	0	0.3	0.8
"dominula"	130	44	15	2	6.1	0.6	0.6	0	0.3	0.5
"dominula"	130	45	76	1	15.7	0.4	0.4	0	0.4	1.2
"dominula"	130	46	184	1	27.5	0.5	0.5	0	0.5	3
"dominula"	130	47	28	1	8.7	0.7	0.7	0	0.5	3.8
"dominula"	130	48	65	1	21.3	0.6	0.6	0	0.5	1.5
"dominula"	130	49	174	1	29	0.5	0.5	0	0.3	1.2
"dominula"	130	50	126	2	35.1	0.5	0.5	0	0.3	1.3
"dominula"	130	51	123	1	35.7	0.4	0.4	0.1	0.3	1.7
"dominula"	130	52	53	1	15.4	0.6	0.6	0	0.6	2.3
"dominula"	130	53	154	1	28.6	0.5	0.5	0	0.4	1.8
"dominula"	130	54	59	2	12.1	0.5	0.5	0	0.3	0.8
"dominula"	130	55	141	1	31.5	0.4	0.4	0	0.3	1.8
"dominula"	130	56	130	1	26.7	0.4	0.4	0	0.4	1.5
"dominula"	130	57	72	1	19.4	0.5	0.5	0	0.4	2.8
"dominula"	130	58	31	1	13.3	0.5	0.5	0.1	0.3	2
"dominula"	130	59	161	1	34.2	0.5	0.5	0	0.5	2.1
"dominula"	130	60	118	1	35.1	0.5	0.5	0	0.5	2.1
"dominula"	130	61	98	1	24.8	0.6	0.6	0	0.4	1.5
"dominula"	130	62	61	1	15.6	0.4	0.4	0	0.2	1.8
"dominula"	130	63	80	1	20.7	0.4	0.4	0	0.3	2.6
"dominula"	130	64	51	1	20	0.3	0.3	0	0.3	2.8
"dominula"	130	65	69	1	18.7	0.8	0.8	0	0.6	4.4
"dominula"	130	66	121	1	38.8	0.4	0.4	0	0.4	0.9
"dominula"	130	67	61	1	17.8	0.5	0.5	0	0.4	1.1
"dominula"	130	68	137	1	21.7	0.5	0.5	0	0.4	1.7
"dominula"	130	69	58	1	18.2	0.5	0.5	0	0.5	2.4
"dominula"	130	70	88	1	17.2	0.5	0.5	0	0.4	2.3
"dominula"	130	71	40	1	16.5	0.5	0.5	0	0.3	1.4
"dominula"	130	72	126	1	20.9	0.5	0.5	0	0.4	1.9
"dominula"	130	73	34	1	10.8	0.6	0.6	0	0.5	3.7
"dominula"	130	74	146	1	38.2	0.4	0.4	0	0.3	1
"dominula"	130	75	76	1	21	0.3	0.3	0	0.2	0.7
"dominula"	130	76	46	1	12.5	0.6	0.6	0	0.4	2.7
"dominula"	130	77	284	2	61	0.5	0.5	0	0.3	0.3
"dominula"	130	78	179	1	22.7	0.4	0.4	0	0.3	1.9
"dominula"	130	79	129	1	45.8	0.4	0.4	0	0.4	1.8
"dominula"	130	80	61	1	23.1	0.5	0.5	0	0.3	1.9
"dominula"	130	81	143	1	27.3	0.3	0.3	0	0.3	3.9
"dominula"	130	82	474	1	64.1	0.4	0.4	0	0.3	1.1
"dominula"	130	83	114	3	54.2	0.4	0.4	0	0.3	2.2
"dominula"	130	84	54	1	16.7	0.5	0.5	0	0.5	4.1
"dominula"	130	85	142	2	36	0.4	0.4	0	0.3	0.5
"dominula"	130	86	70	1	15.7	0.5	0.5	0	0.4	1.6
"dominula"	130	87	33	1	11.7	0.6	0.6	0	0.5	2.8
"dominula"	130	88	56	1	19.9	0.5	0.5	0	0.4	3
"dominula"	130	89	37	2	16	0.4	0.4	0	0.3	1.4
"dominula"	130	90	43	1	13	0.4	0.4	0	0.4	1.5
"dominula"	130	91	238	1	58.9	0.4	0.4	0	0.4	1.7
"dominula"	130	92	74	2	21.5	0.5	0.5	0	0.4	3.3
"dominula"	130	93	204	3	55.9	0.2	0.2	0	0.1	0.2
"dominula"	130	94	121	1	16.7	0.5	0.5	0	0.5	4.5
"dominula"	130	95	125	2	24.7	0.6	0.6	0	0.5	2.2
"dominula"	130	96	137	2	34.8	0.5	0.5	0	0.4	1.8
"dominula"	130	97	70	1	17.7	0.6	0.6	0	0.6	3.3
"dominula"	130	98	79	1	22.8	0.6	0.6	0	0.4	2.6
"dominula"	130	99	85	2	24.6	0.5	0.5	0	0.4	1.6
"dominula"	130	100	51	3	19.1	0.4	0.4	0.1	0.3	1.7
"dominula"	130	101	72	1	18.8	0.6	0.6	0	0.6	4.5
"dominula"	130	102	108	1	32.4	0.4	0.4	0	0.3	2.3
"dominula"	130	103	202	2	38.1	0.5	0.5	0	0.5	1.8
"dominula"	130	104	254	1	31.1	0.5	0.5	0	0.3	2.1
"dominula"	130	105	78	1	18.5	0.5	0.5	0	0.5	4.1
"dominula"	130	106	251	1	50.4	0.5	0.5	0	0.5	2.6
"dominula"	130	107	105	1	37.6	0.4	0.4	0	0.3	1.9
"dominula"	130	108	72	1	25	0.6	0.6	0	0.6	3.5
"dominula"	130	109	158	1	30.7	0.4	0.4	0	0.4	1.9
"dominula"	130	110	36	1	7.1	0.6	0.6	0	0.6	5.4
"dominula"	130	111	87	1	23.1	0.5	0.5	0	0.4	3.1
"dominula"	130	112	157	1	33.4	0.5	0.5	0	0.5	3.6
"dominula"	130	113	219	2	27.2	0.6	0.6	0	0.6	4.6
"dominula"	130	114	80	1	24.4	0.4	0.4	0	0.2	1.4
"dominula"	130	115	82	2	22.4	0.6	0.6	0	0.5	2.7
"dominula"	130	116	91	2	26.8	0.4	0.4	0	0.4	3.8
"dominula"	130	117	107	1	21.1	0.5	0.5	0	0.4	3
"dominula"	130	118	81	3	19	0.6	0.6	0	0.5	2.3
"dominula"	130	119	86	3	36.4	0.4	0.4	0	0.3	0.2
"dominula"	130	120	95	1	28	0.5	0.5	0	0.4	3.5
"dominula"	130	121	72	1	22.8	0.5	0.5	0	0.5	2.9
"dominula"	130	122	31	1	11.1	0.5	0.5	0	0.3	1.3
"dominula"	130	123	50	1	17.9	0.5	0.5	0	0.5	4.9
"dominula"	130	124	152	2	25.8	0.7	0.7	0.1	0.5	3.5
"dominula"	130	125	382	2	62.5	0.4	0.4	0	0.4	2.3
"dominula"	130	126	156	1	40	0.4	0.4	0	0.4	3.6
"dominula"	130	127	79	2	29	0.5	0.5	0	0.5	2.4
"dominula"	130	128	54	1	15.6	0.4	0.4	0	0.4	2
"dominula"	130	129	62	1	21.4	0.6	0.6	0	0.5	5.1
"dominula"	130	130	60	1	15.7	0.5	0.5	0	0.5	4.9
"dominula"	140	1	76	1	24.9	0.4	0.4	0	0	-0.2
"dominula"	140	2	70	1	23.1	0.5	0.5	0	0	0
"dominula"	140	3	29	1	9.9	0.5	0.5	0	0.1	0.1
"dominula"	140	4	131	1	42.9	0.3	0.3	0	0	-0.4
"dominula"	140	5	55	1	18	0.6	0.6	0	0	0.2
"dominula"	140	6	80	2	15.9	0.4	0.4	0	0	-0.2
"dominula"	140	7	74	1	19.8	0.5	0.5	0	0.1	0.1
"dominula"	140	8	131	2	48.3	0.5	0.5	0	0.1	0.1
"dominula"	140	9	59	2	27.7	0.3	0.3	0	0.1	-0.2
"dominula"	140	10	233	1	53.5	0.4	0.4	0	0.3	0.2
"dominula"	140	11	147	1	30.6	0.4	0.4	0	0.3	0.1
"dominula"	140	12	58	1	26.5	0.4	0.4	0	0.3	0.3
"dominula"	140	13	222	1	51.7	0.2	0.2	0	0	-0.6
"dominula"	140	14	74	1	24.9	0.3	0.3	0	0	-0.4
"dominula"	140	15	125	1	37.6	0.3	0.3	0	0.2	0.1
"dominula"	140	16	55	1	18.8	0.4	0.4	0	0.2	0
"dominula"	140	17	123	1	27.3	0.2	0.2	0	0	-0.6
"dominula"	140	18	261	1	69.3	0.3	0.3	0	0.2	0
"dominula"	140	19	146	1	40.2	0.3	0.3	0	0.3	0.2
"dominula"	140	20	141	1	42.4	0.4	0.4	0	0.2	0.3
"dominula"	140	21	209	1	41.8	0.5	0.5	0	0.4	0.6
"dominula"	140	22	136	1	28.8	0.4	0.4	0.1	0	-0.2
"dominula"	140	23	83	1	27.5	0.2	0.2	0	0.1	-0.2
"dominula"	140	24	101	1	32	0.5	0.5	0	0.3	0.5
"dominula"	140	25	156	1	41.1	0.4	0.4	0	0.4	1
"dominula"	140	26	122	2	43.5	0.3	0.3	0	0.3	-0.1
"dominula"	140	27	229	1	55.9	0.3	0.3	0	0.1	0.1
"dominula"	140	28	116	2	33.7	0.3	0.3	0	0.1	-0.2
"dominula"	140	29	93	2	42.1	0.4	0.4	0	0.3	0.5
"dominula"	140	30	151	1	28.8	0.3	0.3	0	0.3	0.4
"dominula"	140	31	53	1	16.7	0.4	0.4	0	0.1	0.4
"dominula"	140	32	68	1	25.1	0.1	0.1	0	0.1	-0.6
"dominula"	140	33	226	1	39.5	0.5	0.5	0	0.5	1.3
"dominula"	140	34	108	2	33.7	0.3	0.3	0	0.2	0.1
"dominula"	140	35	82	2	31.4	0.2	0.2	0	0.1	-0.3
"dominula"	140	36	55	1	24.2	0.4	0.4	0	0.2	0.1
"dominula"	140	37	40	2	12.2	0.5	0.5	0	0.4	0.7
"dominula"	140	38	229	1	49.2	0.3	0.3	0	0.2	0.1
"dominula"	140	39	78	2	30.2	0.3	0.3	0	0.1	-0.3
"dominula"	140	40	175	1	43.7	0.3	0.3	0	0.3	0.9
"dominula"	140	41	45	2	18.2	0.4	0.4	0	0.4	0.8
"dominula"	140	42	150	1	49.6	0.3	0.3	0	0.3	0.5
"dominula"	140	43	86	1	32.1	0.4	0.4	0	0.2	0.3
"dominula"	140	44	87	1	26.7	0.4	0.4	0.1	0.3	0.5
"dominula"	140	45	160	1	27.9	0.5	0.5	0	0.4	2
"dominula"	140	46	85	1	30	0.4	0.4	0	0.4	1.2
"dominula"	140	47	56	1	27.7	0.4	0.4	0	0.3	0.6
"dominula"	140	48	93	2	39.8	0.4	0.4	0	0.3	0.5
"dominula"	140	49	138	1	41.1	0.4	0.4	0	0.3	1.4
"dominula"	140	50	174	1	49.4	0.4	0.4	0	0.2	0.8
"dominula"	140	51	83	1	32.2	0.4	0.4	0	0.3	1.5
"dominula"	140	52	82	2	30.5	0.3	0.3	0	0.1	0.8
"dominula"	140	53	69	1	29.3	0.5	0.5	0	0.3	1.4
"dominula"	140	54	92	1	38.8	0.2	0.2	0	0.2	0.4
"dominula"	140	55	171	1	61.1	0.6	0.6	0	0.4	2.5
"dominula"	140	56	131	1	40.7	0.6	0.6	0	0.2	1.6
"dominula"	140	57	93	1	12.9	0.4	0.4	0	0.3	1.2
"dominula"	140	58	97	2	28.8	0.4	0.4	0.1	0.1	0.5
"dominula"	140	59	71	1	23.2	0.3	0.3	0	0.3	1
"dominula"	140	60	96	2	27	0.3	0.3	0	0.3	0.9
"dominula"	140	61	101	1	30.1	0.2	0.2	0	0.1	-0.2
"dominula"	140	62	92	1	24.1	0.4	0.4	0	0.3	1.4
"dominula"	140	63	164	6	41.3	0.5	0.5	0	0.5	2.7
"dominula"	140	64	109	1	35	0.3	0.3	0	0.3	1.6
"dominula"	140	65	183	1	55.4	0.3	0.3	0	0.1	0
"dominula"	140	66	123	1	22.5	0.4	0.4	0	0.2	1.6
"dominula"	140	67	75	1	13.9	0.4	0.4	0	0.3	1.8
"dominula"	140	68	94	1	22.4	0.3	0.3	0	0.3	0.7
"dominula"	140	69	246	1	48.3	0.5	0.5	0.1	0.3	1.5
"dominula"	140	70	61	1	26.8	0.4	0.4	0	0.3	0.8
"dominula"	140	71	43	2	13.9	0.3	0.3	0	0.2	0.9
"dominula"	140	72	125	1	35.4	0.3	0.3	0	0.3	1.1
"dominula"	140	73	140	3	49.4	0.5	0.5	0	0.4	1.2
"dominula"	140	74	107	3	39.2	0.3	0.3	0	0.2	-0.1
"dominula"	140	75	162	2	35.7	0.4	0.4	0	0.4	0.9
"dominula"	140	76	110	1	42.4	0.5	0.5	0.1	0.3	1.3
"dominula"	140	77	143	3	45.8	0.4	0.4	0	0.3	1.5
"dominula"	140	78	64	2	24.8	0.4	0.4	0	0.4	0.4
"dominula"	140	79	41	1	12.9	0.3	0.3	0	0.3	1.9
"dominula"	140	80	109	3	27.4	0.4	0.4	0	0.3	0.8
"dominula"	140	81	123	1	28.7	0.3	0.3	0	0.2	0.9
"dominula"	140	82	192	3	54.6	0.3	0.3	0	0.1	-0.3
"dominula"	140	83	58	2	18.2	0.4	0.4	0	0.3	1.1
"dominula"	140	84	115	2	32.9	0.5	0.5	0	0.4	2.3
"dominula"	140	85	135	1	35.1	0.3	0.3	0	0.3	1.1
"dominula"	140	86	131	1	32.7	0.6	0.6	0	0.5	3.5
"dominula"	140	87	60	4	20.9	0.3	0.3	0	0.2	1
"dominula"	140	88	118	2	36.2	0.5	0.5	0	0.5	1.1
"dominula"	140	89	151	2	39.7	0.3	0.3	0	0.3	1.1
"dominula"	140	90	102	1	26.2	0.4	0.4	0	0.4	1.5
"dominula"	140	91	104	1	36.4	0.4	0.4	0	0.4	2.3
"dominula"	140	92	104	1	40.2	0.3	0.3	0	0.3	1.2
"dominula"	140	93	66	1	27.8	0.4	0.4	0	0.4	3.2
"dominula"	140	94	59	1	20.6	0.3	0.3	0	0.3	1.5
"dominula"	140	95	193	1	28	0.4	0.4	0	0.4	3.2
"dominula"	140	96	158	2	41.4	0.4	0.4	0	0.2	0.4
"dominula"	140	97	88	3	27.4	0.2	0.2	0	0.2	1.1
"dominula"	140	98	63	1	18.5	0.3	0.3	0	0.3	1.7
"dominula"	140	99	187	1	56.5	0.1	0.1	0	0.1	-0.5
"dominula"	140	100	88	4	25.4	0.6	0.6	0	0.4	1.7
"dominula"	140	101	148	1	34.2	0.2	0.2	0	0.2	1.8
"dominula"	140	102	157	1	31.4	0.2	0.2	0	0.2	0.7
"dominula"	140	103	86	1	21.9	0.3	0.3	0.1	0.2	1
"dominula"	140	104	99	1	37.3	0.3	0.3	0	0.3	2.4
"dominula"	140	105	162	3	35.2	0.3	0.3	0	0.2	0.1
"dominula"	140	106	62	3	25.1	0.3	0.3	0	0.3	1.6
"dominula"	140	107	105	1	36	0.4	0.4	0	0.3	0.8
"dominula"	140	108	137	1	32.6	0.3	0.3	0	0.2	1.3
"dominula"	140	109	77	1	23.9	0.6	0.6	0	0.5	3
"dominula"	140	110	97	1	22.4	0.4	0.4	0	0.4	2.4
"dominula"	140	111	123	2	60.9	0.5	0.5	0	0.4	1.1
"dominula"	140	112	77	1	24	0.4	0.4	0.1	0.3	1.7
"dominula"	140	113	162	1	43.8	0.2	0.2	0	0.2	1.7
"dominula"	140	114	215	1	48.2	0.3	0.3	0	0.3	1.9
"dominula"	140	115	86	2	34.5	0.5	0.5	0	0.4	1.3
"dominula"	140	116	70	1	22	0.4	0.4	0	0.3	2.3
"dominula"	140	117	160	3	37.6	0.3	0.3	0	0.2	-0.1
"dominula"	140	118	308	2	50.2	0.4	0.4	0	0.3	1.8
"dominula"	140	119	133	2	33.6	0.3	0.3	0	0.2	0.7
"dominula"	140	120	31	1	12.7	0.3	0.3	0	0.3	1.4
"dominula"	140	121	60	2	21.9	0.5	0.5	0	0.3	1.3
"dominula"	140	122	106	3	31.9	0.2	0.2	0	0.2	0.2
"dominula"	140	123	130	2	35.8	0.1	0.1	0	0.1	-0.2
"dominula"	140	124	164	3	38.1	0.4	0.4	0	0.3	2.1
"dominula"	140	125	118	1	36.9	0.2	0.2	0	0.2	1.7
"dominula"	140	126	142	2	35.3	0.4	0.4	0	0.3	1.1
"dominula"	140	127	218	2	46.9	0.4	0.4	0	0.4	1.3
"dominula"	140	128	69	2	23.8	0.3	0.3	0	0.3	0.7
"dominula"	140	129	76	1	24.6	0.3	0.3	0	0.3	2
"dominula"	140	130	76	2	20.8	0.3	0.3	0	0.2	0.3
"dominula"	140	131	167	4	62.8	0.2	0.2	0	0.2	1.9
"dominula"	140	132	125	1	32.8	0.5	0.5	0	0.3	2.2
"dominula"	140	133	80	1	17.2	0.4	0.4	0	0.2	1.7
"dominula"	140	134	112	2	33.4	0.3	0.3	0	0.3	2.8
"dominula"	140	135	172	1	42.4	0.3	0.3	0	0.2	2.3
"dominula"	140	136	110	1	32.9	0.3	0.3	0	0.3	2.1
"dominula"	140	137	76	1	25.3	0.4	0.4	0	0.4	3.4
"dominula"	140	138	86	1	31	0.4	0.4	0	0.3	0.5
"dominula"	140	139	132	1	32.2	0.5	0.5	0	0.5	4.1
"dominula"	140	140	49	4	23.8	0.3	0.3	0	0.3	3.1
"dominula"	150	1	104	1	42.7	0.5	0.5	0	0	0
"dominula"	150	2	60	1	19	0.5	0.5	0.1	0	0
"dominula"	150	3	167	1	45.3	0.4	0.4	0.1	0.1	-0.1
"dominula"	150	4	96	1	22.5	0.4	0.4	0	0.2	0
"dominula"	150	5	124	1	35.1	0.4	0.4	0	0.1	0
"dominula"	150	6	106	1	36	0.3	0.3	0	0	-0.4
"dominula"	150	7	115	1	29.4	0.4	0.4	0	0.2	0.2
"dominula"	150	8	141	1	58.2	0.3	0.3	0	0	-0.4
"dominula"	150	9	72	1	22.1	0.3	0.3	0	0.1	-0.3
"dominula"	150	10	92	1	21.8	0.5	0.5	0	0.3	0.4
"dominula"	150	11	144	1	24.8	0.4	0.4	0	0.3	0.4
"dominula"	150	12	55	2	20.1	0.3	0.3	0.1	0.1	-0.3
"dominula"	150	13	103	1	26.3	0.4	0.4	0	0.1	0
"dominula"	150	14	113	1	23.5	0.5	0.5	0	0.3	0.4
"dominula"	150	15	32	1	16.1	0.2	0.2	0	0.2	-0.3
"dominula"	150	16	121	1	37.1	0.4	0.4	0	0.3	0.3
"dominula"	150	17	106	1	22.2	0.5	0.5	0	0.1	0.3
"dominula"	150	18	83	1	29.4	0.4	0.4	0	0.3	0.6
"dominula"	150	19	203	1	39	0.4	0.4	0	0.2	0.1
"dominula"	150	20	105	1	27.1	0.3	0.3	0	0.2	0.2
"dominula"	150	21	113	1	31.7	0.4	0.4	0	0.3	0.5
"dominula"	150	22	100	1	27.2	0.4	0.4	0	0.4	1.1
"dominula"	150	23	93	2	38.4	0.3	0.3	0	0.1	0.2
"dominula"	150	24	132	1	34.1	0.5	0.5	0	0.3	0.6
"dominula"	150	25	125	1	28.1	0.3	0.3	0	0.2	0.2
"dominula"	150	26	115	1	29.4	0.3	0.3	0	0.2	0
"dominula"	150	27	228	1	39.2	0.5	0.5	0	0.3	0.8
"dominula"	150	28	74	1	21.3	0.3	0.3	0	0.1	0.5
"dominula"	150	29	97	1	25.7	0.3	0.3	0	0.3	0.8
"dominula"	150	30	55	1	22.2	0.5	0.5	0	0.4	1.1
"dominula"	150	31	146	1	31.1	0.3	0.3	0	0.3	0.7
"dominula"	150	32	40	1	14.1	0.4	0.4	0	0.3	0.6
"dominula"	150	33	127	1	32.7	0.4	0.4	0	0.3	0.3
"dominula"	150	34	153	1	57.7	0.3	0.3	0	0.3	0.4
"dominula"	150	35	226	1	35	0.4	0.4	0	0.4	1
"dominula"	150	36	67	1	19.8	0.3	0.3	0	0.3	0.9
"dominula"	150	37	66	1	19.4	0.4	0.4	0	0.2	1.2
"dominula"	150	38	58	1	20.1	0.4	0.4	0	0.4	1.1
"dominula"	150	39	179	1	33.5	0.4	0.4	0	0.4	1.1
"dominula"	150	40	140	1	32.9	0.3	0.3	0	0.2	0.7
"dominula"	150	41	154	1	33.7	0.5	0.5	0	0.4	1.8
"dominula"	150	42	139	1	28.8	0.5	0.5	0	0.4	1.3
"dominula"	150	43	211	1	52.4	0.3	0.3	0	0.2	0.6
"dominula"	150	44	91	1	32.6	0.4	0.4	0	0.4	1.2
"dominula"	150	45	32	1	9.9	0.3	0.3	0	0.3	1.1
"dominula"	150	46	98	2	22.3	0.6	0.6	0	0.4	1.2
"dominula"	150	47	163	1	45	0.3	0.3	0	0.2	0.9
"dominula"	150	48	185	1	50	0.4	0.4	0	0.3	0.8
"dominula"	150	49	85	1	34.7	0.3	0.3	0	0.2	0.4
"dominula"	150	50	69	1	26.7	0.5	0.5	0	0.4	1.8
"dominula"	150	51	68	1	19.7	0.3	0.3	0	0.2	0.4
"dominula"	150	52	99	1	22.6	0.3	0.3	0	0.3	0.9
"dominula"	150	53	72	1	25.5	0.3	0.3	0	0.2	0.9
"dominula"	150	54	314	1	75.8	0.6	0.6	0	0.5	2.8
"dominula"	150	55	106	1	28.7	0.4	0.4	0	0.1	0.1
"dominula"	150	56	66	1	17.8	0.4	0.4	0	0.2	0.4
"dominula"	150	57	186	1	35.6	0.5	0.5	0	0.4	2
"dominula"	150	58	54	1	19.2	0.4	0.4	0	0.2	1.3
"dominula"	150	59	66	1	28.8	0.5	0.5	0	0.3	0.6
"dominula"	150	60	131	1	28	0.4	0.4	0.1	0.2	0.2
"dominula"	150	61	162	1	37.6	0.4	0.4	0	0.3	0.7
"dominula"	150	62	132	1	31.4	0.4	0.4	0	0.4	2.4
"dominula"	150	63	102	2	22.3	0.3	0.3	0	0.3	1.5
"dominula"	150	64	75	1	25.2	0.3	0.3	0	0.2	1
"dominula"	150	65	77	2	27.7	0.5	0.5	0.1	0.1	0.4
"dominula"	150	66	62	2	28.6	0.4	0.4	0	0.2	1
"dominula"	150	67	82	1	31.7	0.3	0.3	0	0.2	0.6
"dominula"	150	68	160	1	43.4	0.4	0.4	0	0.2	1.6
"dominula"	150	69	85	1	21	0.3	0.3	0	0.3	0.2
"dominula"	150	70	197	1	57.7	0.4	0.4	0	0.3	1.3
"dominula"	150	71	233	1	35.5	0.4	0.4	0	0.3	2.1
"dominula"	150	72	113	1	32.5	0.4	0.4	0	0.4	2.7
"dominula"	150	73	68	1	28.6	0.3	0.3	0	0.3	1.8
"dominula"	150	74	87	1	17.9	0.3	0.3	0	0.3	0.5
"dominula"	150	75	82	2	23.8	0.3	0.3	0	0.3	1
"dominula"	150	76	55	1	19.2	0.4	0.4	0	0.4	2.6
"dominula"	150	77	144	2	25.8	0.4	0.4	0.1	0.2	0.5
"dominula"	150	78	71	1	14.9	0.4	0.4	0	0.4	1.5
"dominula"	150	79	174	1	29	0.2	0.2	0	0.2	1.3
"dominula"	150	80	131	2	36.3	0.6	0.6	0	0.5	1.4
"dominula"	150	81	72	1	21.5	0.4	0.4	0	0.2	2
"dominula"	150	82	92	2	29.6	0.4	0.4	0	0.2	0.4
"dominula"	150	83	84	2	35.4	0.4	0.4	0.1	0.3	0.4
"dominula"	150	84	91	2	22.8	0.4	0.4	0	0.3	1.6
"dominula"	150	85	87	1	26	0.4	0.4	0	0.4	1.7
"dominula"	150	86	56	1	17.3	0.4	0.4	0	0.3	1.8
"dominula"	150	87	97	1	27.2	0.5	0.5	0	0.4	1.5
"dominula"	150	88	126	2	33.1	0.4	0.4	0	0.2	0.2
"dominula"	150	89	171	2	49.7	0.3	0.3	0	0.3	0.2
"dominula"	150	90	99	1	26.9	0.4	0.4	0	0.3	1.9
"dominula"	150	91	112	1	28.5	0.4	0.4	0	0.4	2.2
"dominula"	150	92	75	1	22.3	0.4	0.4	0	0.3	1.7
"dominula"	150	93	193	1	56.5	0.4	0.4	0	0.3	1.3
"dominula"	150	94	80	1	23.3	0.5	0.5	0	0.5	3.9
"dominula"	150	95	109	1	42.6	0.4	0.4	0.1	0.3	1.7
"dominula"	150	96	225	1	36.1	0.2	0.2	0	0.2	1.2
"dominula"	150	97	75	1	22.3	0.3	0.3	0	0.3	2.7
"dominula"	150	98	163	1	43.3	0.4	0.4	0	0.3	2.2
"dominula"	150	99	105	1	30.5	0.3	0.3	0	0.2	0.6
"dominula"	150	100	99	2	39.5	0.4	0.4	0	0.4	1.9
"dominula"	150	101	170	1	38.3	0.6	0.6	0	0.4	3.4
"dominula"	150	102	28	2	8.7	0.4	0.4	0	0.3	2.3
"dominula"	150	103	130	1	43.6	0.1	0.1	0	0.1	1.5
"dominula"	150	104	70	2	25	0.4	0.4	0	0.3	1.5
"dominula"	150	105	198	2	43.4	0.4	0.4	0	0.4	1.5
"dominula"	150	106	190	1	51.7	0.3	0.3	0	0.3	1.8
"dominula"	150	107	98	1	35.3	0.5	0.5	0	0.4	3.3
"dominula"	150	108	122	1	34.9	0.5	0.5	0	0.4	2.8
"dominula"	150	109	41	1	14.6	0.4	0.4	0	0.3	1.6
"dominula"	150	110	95	1	21.7	0.5	0.5	0	0.4	4
"dominula"	150	111	52	1	18.2	0.2	0.2	0	0.2	0.7
"dominula"	150	112	157	2	43.1	0.4	0.4	0	0.3	0.7
"dominula"	150	113	93	2	28.6	0.3	0.3	0	0.2	-0.1
"dominula"	150	114	224	1	47.1	0.4	0.4	0	0.4	2.4
"dominula"	150	115	108	2	34.9	0.4	0.4	0	0.3	0.9
"dominula"	150	116	43	1	21.4	0.3	0.3	0	0.3	2
"dominula"	150	117	66	1	15.2	0.5	0.5	0	0.4	2.3
"dominula"	150	118	63	1	27.6	0.3	0.3	0	0.3	3.1
"dominula"	150	119	189	2	46.6	0.3	0.3	0	0.3	1.4
"dominula"	150	120	224	1	40.4	0.4	0.4	0	0.3	1.4
"dominula"	150	121	102	1	21.6	0.4	0.4	0	0.4	1.9
"dominula"	150	122	98	1	34.8	0.5	0.5	0	0.4	3.7
"dominula"	150	123	96	2	20.7	0.4	0.4	0	0.3	0.5
"dominula"	150	124	165	2	37	0.3	0.3	0	0.3	1.4
"dominula"	150	125	45	1	17.7	0.5	0.5	0	0.5	3.6
"dominula"	150	126	92	1	24.6	0.5	0.5	0	0.5	3.6
"dominula"	150	127	165	1	42.7	0.6	0.6	0	0.6	3.9
"dominula"	150	128	122	1	47.1	0.4	0.4	0	0.3	2.9
"dominula"	150	129	85	2	40.3	0.4	0.4	0	0.4	0.7
"dominula"	150	130	66	1	14	0.4	0.4	0	0.4	2.8
"dominula"	150	131	59	1	23	0.3	0.3	0	0.2	3.1
"dominula"	150	132	71	1	32.6	0.4	0.4	0	0.4	3.2
"dominula"	150	133	96	2	26.8	0.5	0.5	0	0.4	1.3
"dominula"	150	134	144	1	31.7	0.3	0.3	0	0.3	2.8
"dominula"	150	135	77	1	35.8	0.7	0.7	0	0.7	3.9
"dominula"	150	136	172	3	50.1	0.3	0.3	0	0.1	0.1
"dominula"	150	137	135	3	48.7	0.3	0.3	0	0.2	1.9
"dominula"	150	138	97	1	34.2	0.3	0.3	0	0.2	0.7
"dominula"	150	139	43	1	12.8	0.4	0.4	0	0.4	2.2
"dominula"	150	140	77	2	26.7	0.4	0.4	0	0.4	2.1
"dominula"	150	141	159	1	48.5	0.4	0.4	0	0.4	2.7
"dominula"	150	142	53	1	12.6	0.5	0.5	0	0.4	2.7
"dominula"	150	143	82	1	22.7	0.6	0.6	0	0.5	2.4
"dominula"	150	144	113	1	37.7	0.4	0.4	0	0.3	2.3
"dominula"	150	145	116	1	27.6	0.4	0.4	0	0.3	2
"dominula"	150	146	51	2	16.6	0.5	0.5	0	0.2	0.4
"dominula"	150	147	51	1	13.1	0.4	0.4	0	0.3	2.2
"dominula"	150	148	131	2	30.1	0.4	0.4	0	0.4	2.4
"dominula"	150	149	66	1	23.5	0.4	0.4	0	0.3	1.7
"dominula"	150	150	91	2	32.2	0.4	0.4	0	0.4	2.4
"dominula"	160	1	217	1	42.3	0.5	0.5	0	0	0
"dominula"	160	2	157	1	26.5	0.5	0.5	0	0	0
"dominula"	160	3	110	1	26	0.5	0.5	0	0.1	0.1
"dominula"	160	4	87	1	21.4	0.5	0.5	0	0.2	0.2
"dominula"	160	5	183	1	45.4	0.5	0.5	0	0.2	0.3
"dominula"	160	6	87	1	19.7	0.5	0.5	0	0.1	0.3
"dominula"	160	7	90	1	25.8	0.5	0.5	0	0.3	0.3
"dominula"	160	8	99	1	28.9	0.5	0.5	0.1	0	0
"dominula"	160	9	67	1	15.1	0.5	0.5	0	0.1	0.2
"dominula"	160	10	166	1	38.6	0.5	0.5	0	0.2	0.3
"dominula"	160	11	95	1	15	0.5	0.5	0	0.2	0.2
"dominula"	160	12	98	1	26	0.5	0.5	0	0.2	0.2
"dominula"	160	13	95	1	21.6	0.5	0.5	0.1	0.3	0.4
"dominula"	160	14	58	1	21.3	0.5	0.5	0	0.1	0.2
"dominula"	160	15	95	1	30	0.4	0.4	0.1	0.3	0.2
"dominula"	160	16	100	1	31.5	0.4	0.4	0.1	0.3	0.7
"dominula"	160	17	151	1	24.4	0.5	0.5	0	0.5	0.8
"dominula"	160	18	91	1	29	0.5	0.5	0	0.3	0.5
"dominula"	160	19	56	1	15.9	0.5	0.5	0.1	0.4	1
"dominula"	160	20	54	1	15.3	0.5	0.5	0	0.3	0.4
"dominula"	160	21	120	1	18.1	0.5	0.5	0	0.2	0.7
"dominula"	160	22	173	1	39.2	0.5	0.5	0	0.3	0.4
"dominula"	160	23	129	1	29.4	0.5	0.5	0	0.3	0.7
"dominula"	160	24	176	1	32.6	0.5	0.5	0	0.5	1.5
"dominula"	160	25	96	1	26.3	0.5	0.5	0	0.5	1.2
"dominula"	160	26	65	1	17	0.5	0.5	0	0.3	0.9
"dominula"	160	27	115	1	34.4	0.4	0.4	0.2	0.2	0.2
"dominula"	160	28	76	1	18.7	0.5	0.5	0	0.3	0.8
"dominula"	160	29	96	1	30.6	0.5	0.5	0.1	0.3	0.6
"dominula"	160	30	89	1	12.4	0.5	0.5	0	0.4	1.1
"dominula"	160	31	45	1	9.2	0.5	0.5	0	0.5	1.9
"dominula"	160	32	117	1	27.4	0.3	0.3	0	0.2	0.7
"dominula"	160	33	118	1	19.4	0.4	0.4	0	0.3	1.4
"dominula"	160	34	95	1	27.5	0.5	0.5	0	0.5	1.3
"dominula"	160	35	170	1	37.5	0.5	0.5	0	0.4	1.3
"dominula"	160	36	49	1	13.8	0.4	0.4	0	0.4	1.6
"dominula"	160	37	177	1	32.6	0.5	0.5	0	0.4	2.1
"dominula"	160	38	173	1	25.8	0.5	0.5	0	0.4	2.2
"dominula"	160	39	83	1	17.4	0.5	0.5	0	0.4	1.6
"dominula"	160	40	81	1	25	0.5	0.5	0	0.4	1
"dominula"	160	41	112	1	28.6	0.5	0.5	0	0.5	2.1
"dominula"	160	42	73	1	17.7	0.6	0.6	0	0.4	1.4
"dominula"	160	43	196	1	44.6	0.5	0.5	0	0.4	1.9
"dominula"	160	44	284	1	63.4	0.6	0.6	0	0.4	2.2
"dominula"	160	45	60	1	18.2	0.5	0.5	0	0.5	2.2
"dominula"	160	46	59	1	22.5	0.5	0.5	0	0.4	1.6
"dominula"	160	47	100	1	30.3	0.5	0.5	0	0.4	1.2
"dominula"	160	48	96	1	39.1	0.5	0.5	0	0.5	2.9
"dominula"	160	49	92	1	20.6	0.4	0.4	0	0.4	1
"dominula"	160	50	22	1	7.2	0.5	0.5	0	0.4	1.9
"dominula"	160	51	164	1	33.7	0.5	0.5	0	0.3	1.5
"dominula"	160	52	154	1	32.2	0.5	0.5	0	0.3	1
"dominula"	160	53	58	1	19.1	0.5	0.5	0	0.5	1.5
"dominula"	160	54	62	1	12.7	0.5	0.5	0	0.5	2.7
"dominula"	160	55	68	1	21.1	0.5	0.5	0	0.5	2.6
"dominula"	160	56	116	1	20.8	0.5	0.5	0	0.3	0.9
"dominula"	160	57	138	1	28.2	0.5	0.5	0.1	0.4	1.5
"dominula"	160	58	129	1	23.5	0.5	0.5	0	0.5	2.2
"dominula"	160	59	129	1	22	0.5	0.5	0	0.5	2.4
"dominula"	160	60	141	1	24.3	0.5	0.5	0	0.5	2.7
"dominula"	160	61	104	1	23.4	0.5	0.5	0	0.4	2.4
"dominula"	160	62	54	1	17.6	0.5	0.5	0	0.4	2.2
"dominula"	160	63	100	1	22.3	0.5	0.5	0	0.4	2.1
"dominula"	160	64	288	1	44.3	0.5	0.5	0	0.5	2.8
"dominula"	160	65	202	1	35.5	0.5	0.5	0	0.4	2.4
"dominula"	160	66	110	1	23.6	0.5	0.5	0	0.5	2.2
"dominula"	160	67	138	1	36.5	0.5	0.5	0	0.5	2.6
"dominula"	160	68	28	1	6.9	0.4	0.4	0	0.4	2.6
"dominula"	160	69	100	1	19.6	0.6	0.6	0	0.5	3.7
"dominula"	160	70	64	1	13.9	0.5	0.5	0	0.3	1.8
"dominula"	160	71	106	1	24.3	0.4	0.4	0	0.3	1.4
"dominula"	160	72	80	2	30.4	0.4	0.4	0	0.2	0.8
"dominula"	160	73	97	1	22.6	0.4	0.4	0	0.2	2.4
"dominula"	160	74	228	1	34.7	0.5	0.5	0	0.4	2.4
"dominula"	160	75	120	1	24.7	0.5	0.5	0	0.5	1.7
"dominula"	160	76	53	1	8.9	0.5	0.5	0	0.4	3
"dominula"	160	77	181	1	33.9	0.5	0.5	0	0.3	1.8
"dominula"	160	78	223	1	26.2	0.5	0.5	0	0.4	2.7
"dominula"	160	79	131	1	37.6	0.5	0.5	0	0.4	2
"dominula"	160	80	58	1	15.6	0.3	0.3	0	0.3	1.8
"dominula"	160	81	175	1	27.6	0.4	0.4	0	0.4	3.6
"dominula"	160	82	193	1	27.6	0.4	0.4	0	0.4	3.9
"dominula"	160	83	113	1	36.8	0.4	0.4	0	0.3	1.7
"dominula"	160	84	170	1	35.5	0.5	0.5	0	0.4	1.8
"dominula"	160	85	111	1	16.9	0.6	0.6	0	0.5	1.5
"dominula"	160	86	87	1	21.3	0.5	0.5	0	0.5	2.7
"dominula"	160	87	165	1	46.3	0.5	0.5	0	0.3	2.3
"dominula"	160	88	72	1	16.7	0.4	0.4	0.1	0.2	1.5
"dominula"	160	89	134	2	28.7	0.5	0.5	0.1	0.3	1.6
"dominula"	160	90	109	1	28.5	0.5	0.5	0	0.4	2.5
"dominula"	160	91	58	1	9.8	0.5	0.5	0	0.3	2.1
"dominula"	160	92	142	1	34.6	0.5	0.5	0	0.5	2.6
"dominula"	160	93	140	2	24.9	0.5	0.5	0	0.4	1.6
"dominula"	160	94	243	1	46.7	0.4	0.4	0	0.4	2.2
"dominula"	160	95	87	1	26.6	0.4	0.4	0	0.4	2.5
"dominula"	160	96	153	1	36.1	0.5	0.5	0	0.4	4
"dominula"	160	97	110	1	16.1	0.5	0.5	0	0.4	2.5
"dominula"	160	98	57	1	24	0.5	0.5	0	0.4	2.7
"dominula"	160	99	154	1	29	0.5	0.5	0	0.4	3.5
"dominula"	160	100	127	1	20.8	0.5	0.5	0	0.4	3.1
"dominula"	160	101	208	2	41	0.5	0.5	0	0.4	1.1
"dominula"	160	102	50	1	12.7	0.5	0.5	0	0.5	2.8
"dominula"	160	103	209	1	34.4	0.4	0.4	0	0.3	3.8
"dominula"	160	104	16	1	5.4	0.5	0.5	0	0.5	2.6
"dominula"	160	105	40	1	12.3	0.5	0.5	0	0.5	3.6
"dominula"	160	106	70	1	24.7	0.4	0.4	0	0.3	1.7
"dominula"	160	107	271	2	42.9	0.4	0.4	0	0.2	0.3
"dominula"	160	108	161	2	42.5	0.5	0.5	0	0.5	2.6
"dominula"	160	109	93	2	22.9	0.4	0.4	0	0.4	0.8
"dominula"	160	110	77	2	13.8	0.4	0.4	0	0.3	2.1
"dominula"	160	111	44	2	12.2	0.5	0.5	0	0.2	0.5
"dominula"	160	112	157	2	29.8	0.5	0.5	0	0.5	3.8
"dominula"	160	113	125	2	34.8	0.4	0.4	0.1	0.3	1.7
"dominula"	160	114	113	1	23.1	0.5	0.5	0	0.5	3.5
"dominula"	160	115	171	1	53.7	0.5	0.5	0	0.3	2.3
"dominula"	160	116	176	2	40.4	0.5	0.5	0	0.5	2.9
"dominula"	160	117	40	1	14.6	0.5	0.5	0.1	0.4	4.1
"dominula"	160	118	114	2	33.3	0.5	0.5	0	0.4	3
"dominula"	160	119	60	1	13.9	0.5	0.5	0	0.5	2.9
"dominula"	160	120	84	1	13.8	0.5	0.5	0	0.3	1.7
"dominula"	160	121	117	1	24.6	0.5	0.5	0	0.5	3.1
"dominula"	160	122	118	1	26.6	0.6	0.6	0	0.5	4.9
"dominula"	160	123	262	2	51.4	0.4	0.4	0	0.4	2.9
"dominula"	160	124	106	1	29.3	0.6	0.6	0.1	0.5	3.5
"dominula"	160	125	71	1	18.9	0.5	0.5	0	0.5	4.3
"dominula"	160	126	206	1	33	0.5	0.5	0	0.4	3.7
"dominula"	160	127	128	1	27.6	0.5	0.5	0	0.5	5.6
"dominula"	160	128	188	1	40.6	0.4	0.4	0	0.3	2.5
"dominula"	160	129	81	1	24.6	0.4	0.4	0	0.4	2.9
"dominula"	160	130	198	1	40.5	0.4	0.4	0	0.4	4.1
"dominula"	160	131	216	1	34.8	0.6	0.6	0	0.4	2.1
"dominula"	160	132	58	2	18.9	0.4	0.4	0	0.4	4.7
"dominula"	160	133	33	1	11.6	0.5	0.5	0	0.5	5.9
"dominula"	160	134	68	1	15.5	0.5	0.5	0	0.5	3.5
"dominula"	160	135	61	1	17.4	0.3	0.3	0	0.3	2.6
"dominula"	160	136	125	1	22.8	0.5	0.5	0	0.4	4.6
"dominula"	160	137	92	1	21.4	0.5	0.5	0	0.5	3.4
"dominula"	160	138	105	2	22.5	0.5	0.5	0	0.5	1.7
"dominula"	160	139	60	1	9.3	0.5	0.5	0	0.5	3.1
"dominula"	160	140	144	2	20	0.4	0.4	0	0.3	2.3
"dominula"	160	141	58	1	16.4	0.4	0.4	0	0.4	4
"dominula"	160	142	45	1	14.8	0.4	0.4	0.1	0.3	4.2
"dominula"	160	143	69	1	15.7	0.5	0.5	0	0.4	1.9
"dominula"	160	144	77	1	22.4	0.5	0.5	0.1	0.4	1.7
"dominula"	160	145	155	2	41	0.5	0.5	0	0.5	1.8
"dominula"	160	146	94	1	23.7	0.5	0.5	0	0.5	5.1
"dominula"	160	147	107	1	26.1	0.3	0.3	0	0.3	3
"dominula"	160	148	97	1	28	0.5	0.5	0	0.5	4.8
"dominula"	160	149	111	1	24.7	0.5	0.5	0	0.5	3.9
"dominula"	160	150	116	2	25.5	0.5	0.5	0	0.2	0.7
"dominula"	160	151	109	1	25.2	0.5	0.5	0	0.4	4
"dominula"	160	152	127	2	23.8	0.5	0.5	0	0.4	2.3
"dominula"	160	153	204	1	29	0.4	0.4	0	0.4	5.1
"dominula"	160	154	63	2	13.5	0.5	0.5	0	0.4	1.7
"dominula"	160	155	85	1	24	0.5	0.5	0	0.5	4.8
"dominula"	160	156	78	1	18.4	0.5	0.5	0	0.5	5.7
"dominula"	160	157	48	1	14.2	0.5	0.5	0	0.5	5.2
"dominula"	160	158	57	1	19.8	0.5	0.5	0	0.5	3.4
"dominula"	160	159	82	1	22.9	0.3	0.3	0	0.3	3.4
"dominula"	160	160	58	2	26.8	0.4	0.4	0	0.4	2.7
"dominula"	170	1	71	1	30	0.5	0.5	0	0	0
"dominula"	170	2	53	1	15.1	0.5	0.5	0	0	0
"dominula"	170	3	39	1	13.4	0.6	0.6	0	0.1	0.3
"dominula"	170	4	174	1	40.4	0.5	0.5	0	0	0
"dominula"	170	5	57	1	16.3	0.4	0.4	0	0.1	-0.1
"dominula"	170	6	101	1	29.8	0.6	0.6	0.2	0.1	0.4
"dominula"	170	7	104	1	30.5	0.4	0.4	0	0.2	0.2
"dominula"	170	8	226	1	35.9	0.6	0.6	0	0.1	0.4
"dominula"	170	9	51	1	14.9	0.7	0.7	0	0.3	0.7
"dominula"	170	10	85	1	20.3	0.7	0.7	0	0.3	0.9
"dominula"	170	11	38	1	14.2	0.7	0.7	0.1	0.2	0.6
"dominula"	170	12	99	1	14.8	0.5	0.5	0	0.1	0.1
"dominula"	170	13	73	1	19.5	0.4	0.4	0	0.3	0.2
"dominula"	170	14	175	1	33.6	0.6	0.6	0	0.3	0.6
"dominula"	170	15	50	1	15.8	0.4	0.4	0	0.1	-0.1
"dominula"	170	16	99	1	19.6	0.6	0.6	0.2	0.3	0.6
"dominula"	170	17	57	1	13.1	0.4	0.4	0	0.4	0.4
"dominula"	170	18	70	1	18.1	0.6	0.6	0	0.5	1.3
"dominula"	170	19	93	1	19.9	0.7	0.7	0	0.4	1.3
"dominula"	170	20	212	1	56.5	0.5	0.5	0	0.4	1
"dominula"	170	21	51	1	15.8	0.4	0.4	0	0.3	0.2
"dominula"	170	22	153	1	30.8	0.5	0.5	0	0.3	0.9
"dominula"	170	23	88	1	24.9	0.6	0.6	0	0.3	0.9
"dominula"	170	24	93	1	18.7	0.4	0.4	0	0.4	1.3
"dominula"	170	25	90	1	20.4	0.4	0.4	0	0.1	-0.1
"dominula"	170	26	70	1	19.1	0.7	0.7	0	0.4	1.6
"dominula"	170	27	51	1	16.6	0.5	0.5	0	0.3	0.9
"dominula"	170	28	25	1	7.2	0.5	0.5	0	0.3	0.8
"dominula"	170	29	188	1	38.3	0.6	0.6	0	0.2	1
"dominula"	170	30	54	1	15.2	0.5	0.5	0	0.4	1.5
"dominula"	170	31	60	1	19.7	0.6	0.6	0	0.4	1.5
"dominula"	170	32	47	1	14.3	0.6	0.6	0	0.5	1.4
"dominula"	170	33	122	1	32.9	0.6	0.6	0.1	0.3	1.4
"dominula"	170	34	102	1	31.3	0.6	0.6	0	0.3	0.8
"dominula"	170	35	78	1	18.3	0.6	0.6	0	0.4	1.7
"dominula"	170	36	48	1	13.7	0.5	0.5	0.1	0.2	1.5
"dominula"	170	37	201	1	34.7	0.6	0.6	0	0.5	1.8
"dominula"	170	38	95	1	25.7	0.6	0.6	0	0.4	2.3
"dominula"	170	39	68	1	25.3	0.7	0.7	0	0.4	1.8
"dominula"	170	40	109	1	35.3	0.5	0.5	0	0.2	1.3
"dominula"	170	41	72	1	15.1	0.4	0.4	0	0.3	1.1
"dominula"	170	42	72	1	18.4	0.7	0.7	0	0.5	1.7
"dominula"	170	43	109	1	30.7	0.6	0.6	0	0.3	1.1
"dominula"	170	44	94	1	21.8	0.6	0.6	0	0.4	1.5
"dominula"	170	45	51	1	20.1	0.5	0.5	0	0.3	1
"dominula"	170	46	33	1	11.2	0.6	0.6	0	0.5	2.5
"dominula"	170	47	93	1	23.9	0.5	0.5	0	0.3	1.1
"dominula"	170	48	127	1	41.6	0.5	0.5	0	0.2	1
"dominula"	170	49	108	1	30.1	0.6	0.6	0	0.3	1.5
"dominula"	170	50	117	1	42.6	0.5	0.5	0	0.3	1.8
"dominula"	170	51	63	1	13.3	0.4	0.4	0	0.4	2
"dominula"	170	52	48	1	11.6	0.5	0.5	0	0.4	2.4
"dominula"	170	53	75	1	20.9	0.4	0.4	0	0.3	1.5
"dominula"	170	54	94	1	30.1	0.6	0.6	0	0.5	1.5
"dominula"	170	55	144	1	29.8	0.6	0.6	0	0.3	2
"dominula"	170	56	96	1	24.7	0.5	0.5	0	0.2	0.8
"dominula"	170	57	53	1	15.3	0.6	0.6	0.1	0.4	1.9
"dominula"	170	58	84	1	19.7	0.5	0.5	0	0.4	2
"dominula"	170	59	178	1	31.2	0.5	0.5	0	0.3	2.9
"dominula"	170	60	63	1	15.4	0.5	0.5	0	0.5	2.3
"dominula"	170	61	32	1	12.7	0.5	0.5	0	0.5	2.5
"dominula"	170	62	49	1	13.7	0.5	0.5	0	0.5	2.4
"dominula"	170	63	144	2	43.6	0.3	0.3	0	0.3	1.5
"dominula"	170	64	90	1	27.9	0.6	0.6	0	0.5	3.4
"dominula"	170	65	114	1	38.3	0.6	0.6	0	0.4	3.2
"dominula"	170	66	127	1	20.8	0.4	0.4	0	0.3	1.4
"dominula"	170	67	188	1	36.3	0.6	0.6	0	0.4	2.3
"dominula"	170	68	40	2	16.1	0.6	0.6	0.1	0.3	0.5
"dominula"	170	69	50	1	14.8	0.4	0.4	0	0.3	2.6
"dominula"	170	70	75	1	14.2	0.5	0.5	0	0.5	2.7
"dominula"	170	71	87	1	19.6	0.6	0.6	0	0.4	1.4
"dominula"	170	72	67	1	22.7	0.6	0.6	0	0.4	3.2
"dominula"	170	73	77	2	33.2	0.5	0.5	0	0.4	1.6
"dominula"	170	74	215	1	27.3	0.4	0.4	0	0.2	0.7
"dominula"	170	75	45	2	19.2	0.5	0.5	0	0.4	1.3
"dominula"	170	76	37	1	14.2	0.5	0.5	0	0.4	1.2
"dominula"	170	77	127	1	39	0.4	0.4	0	0.3	2.9
"dominula"	170	78	130	1	43.4	0.5	0.5	0	0.5	2.8
"dominula"	170	79	263	1	41	0.4	0.4	0	0.3	1.1
"dominula"	170	80	106	1	18.7	0.6	0.6	0	0.4	2.1
"dominula"	170	81	46	2	16.2	0.4	0.4	0	0.3	1.8
"dominula"	170	82	64	1	19	0.6	0.6	0	0.4	2.2
"dominula"	170	83	119	1	27	0.6	0.6	0	0.5	2.3
"dominula"	170	84	70	1	18.3	0.7	0.7	0	0.7	2.8
"dominula"	170	85	30	1	11.5	0.6	0.6	0	0.5	2.7
"dominula"	170	86	140	1	27.4	0.7	0.7	0.1	0.5	2.9
"dominula"	170	87	167	1	28.3	0.3	0.3	0	0.1	2
"dominula"	170	88	84	1	27	0.6	0.6	0	0.4	1.6
"dominula"	170	89	120	3	27.8	0.6	0.6	0	0.2	1.3
"dominula"	170	90	162	1	27.7	0.5	0.5	0	0.5	1.4
"dominula"	170	91	115	1	23.3	0.7	0.7	0	0.4	2.8
"dominula"	170	92	79	1	21	0.5	0.5	0	0.5	3.2
"dominula"	170	93	122	2	27.6	0.6	0.6	0.1	0.4	0.7
"dominula"	170	94	113	1	28.2	0.6	0.6	0	0.6	2.2
"dominula"	170	95	81	1	15.4	0.5	0.5	0	0.5	1.5
"dominula"	170	96	79	1	15.9	0.4	0.4	0	0.4	2.5
"dominula"	170	97	62	1	13.3	0.5	0.5	0	0.5	4.5
"dominula"	170	98	61	1	12.8	0.2	0.2	0	0.2	2.7
"dominula"	170	99	115	2	29.9	0.5	0.5	0	0.4	2.9
"dominula"	170	100	76	1	26.8	0.6	0.6	0	0.4	1.9
"dominula"	170	101	139	1	20.2	0.5	0.5	0	0.5	3.4
"dominula"	170	102	96	1	26	0.6	0.6	0	0.4	3.2
"dominula"	170	103	38	2	12.5	0.6	0.6	0	0.5	1.5
"dominula"	170	104	124	1	32.7	0.6	0.6	0	0.5	2.7
"dominula"	170	105	81	1	16.4	0.6	0.6	0	0.5	3.4
"dominula"	170	106	163	1	29.8	0.5	0.5	0	0.5	2.6
"dominula"	170	107	89	2	20.5	0.4	0.4	0	0.2	0.4
"dominula"	170	108	160	1	39.7	0.4	0.4	0	0.3	2.5
"dominula"	170	109	103	1	22.9	0.7	0.7	0	0.4	3
"dominula"	170	110	90	1	19.9	0.3	0.3	0	0.3	4
"dominula"	170	111	97	2	25.6	0.6	0.6	0	0.4	1.8
"dominula"	170	112	42	1	12	0.5	0.5	0	0.5	3
"dominula"	170	113	72	1	12.6	0.5	0.5	0	0.3	1.8
"dominula"	170	114	185	1	41.1	0.6	0.6	0	0.4	3.4
"dominula"	170	115	75	1	27.1	0.4	0.4	0	0.4	2.2
"dominula"	170	116	61	1	24.2	0.5	0.5	0	0.4	2.8
"dominula"	170	117	120	1	25.1	0.5	0.5	0	0.3	3.5
"dominula"	170	118	172	2	34.6	0.5	0.5	0	0.5	1.8
"dominula"	170	119	61	1	18.8	0.6	0.6	0.1	0.5	3
"dominula"	170	120	67	1	16.9	0.5	0.5	0	0.5	4.9
"dominula"	170	121	112	1	18.9	0.5	0.5	0	0.5	3.5
"dominula"	170	122	84	2	16.8	0.5	0.5	0	0.5	3.3
"dominula"	170	123	52	2	12.3	0.6	0.6	0	0.6	3.6
"dominula"	170	124	116	1	21.1	0.5	0.5	0	0.4	2.8
"dominula"	170	125	60	2	20.2	0.5	0.5	0	0.5	3.1
"dominula"	170	126	27	1	11.5	0.6	0.6	0	0.6	3.9
"dominula"	170	127	66	1	19.5	0.5	0.5	0	0.5	2.6
"dominula"	170	128	317	1	56.9	0.5	0.5	0	0.4	2.2
"dominula"	170	129	111	2	23	0.6	0.6	0	0.4	2.3
"dominula"	170	130	76	2	25.3	0.5	0.5	0	0.5	2.4
"dominula"	170	131	350	1	60.4	0.4	0.4	0	0.3	3.4
"dominula"	170	132	38	1	17.3	0.4	0.4	0	0.4	3.4
"dominula"	170	133	161	1	38	0.6	0.6	0	0.4	3.5
"dominula"	170	134	119	1	30.2	0.6	0.6	0	0.6	4.5
"dominula"	170	135	38	1	12.1	0.4	0.4	0.1	0.3	3
"dominula"	170	136	93	1	24.4	0.5	0.5	0	0.5	2.6
"dominula"	170	137	41	1	16.3	0.6	0.6	0	0.5	3.8
"dominula"	170	138	82	1	25	0.5	0.5	0	0.5	3.4
"dominula"	170	139	152	2	32.6	0.6	0.6	0	0.4	2
"dominula"	170	140	52	1	16.1	0.3	0.3	0	0.3	3.2
"dominula"	170	141	163	1	38.7	0.8	0.8	0.1	0.3	3.4
"dominula"	170	142	118	1	30.4	0.6	0.6	0	0.5	2.8
"dominula"	170	143	52	1	16.1	0.5	0.5	0	0.5	3.3
"dominula"	170	144	41	1	15	0.6	0.6	0	0.6	4.8
"dominula"	170	145	112	2	27.8	0.5	0.5	0	0.5	2.4
"dominula"	170	146	46	1	13.7	0.5	0.5	0	0.4	3.9
"dominula"	170	147	102	1	26.5	0.6	0.6	0	0.6	4.9
"dominula"	170	148	76	1	23.9	0.6	0.6	0	0.5	3
"dominula"	170	149	125	1	32.8	0.5	0.5	0	0.3	3.2
"dominula"	170	150	78	1	19.3	0.5	0.5	0	0.4	4.6
"dominula"	170	151	115	1	23.3	0.6	0.6	0	0.6	3.3
"dominula"	170	152	103	3	26.7	0.6	0.6	0	0.6	3.9
"dominula"	170	153	58	2	19.4	0.6	0.6	0.1	0.4	2.6
"dominula"	170	154	83	1	27.6	0.8	0.8	0	0.8	4.6
"dominula"	170	155	93	1	26.1	0.5	0.5	0	0.4	4.1
"dominula"	170	156	47	1	16.8	0.5	0.5	0	0.4	3.5
"dominula"	170	157	126	1	24.1	0.6	0.6	0	0.3	2.8
"dominula"	170	158	43	1	12.8	0.3	0.3	0	0.3	4.1
"dominula"	170	159	77	2	24.3	0.6	0.6	0	0.5	3.6
"dominula"	170	160	86	1	25.9	0.6	0.6	0	0.4	3.2
"dominula"	170	161	85	2	24.3	0.4	0.4	0	0.4	2.2
"dominula"	170	162	107	1	28.7	0.8	0.8	0	0.5	1.6
"dominula"	170	163	79	2	23	0.6	0.6	0	0.5	4.1
"dominula"	170	164	78	2	20.1	0.5	0.5	0	0.4	1.8
"dominula"	170	165	131	1	34	0.4	0.4	0	0.4	4.7
"dominula"	170	166	104	2	22.9	0.7	0.7	0	0.6	3.8
"dominula"	170	167	124	1	31.9	0.4	0.4	0	0.3	3.1
"dominula"	170	168	97	1	18.5	0.5	0.5	0	0.5	3.7
"dominula"	170	169	84	1	24.9	0.5	0.5	0	0.5	5.6
"dominula"	170	170	59	1	19.1	0.5	0.5	0	0.4	3.5
"dominula"	180	1	74	1	14.9	0.5	0.5	0	0	0
"dominula"	180	2	79	1	31.3	0.6	0.6	0.1	0	0.2
"dominula"	180	3	162	1	32.9	0.4	0.4	0	0.2	0
"dominula"	180	4	137	1	26.5	0.5	0.5	0	0	0
"dominula"	180	5	180	1	35.6	0.5	0.5	0	0.1	0.1
"dominula"	180	6	58	1	19.9	0.4	0.4	0	0.1	0
"dominula"	180	7	93	1	20.9	0.6	0.6	0	0.3	0.6
"dominula"	180	8	57	1	25.3	0.2	0.2	0.1	0.1	-0.4
"dominula"	180	9	46	1	18	0.4	0.4	0	0.1	-0.1
"dominula"	180	10	36	1	12	0.5	0.5	0.1	0.2	0.4
"dominula"	180	11	44	1	10.1	0.4	0.4	0	0.3	0.3
"dominula"	180	12	45	1	10	0.4	0.4	0	0.2	0.2
"dominula"	180	13	48	1	19.4	0.5	0.5	0	0.2	0.2
"dominula"	180	14	125	1	22.4	0.4	0.4	0	0.3	0.4
"dominula"	180	15	154	1	32.5	0.4	0.4	0	0.2	0
"dominula"	180	16	45	1	13.3	0.6	0.6	0	0.5	0.9
"dominula"	180	17	128	1	25.9	0.4	0.4	0	0.4	0.8
"dominula"	180	18	47	1	11.2	0.4	0.4	0.1	0.2	0.2
"dominula"	180	19	254	1	49.9	0.5	0.5	0	0.4	1.2
"dominula"	180	20	101	1	37.5	0.5	0.5	0	0.5	1.6
"dominula"	180	21	138	1	27.3	0.4	0.4	0	0.1	0.1
"dominula"	180	22	139	1	38.5	0.5	0.5	0	0.4	1.1
"dominula"	180	23	73	1	30.5	0	0	0	0	-0.8
"dominula"	180	24	256	1	46.4	0.1	0.1	0	0.1	-0.3
"dominula"	180	25	87	1	25.7	0.4	0.4	0	0.2	0.5
"dominula"	180	26	105	1	33.5	0.7	0.7	0	0.4	1.4
"dominula"	180	27	39	1	17	0.3	0.3	0	0.3	0.5
"dominula"	180	28	124	1	32	0.3	0.3	0	0.3	0.7
"dominula"	180	29	101	1	20.3	0.5	0.5	0	0.4	0.9
"dominula"	180	30	62	1	30.9	0.4	0.4	0	0.3	0.6
"dominula"	180	31	89	2	30.2	0.6	0.6	0	0	0.2
"dominula"	180	32	137	1	29	0.5	0.5	0	0.4	1.1
"dominula"	180	33	151	1	39	0.3	0.3	0	0.3	0.9
"dominula"	180	34	184	1	35.7	0.5	0.5	0	0.4	0.8
"dominula"	180	35	54	1	16.4	0.3	0.3	0	0.3	0.6
"dominula"	180	36	77	1	25.9	0.3	0.3	0	0.1	0.2
"dominula"	180	37	61	1	22.1	0.6	0.6	0	0.4	1.2
"dominula"	180	38	283	1	48.3	0.4	0.4	0	0.1	0.5
"dominula"	180	39	153	1	44.8	0.5	0.5	0	0.3	0.6
"dominula"	180	40	124	1	26.2	0.6	0.6	0	0.5	2.3
"dominula"	180	41	63	1	27.8	0.5	0.5	0	0.2	0.9
"dominula"	180	42	86	1	21.5	0.4	0.4	0	0.3	0.9
"dominula"	180	43	115	1	31.1	0.4	0.4	0	0.3	0.6
"dominula"	180	44	94	1	34.6	0.3	0.3	0	0.2	1
"dominula"	180	45	72	1	23.6	0.4	0.4	0	0.4	1.3
"dominula"	180	46	46	1	14	0.5	0.5	0	0.4	1.1
"dominula"	180	47	252	1	59.9	0.4	0.4	0	0.4	1.5
"dominula"	180	48	160	1	43.2	0.3	0.3	0	0.3	1.3
"dominula"	180	49	53	1	16.1	0.5	0.5	0	0.3	1.5
"dominula"	180	50	217	1	47.3	0.6	0.6	0	0.4	2.2
"dominula"	180	51	107	2	30.7	0.4	0.4	0	0.2	0.5
"dominula"	180	52	163	2	41.6	0.4	0.4	0	0.4	1.5
"dominula"	180	53	96	1	33.2	0.6	0.6	0	0.4	1.6
"dominula"	180	54	133	1	40.5	0.4	0.4	0	0.4	1.3
"dominula"	180	55	289	1	42.4	0.6	0.6	0	0.5	2.4
"dominula"	180	56	70	1	23.2	0.4	0.4	0	0.3	1.1
"dominula"	180	57	69	1	26.3	0.5	0.5	0	0.3	1.1
"dominula"	180	58	112	1	28.1	0.5	0.5	0	0.5	2.7
"dominula"	180	59	47	1	11.8	0.4	0.4	0	0.4	1.7
"dominula"	180	60	82	1	22.9	0.3	0.3	0	0.2	0.5
"dominula"	180	61	114	1	24.5	0.4	0.4	0	0.4	1.6
"dominula"	180	62	109	1	28.1	0.3	0.3	0	0.3	0.9
"dominula"	180	63	53	1	9.4	0.4	0.4	0	0.3	0.9
"dominula"	180	64	108	1	24.5	0.5	0.5	0	0.4	2.9
"dominula"	180	65	38	1	13.3	0.5	0.5	0	0.4	2.6
"dominula"	180	66	52	1	10.7	0.2	0.2	0	0.2	0.9
"dominula"	180	67	25	1	10	0.6	0.6	0	0.5	3.4
"dominula"	180	68	101	2	32.3	0.4	0.4	0	0.2	1.4
"dominula"	180	69	221	1	41.2	0.3	0.3	0	0.3	0.8
"dominula"	180	70	112	2	28.1	0.5	0.5	0	0.3	0.9
"dominula"	180	71	85	1	19.9	0.3	0.3	0	0.3	1.1
"dominula"	180	72	138	2	40.4	0.4	0.4	0	0.3	0.4
"dominula"	180	73	64	1	20.8	0.4	0.4	0	0.4	1.4
"dominula"	180	74	75	1	28	0.4	0.4	0	0.4	2.4
"dominula"	180	75	108	1	25.6	0.3	0.3	0	0.3	1.6
"dominula"	180	76	126	1	32.3	0.6	0.6	0	0.5	1.7
"dominula"	180	77	82	1	22.6	0.3	0.3	0	0.2	1
"dominula"	180	78	96	2	31	0.4	0.4	0.1	0.3	0.9
"dominula"	180	79	85	1	19.6	0.5	0.5	0	0.4	1.8
"dominula"	180	80	122	1	33.4	0.5	0.5	0	0.4	2.5
"dominula"	180	81	116	1	18.7	0.5	0.5	0	0.4	1.4
"dominula"	180	82	128	1	25.7	0.5	0.5	0	0.4	1.7
"dominula"	180	83	75	2	33.1	0.3	0.3	0	0.1	1.1
"dominula"	180	84	132	1	46.2	0.4	0.4	0	0.4	1.8
"dominula"	180	85	180	2	40.8	0.7	0.7	0	0.4	1.9
"dominula"	180	86	180	1	42.4	0.3	0.3	0	0.3	1.9
"dominula"	180	87	36	1	13.3	0.5	0.5	0	0.4	2.5
"dominula"	180	88	81	2	27.3	0.5	0.5	0	0.2	0.7
"dominula"	180	89	124	3	42.1	0.4	0.4	0	0.2	1.1
"dominula"	180	90	78	1	21.8	0.3	0.3	0	0.3	1.8
"dominula"	180	91	90	1	31.7	0.5	0.5	0	0.5	2.2
"dominula"	180	92	160	2	32.3	0.6	0.6	0	0.4	2.4
"dominula"	180	93	164	1	50.6	0.5	0.5	0	0.5	2.2
"dominula"	180	94	134	1	34.9	0.5	0.5	0	0.3	2.7
"dominula"	180	95	131	3	32.8	0.4	0.4	0.1	0.1	-0.1
"dominula"	180	96	80	1	21.1	0.5	0.5	0	0.5	1.7
"dominula"	180	97	49	2	17.2	0.5	0.5	0	0.5	1.2
"dominula"	180	98	69	1	26.7	0.4	0.4	0	0.3	1.5
"dominula"	180	99	169	2	45.3	0.4	0.4	0	0.3	1
"dominula"	180	100	127	1	42.5	0.2	0.2	0	0.1	0
"dominula"	180	101	81	1	31.4	0.5	0.5	0.1	0.3	3.3
"dominula"	180	102	120	1	27.5	0.4	0.4	0.1	0.1	0.6
"dominula"	180	103	40	1	14.9	0.3	0.3	0	0.3	1.5
"dominula"	180	104	87	1	22.9	0.2	0.2	0	0.1	0.9
"dominula"	180	105	91	2	23.5	0.5	0.5	0	0.4	1.3
"dominula"	180	106	175	2	34.6	0.4	0.4	0	0.4	0.9
"dominula"	180	107	73	1	20.2	0.5	0.5	0	0.3	1.5
"dominula"	180	108	78	1	20.2	0.4	0.4	0	0.4	2.9
"dominula"	180	109	159	2	35.6	0.4	0.4	0	0.3	0.4
"dominula"	180	110	180	2	41.8	0.4	0.4	0	0.4	1.6
"dominula"	180	111	43	1	12.7	0.5	0.5	0	0.4	3.1
"dominula"	180	112	41	1	17.5	0.2	0.2	0	0.2	0.8
"dominula"	180	113	126	2	29.4	0.6	0.6	0	0.4	2.8
"dominula"	180	114	51	1	15.1	0.5	0.5	0	0.4	2.8
"dominula"	180	115	143	2	38.8	0.5	0.5	0	0.4	3.7
"dominula"	180	116	86	1	31	0.3	0.3	0	0.3	0.9
"dominula"	180	117	115	1	27	0.5	0.5	0	0.4	2.9
"dominula"	180	118	62	1	21.7	0.6	0.6	0	0.6	4.1
"dominula"	180	119	105	2	27.1	0.4	0.4	0	0.4	2
"dominula"	180	120	102	1	23.3	0.4	0.4	0.1	0.2	1.4
"dominula"	180	121	76	2	18.1	0.5	0.5	0.1	0.3	1.1
"dominula"	180	122	64	2	28.4	0.5	0.5	0	0.4	2.9
"dominula"	180	123	113	1	31.6	0.5	0.5	0.1	0.1	1
"dominula"	180	124	108	1	35.6	0.4	0.4	0	0.3	1.7
"dominula"	180	125	93	2	21.3	0.2	0.2	0	0.2	1.2
"dominula"	180	126	117	1	32.5	0.5	0.5	0	0.4	3.3
"dominula"	180	127	166	1	35.3	0.3	0.3	0	0.3	0.9
"dominula"	180	128	103	2	38	0.4	0.4	0	0.4	1.4
"dominula"	180	129	80	1	28.8	0.7	0.7	0	0.5	2.5
"dominula"	180	130	79	1	27.3	0.5	0.5	0	0.4	2.5
"dominula"	180	131	189	1	29.7	0.4	0.4	0	0.4	1.6
"dominula"	180	132	96	2	27.8	0.5	0.5	0	0.5	2.5
"dominula"	180	133	78	1	20.1	0.6	0.6	0	0.6	2.8
"dominula"	180	134	80	2	30	0.7	0.7	0	0.5	3.2
"dominula"	180	135	182	1	29.5	0.5	0.5	0	0.4	2.6
"dominula"	180	136	66	2	17.2	0.6	0.6	0	0.6	3.1
"dominula"	180	137	113	2	27.5	0.5	0.5	0	0.4	2
"dominula"	180	138	81	1	16.2	0.5	0.5	0	0.5	2
"dominula"	180	139	66	1	20.1	0.3	0.3	0	0.3	1.8
"dominula"	180	140	171	1	41.2	0.4	0.4	0	0.3	2.8
"dominula"	180	141	201	2	33.1	0.4	0.4	0	0.4	1.9
"dominula"	180	142	53	1	16.7	0.3	0.3	0	0.3	3
"dominula"	180	143	133	1	30.5	0.4	0.4	0	0.4	3.5
"dominula"	180	144	108	1	25.1	0.6	0.6	0	0.5	4.8
"dominula"	180	145	97	2	23.2	0.4	0.4	0	0.3	2.7
"dominula"	180	146	181	1	43	0.3	0.3	0	0.3	2.5
"dominula"	180	147	197	1	51.7	0.3	0.3	0	0.3	2.1
"dominula"	180	148	181	2	38.1	0.4	0.4	0	0.4	3.5
"dominula"	180	149	225	2	38.9	0.5	0.5	0	0.5	2.1
"dominula"	180	150	55	1	15.3	0.4	0.4	0	0.4	4
"dominula"	180	151	68	2	23.2	0.6	0.6	0	0.4	3.6
"dominula"	180	152	75	1	26.1	0.3	0.3	0	0.3	1.9
"dominula"	180	153	135	2	33.4	0.5	0.5	0	0.5	2
"dominula"	180	154	86	1	21	0.3	0.3	0	0.2	1.1
"dominula"	180	155	65	2	23.4	0.4	0.4	0	0.3	2.4
"dominula"	180	156	102	1	32.1	0.5	0.5	0.1	0.4	1.9
"dominula"	180	157	85	1	30.4	0.4	0.4	0	0.3	1
"dominula"	180	158	97	1	25.2	0.5	0.5	0	0.5	3.9
"dominula"	180	159	114	2	24.2	0.4	0.4	0	0.4	2.1
"dominula"	180	160	159	2	44.2	0.4	0.4	0	0.4	3.6
"dominula"	180	161	99	2	44.9	0.5	0.5	0	0.3	1.4
"dominula"	180	162	54	3	20.1	0.3	0.3	0	0.2	0.9
"dominula"	180	163	52	2	21.7	0.5	0.5	0	0.3	2.5
"dominula"	180	164	317	1	50	0.3	0.3	0	0.3	2.8
"dominula"	180	165	66	1	35.4	0.3	0.3	0	0.2	1.4
"dominula"	180	166	104	1	34.8	0.5	0.5	0	0.4	2.9
"dominula"	180	167	99	1	32.9	0.3	0.3	0	0.2	1.1
"dominula"	180	168	75	1	22.6	0.5	0.5	0	0.4	3.9
"dominula"	180	169	31	1	16.5	0.3	0.3	0	0.3	2.3
"dominula"	180	170	79	1	22.1	0.3	0.3	0	0.3	2.8
"dominula"	180	171	150	1	44	0.6	0.6	0	0.4	2.8
"dominula"	180	172	99	2	35	0.5	0.5	0	0.3	1.7
"dominula"	180	173	193	1	45.8	0.5	0.5	0	0.4	4.4
"dominula"	180	174	88	2	37.8	0.4	0.4	0	0.4	3.1
"dominula"	180	175	88	1	31.5	0.5	0.5	0	0.4	2.3
"dominula"	180	176	61	1	19	0.2	0.2	0	0.1	2.3
"dominula"	180	177	100	2	32.3	0.4	0.4	0	0.3	1.1
"dominula"	180	178	68	2	17.9	0.6	0.6	0	0.6	3.1
"dominula"	180	179	86	2	30.8	0.5	0.5	0	0.5	1.8
"dominula"	180	180	73	2	25.2	0.5	0.5	0	0.5	1.4
"dominula"	190	1	50	1	19.9	0.5	0.5	0	0	0
"dominula"	190	2	70	1	24	0.5	0.5	0	0	0
"dominula"	190	3	73	1	20.9	0.6	0.6	0	0.1	0.3
"dominula"	190	4	47	1	17.3	0.6	0.6	0	0.1	0.3
"dominula"	190	5	47	1	11.8	0.5	0.5	0	0.2	0.2
"dominula"	190	6	66	1	21.5	0.5	0.5	0	0.1	0.1
"dominula"	190	7	39	1	15.7	0.5	0.5	0.1	0.3	0.4
"dominula"	190	8	33	1	16.3	0.4	0.4	0	0.1	-0.1
"dominula"	190	9	102	1	33	0.7	0.7	0	0.3	0.9
"dominula"	190	10	87	1	24.5	0.5	0.5	0	0.3	0.3
"dominula"	190	11	42	1	10.1	0.4	0.4	0	0.3	0.2
"dominula"	190	12	58	1	15.2	0.5	0.5	0	0.2	0.4
"dominula"	190	13	51	1	15.8	0.6	0.6	0	0.3	0.7
"dominula"	190	14	105	1	29.4	0.6	0.6	0	0.2	0.7
"dominula"	190	15	74	1	22.1	0.4	0.4	0.2	0.1	0.3
"dominula"	190	16	108	1	35.1	0.6	0.6	0	0.3	0.9
"dominula"	190	17	93	1	26.4	0.5	0.5	0.1	0.4	1.3
"dominula"	190	18	48	1	12.4	0.5	0.5	0	0.4	1
"dominula"	190	19	77	1	19.9	0.6	0.6	0	0.3	0.7
"dominula"	190	20	108	1	36.7	0.8	0.8	0	0.3	1.3
"dominula"	190	21	95	1	20.6	0.5	0.5	0	0.4	1.2
"dominula"	190	22	72	1	29.5	0.5	0.5	0	0.2	0.5
"dominula"	190	23	68	1	28	0.3	0.3	0	0.2	0.9
"dominula"	190	24	71	1	24.5	0.7	0.7	0	0.4	1.5
"dominula"	190	25	58	1	22.7	0.5	0.5	0.1	0.2	0.5
"dominula"	190	26	67	1	17.6	0.7	0.7	0	0.4	1.8
"dominula"	190	27	62	1	18.8	0.6	0.6	0	0.4	1.6
"dominula"	190	28	134	1	40.5	0.5	0.5	0	0.4	1.2
"dominula"	190	29	54	1	19	0.4	0.4	0	0.2	0.3
"dominula"	190	30	44	1	17.2	0.6	0.6	0	0.2	0.6
"dominula"	190	31	79	1	22	0.6	0.6	0	0.4	1.3
"dominula"	190	32	56	1	15.9	0.4	0.4	0	0.4	1.8
"dominula"	190	33	44	1	15.6	0.4	0.4	0	0.3	0.5
"dominula"	190	34	103	1	30.3	0.7	0.7	0	0.5	1.4
"dominula"	190	35	81	1	16	0.4	0.4	0	0.4	1.6
"dominula"	190	36	64	1	14.6	0.4	0.4	0	0.3	1
"dominula"	190	37	94	1	25.6	0.5	0.5	0	0.3	1.1
"dominula"	190	38	113	1	29.1	0.7	0.7	0	0.4	2.2
"dominula"	190	39	73	1	26.3	0.7	0.7	0	0.6	2.1
"dominula"	190	40	73	1	21.7	0.7	0.7	0	0.4	2
"dominula"	190	41	103	1	26.7	0.4	0.4	0	0.4	1.9
"dominula"	190	42	91	1	18.7	0.4	0.4	0	0.4	1.3
"dominula"	190	43	98	1	28.1	0.5	0.5	0	0.2	2.2
"dominula"	190	44	81	1	18.6	0.5	0.5	0.1	0.4	1.4
"dominula"	190	45	47	1	18.3	0.5	0.5	0	0.5	2.5
"dominula"	190	46	141	2	30.8	0.4	0.4	0	0.2	0.5
"dominula"	190	47	71	1	26.7	0.7	0.7	0	0.5	1.9
"dominula"	190	48	46	1	17.8	0.4	0.4	0	0.3	1.8
"dominula"	190	49	87	1	15.7	0.5	0.5	0	0.4	2.3
"dominula"	190	50	65	1	21.7	0.6	0.6	0	0.4	2
"dominula"	190	51	104	1	35	0.5	0.5	0	0.4	1.7
"dominula"	190	52	78	1	24.9	0.4	0.4	0	0.3	0.5
"dominula"	190	53	92	1	25.1	0.5	0.5	0	0.4	1.5
"dominula"	190	54	87	1	20.6	0.7	0.7	0.1	0.4	2.7
"dominula"	190	55	104	1	25.8	0.7	0.7	0	0.5	1.6
"dominula"	190	56	111	1	35.9	0.8	0.8	0	0.4	2.5
"dominula"	190	57	150	1	40.3	0.5	0.5	0	0.2	1
"dominula"	190	58	87	1	19.7	0.6	0.6	0	0.6	2.8
"dominula"	190	59	153	1	35.9	0.6	0.6	0	0.3	2.9
"dominula"	190	60	87	1	28.5	0.6	0.6	0	0.4	1.7
"dominula"	190	61	160	1	45.1	0.8	0.8	0	0.5	3
"dominula"	190	62	56	1	18.2	0.5	0.5	0	0.4	1.2
"dominula"	190	63	61	1	13.2	0.4	0.4	0.1	0.3	2.1
"dominula"	190	64	63	1	16.3	0.6	0.6	0	0.3	1.6
"dominula"	190	65	152	1	41.9	0.5	0.5	0	0.3	2.4
"dominula"	190	66	151	1	30.5	0.5	0.5	0	0.5	3
"dominula"	190	67	56	1	14.6	0.5	0.5	0	0.5	3
"dominula"	190	68	84	1	17.5	0.6	0.6	0	0.4	1.9
"dominula"	190	69	87	1	24	0.6	0.6	0.1	0.4	2.9
"dominula"	190	70	91	1	32.2	0.4	0.4	0	0.3	1.1
"dominula"	190	71	53	1	13.5	0.3	0.3	0	0.3	1.2
"dominula"	190	72	175	1	33.9	0.2	0.2	0	0.2	1.2
"dominula"	190	73	76	1	21.1	0.6	0.6	0	0.5	2.3
"dominula"	190	74	294	1	63.1	0.5	0.5	0	0.3	1.5
"dominula"	190	75	42	1	12.3	0.4	0.4	0	0.3	1.5
"dominula"	190	76	58	1	22.8	0.4	0.4	0	0.4	2.6
"dominula"	190	77	36	1	9.1	0.5	0.5	0	0.2	1.2
"dominula"	190	78	57	1	16.1	0.4	0.4	0	0.3	0.3
"dominula"	190	79	63	1	16	0.4	0.4	0	0.3	2.8
"dominula"	190	80	87	2	22.2	0.5	0.5	0	0.3	1.7
"dominula"	190	81	134	1	33.2	0.5	0.5	0	0.3	1.5
"dominula"	190	82	74	1	23.3	0.6	0.6	0.1	0.3	3.6
"dominula"	190	83	48	1	13.9	0.5	0.5	0	0.5	3.3
"dominula"	190	84	95	1	23.5	0.6	0.6	0	0.4	2.2
"dominula"	190	85	60	1	23.1	0.5	0.5	0	0.5	2.6
"dominula"	190	86	61	1	24.2	0.5	0.5	0	0.4	3
"dominula"	190	87	56	1	19.1	0.7	0.7	0	0.4	2.2
"dominula"	190	88	79	1	17.7	0.4	0.4	0	0.3	1
"dominula"	190	89	81	2	25.2	0.5	0.5	0	0.4	2.6
"dominula"	190	90	86	1	14.1	0.4	0.4	0	0.3	0.7
"dominula"	190	91	108	2	26.2	0.6	0.6	0	0.6	2.7
"dominula"	190	92	63	1	22.3	0.4	0.4	0	0.4	2.1
"dominula"	190	93	135	1	45.5	0.7	0.7	0	0.5	2.9
"dominula"	190	94	88	2	23	0.5	0.5	0	0.3	2
"dominula"	190	95	107	1	25.2	0.4	0.4	0	0.4	2
"dominula"	190	96	75	1	22.5	0.4	0.4	0	0.4	3.5
"dominula"	190	97	82	1	26.9	0.5	0.5	0	0.5	3.7
"dominula"	190	98	68	1	20.6	0.5	0.5	0	0.5	2.8
"dominula"	190	99	82	1	21.3	0.6	0.6	0	0.5	3.7
"dominula"	190	100	74	2	27.9	0.7	0.7	0	0.4	1.8
"dominula"	190	101	57	1	15.4	0.6	0.6	0	0.6	4.5
"dominula"	190	102	61	1	16.1	0.6	0.6	0	0.4	2.3
"dominula"	190	103	48	1	14.6	0.3	0.3	0	0.3	0.9
"dominula"	190	104	126	1	26.6	0.5	0.5	0	0.4	1.6
"dominula"	190	105	55	2	20.3	0.6	0.6	0	0.6	4.1
"dominula"	190	106	83	1	23.9	0.7	0.7	0	0.5	3.6
"dominula"	190	107	57	1	17	0.4	0.4	0	0.4	1.7
"dominula"	190	108	115	1	28.3	0.6	0.6	0	0.4	2.8
"dominula"	190	109	129	1	31.4	0.6	0.6	0	0.5	2
"dominula"	190	110	96	1	28.5	0.7	0.7	0	0.6	3.7
"dominula"	190	111	53	1	19.4	0.5	0.5	0.1	0.4	3.6
"dominula"	190	112	111	2	30.6	0.6	0.6	0	0.5	1.7
"dominula"	190	113	88	1	19.8	0.5	0.5	0	0.4	4.1
"dominula"	190	114	92	3	21.6	0.3	0.3	0	0.1	0.2
"dominula"	190	115	57	1	25.4	0.5	0.5	0	0.5	2.6
"dominula"	190	116	96	1	27.9	0.6	0.6	0	0.5	2.4
"dominula"	190	117	56	1	21.5	0.7	0.7	0	0.6	5
"dominula"	190	118	69	2	20.9	0.7	0.7	0	0.5	2.1
"dominula"	190	119	52	2	12.2	0.3	0.3	0	0.2	2.5
"dominula"	190	120	41	1	12.9	0.4	0.4	0	0.4	4.1
"dominula"	190	121	86	2	19.8	0.6	0.6	0	0.4	3.7
"dominula"	190	122	87	1	25	0.5	0.5	0	0.4	2.6
"dominula"	190	123	107	1	25.1	0.5	0.5	0	0.4	4.2
"dominula"	190	124	63	1	17.5	0.5	0.5	0	0.4	3.6
"dominula"	190	125	88	1	30.2	0.5	0.5	0	0.4	3.2
"dominula"	190	126	116	1	34.3	0.3	0.3	0	0.3	1.6
"dominula"	190	127	91	1	22.2	0.7	0.7	0	0.5	3
"dominula"	190	128	65	2	21	0.6	0.6	0.1	0.5	4.2
"dominula"	190	129	77	1	28.3	0.3	0.3	0	0.3	2.9
"dominula"	190	130	124	2	30.1	0.6	0.6	0	0.3	3.1
"dominula"	190	131	41	2	17.8	0.3	0.3	0	0.3	0.6
"dominula"	190	132	42	1	18.9	0.6	0.6	0	0.5	4.1
"dominula"	190	133	90	1	22.7	0.6	0.6	0.1	0.4	3.7
"dominula"	190	134	41	1	16.6	0.3	0.3	0	0.3	2.3
"dominula"	190	135	57	2	24	0.7	0.7	0	0.7	3.9
"dominula"	190	136	48	1	17.2	0.5	0.5	0.1	0.4	3.4
"dominula"	190	137	43	2	18	0.4	0.4	0	0.4	2
"dominula"	190	138	116	1	27.4	0.5	0.5	0.1	0.4	2.2
"dominula"	190	139	128	1	29.5	0.5	0.5	0	0.5	2.7
"dominula"	190	140	99	1	26.3	0.7	0.7	0	0.5	4.5
"dominula"	190	141	100	1	30.7	0.5	0.5	0.1	0.3	2.5
"dominula"	190	142	93	1	18.2	0.4	0.4	0	0.3	4.1
"dominula"	190	143	81	1	26.1	0.6	0.6	0.1	0.4	2.4
"dominula"	190	144	61	1	18	0.6	0.6	0	0.6	3.6
"dominula"	190	145	46	1	10.9	0.4	0.4	0	0.4	3.3
"dominula"	190	146	35	2	14.4	0.5	0.5	0	0.5	2.8
"dominula"	190	147	77	1	15.5	0.5	0.5	0	0.4	3.8
"dominula"	190	148	97	1	26.4	0.6	0.6	0	0.5	4.2
"dominula"	190	149	70	2	24.4	0.6	0.6	0	0.5	2.7
"dominula"	190	150	82	1	26	0.5	0.5	0	0.4	3.2
"dominula"	190	151	106	2	25.5	0.6	0.6	0	0.4	1.3
"dominula"	190	152	183	1	30.9	0.5	0.5	0	0.4	5.7
"dominula"	190	153	51	1	15.6	0.4	0.4	0	0.4	2.6
"dominula"	190	154	64	2	16.7	0.5	0.5	0	0.5	3
"dominula"	190	155	84	2	22.4	0.5	0.5	0	0.5	3.6
"dominula"	190	156	145	1	23.5	0.5	0.5	0	0.5	5.6
"dominula"	190	157	103	1	28.9	0.7	0.7	0	0.7	5.1
"dominula"	190	158	81	1	36.5	0.6	0.6	0	0.4	4
"dominula"	190	159	51	1	17.2	0.4	0.4	0	0.3	5.2
"dominula"	190	160	39	2	11.6	0.3	0.3	0	0.2	3
"dominula"	190	161	94	1	19.5	0.6	0.6	0	0.5	3.8
"dominula"	190	162	95	1	31.5	0.6	0.6	0	0.4	4.4
"dominula"	190	163	112	2	25.3	0.5	0.5	0	0.5	3.9
"dominula"	190	164	105	1	32.2	0.6	0.6	0	0.3	3
"dominula"	190	165	48	2	19.2	0.5	0.5	0	0.5	3.3
"dominula"	190	166	91	1	33.1	0.4	0.4	0	0.3	3
"dominula"	190	167	53	1	19.6	0.5	0.5	0	0.5	5.9
"dominula"	190	168	145	1	38.4	0.7	0.7	0.1	0.3	3.7
"dominula"	190	169	69	1	21.2	0.7	0.7	0	0.6	3.7
"dominula"	190	170	130	1	29.3	0.4	0.4	0	0.4	4.9
"dominula"	190	171	52	1	11.6	0.4	0.4	0	0.4	2.3
"dominula"	190	172	129	1	37.8	0.4	0.4	0	0.3	4
"dominula"	190	173	97	1	22.5	0.4	0.4	0	0.4	3
"dominula"	190	174	102	1	23	0.5	0.5	0	0.4	2.5
"dominula"	190	175	69	1	15.8	0.6	0.6	0	0.5	3.8
"dominula"	190	176	80	1	24.1	0.5	0.5	0	0.5	6.6
"dominula"	190	177	51	1	13.5	0.5	0.5	0	0.4	2.7
"dominula"	190	178	66	2	15.2	0.6	0.6	0	0.4	1.5
"dominula"	190	179	107	1	34.5	0.6	0.6	0	0.5	5.5
"dominula"	190	180	95	1	27	0.3	0.3	0	0.3	3.7
"dominula"	190	181	66	1	15	0.5	0.5	0	0.5	4.9
"dominula"	190	182	223	2	43.2	0.6	0.6	0	0.5	5
"dominula"	190	183	82	1	28.4	0.6	0.6	0	0.6	5.8
"dominula"	190	184	112	2	38.9	0.4	0.4	0.1	0.2	0.6
"dominula"	190	185	105	1	36.2	0.4	0.4	0	0.2	2.4
"dominula"	190	186	70	1	17.5	0.6	0.6	0	0.5	7.4
"dominula"	190	187	78	1	17.9	0.6	0.6	0	0.5	4.8
"dominula"	190	188	71	1	26.6	0.5	0.5	0	0.5	4.3
"dominula"	190	189	36	1	11.5	0.4	0.4	0	0.4	3.8
"dominula"	190	190	52	1	20.4	0.4	0.4	0	0.4	4.8
"dominula"	200	1	153	1	38.8	0.4	0.4	0	0	-0.2
"dominula"	200	2	90	1	30.4	0.3	0.3	0	0.1	-0.3
"dominula"	200	3	103	1	27.1	0.2	0.2	0	0	-0.6
"dominula"	200	4	132	2	45.6	0.3	0.3	0	0	-0.4
"dominula"	200	5	75	2	31.5	0.3	0.3	0	0	-0.4
"dominula"	200	6	84	1	41.4	0.2	0.2	0	0.1	-0.4
"dominula"	200	7	37	1	21.1	0.1	0.1	0	0	-0.8
"dominula"	200	8	152	2	44	0.2	0.2	0	0.1	-0.3
"dominula"	200	9	142	1	35.6	0.1	0.1	0	0	-0.8
"dominula"	200	10	61	1	27	0.2	0.2	0	0.1	-0.2
"dominula"	200	11	126	2	30.1	0.2	0.2	0	0.1	-0.5
"dominula"	200	12	140	1	43.9	0.3	0.3	0.1	0	-0.4
"dominula"	200	13	132	1	43.6	0.3	0.3	0	0.1	-0.3
"dominula"	200	14	123	1	43.1	0.2	0.2	0	0.1	-0.5
"dominula"	200	15	146	1	48.9	0.4	0.4	0	0.1	0
"dominula"	200	16	54	1	15.7	0.1	0.1	0.1	0	-0.8
"dominula"	200	17	88	1	20.3	0.2	0.2	0	0.1	-0.4
"dominula"	200	18	104	2	27.1	0.3	0.3	0	0	-0.4
"dominula"	200	19	188	2	55.6	0.2	0.2	0	0.1	-0.1
"dominula"	200	20	111	2	28.3	0.3	0.3	0	0	-0.4
"dominula"	200	21	88	2	29.3	0.1	0.1	0	0.1	-0.7
"dominula"	200	22	81	3	26.9	0.2	0.2	0	0.1	-0.5
"dominula"	200	23	144	2	47.7	0.3	0.3	0	0.1	-0.1
"dominula"	200	24	132	1	58.5	0.1	0.1	0	0.1	-0.2
"dominula"	200	25	169	2	42.2	0.2	0.2	0	0.1	-0.3
"dominula"	200	26	152	1	27.9	0.2	0.2	0	0.2	0.1
"dominula"	200	27	131	1	42.6	0.1	0.1	0	0.1	-0.7
"dominula"	200	28	65	1	24.8	0.4	0.4	0	0.1	0
"dominula"	200	29	224	2	65.6	0.4	0.4	0	0	-0.2
"dominula"	200	30	89	1	25.9	0.2	0.2	0	0.2	-0.2
"dominula"	200	31	126	3	27.7	0.1	0.1	0	0.1	-0.1
"dominula"	200	32	125	2	36.9	0.4	0.4	0	0.3	0.5
"dominula"	200	33	169	2	34.7	0.3	0.3	0	0	-0.4
"dominula"	200	34	135	2	41.5	0.1	0.1	0	0.1	-0.3
"dominula"	200	35	78	1	27.4	0.2	0.2	0	0.1	0
"dominula"	200	36	69	1	22.3	0.2	0.2	0	0.1	-0.1
"dominula"	200	37	114	2	52.9	0.2	0.2	0	0	-0.6
"dominula"	200	38	121	2	50.7	0.2	0.2	0	0	-0.6
"dominula"	200	39	177	1	46.9	0.3	0.3	0	0.1	-0.3
"dominula"	200	40	131	1	39.1	0.1	0.1	0	0.1	-0.7
"dominula"	200	41	145	1	36	0.3	0.3	0	0.1	-0.2
"dominula"	200	42	179	4	56	0.2	0.2	0	0.1	-0.5
"dominula"	200	43	39	1	12.4	0.2	0.2	0	0.2	-0.2
"dominula"	200	44	178	1	47	0.3	0.3	0	0.1	0
"dominula"	200	45	48	1	25.1	0.3	0.3	0	0.1	0.1
"dominula"	200	46	84	1	35.8	0.3	0.3	0	0.2	0.3
"dominula"	200	47	95	2	36	0.2	0.2	0	0.1	-0.5
"dominula"	200	48	91	2	23.9	0.2	0.2	0	0.2	0
"dominula"	200	49	259	1	39.9	0.1	0.1	0	0	-0.8
"dominula"	200	50	42	1	24.3	0.3	0.3	0	0.1	-0.3
"dominula"	200	51	38	2	10.6	0.2	0.2	0	0.1	-0.5
"dominula"	200	52	77	1	31.2	0.3	0.3	0	0.3	-0.1
"dominula"	200	53	108	1	27.9	0.3	0.3	0	0.1	-0.2
"dominula"	200	54	45	1	20.6	0.2	0.2	0	0.2	0.2
"dominula"	200	55	60	1	20.6	0.1	0.1	0	0.1	-0.6
"dominula"	200	56	59	1	22	0.2	0.2	0	0.1	-0.3
"dominula"	200	57	81	1	24.2	0.3	0.3	0.1	0.1	-0.2
"dominula"	200	58	152	2	48.3	0.1	0.1	0	0.1	-0.7
"dominula"	200	59	69	1	31	0.3	0.3	0	0.3	0
"dominula"	200	60	116	1	29	0.2	0.2	0	0.1	0.1
"dominula"	200	61	142	1	57.9	0.2	0.2	0	0.1	-0.3
"dominula"	200	62	345	1	52.2	0.2	0.2	0	0.2	0.4
"dominula"	200	63	61	1	34.4	0.3	0.3	0	0.2	0.6
"dominula"	200	64	323	2	67.6	0.2	0.2	0	0.2	0.1
"dominula"	200	65	118	1	39.3	0.2	0.2	0	0.1	0.1
"dominula"	200	66	315	4	60.3	0.1	0.1	0	0.1	-0.7
"dominula"	200	67	172	3	51	0.1	0.1	0	0.1	-0.6
"dominula"	200	68	129	1	30.1	0.2	0.2	0	0.1	-0.4
"dominula"	200	69	211	1	54	0.2	0.2	0	0.1	-0.3
"dominula"	200	70	108	1	53.5	0.2	0.2	0	0.1	-0.2
"dominula"	200	71	212	2	49.4	0.2	0.2	0	0.2	-0.3
"dominula"	200	72	136	2	35.2	0.2	0.2	0	0.2	-0.2
"dominula"	200	73	67	2	29.9	0.2	0.2	0	0.1	-0.5
"dominula"	200	74	136	1	59.8	0.3	0.3	0	0.1	0.6
"dominula"	200	75	122	1	22.2	0	0	0	0	-0.7
"dominula"	200	76	102	4	32.9	0.2	0.2	0	0.1	-0.2
"dominula"	200	77	78	1	21.6	0.1	0.1	0	0.1	-0.3
"dominula"	200	78	88	2	34.9	0.4	0.4	0	0.2	0.2
"dominula"	200	79	118	2	32.2	0.2	0.2	0	0.1	-0.1
"dominula"	200	80	86	1	30.4	0.1	0.1	0	0.1	0
"dominula"	200	81	198	2	49.9	0.2	0.2	0	0.1	-0.4
"dominula"	200	82	94	1	38.5	0	0	0	0	-1
"dominula"	200	83	146	2	42.7	0.2	0.2	0	0.1	-0.3
"dominula"	200	84	59	6	33.8	0.4	0.4	0	0.2	0.5
"dominula"	200	85	243	1	46.5	0.1	0.1	0	0.1	-0.2
"dominula"	200	86	51	1	23.7	0.3	0.3	0	0.2	0.6
"dominula"	200	87	142	2	41.6	0.3	0.3	0	0.2	0.5
"dominula"	200	88	92	2	29.3	0.1	0.1	0	0.1	-0.4
"dominula"	200	89	102	2	25.1	0.3	0.3	0.1	0.1	0.4
"dominula"	200	90	90	1	30.7	0.1	0.1	0	0.1	-0.6
"dominula"	200	91	234	1	66.4	0.3	0.3	0	0.2	0.8
"dominula"	200	92	135	3	55.7	0.2	0.2	0	0.2	-0.3
"dominula"	200	93	108	1	51.3	0.2	0.2	0	0.1	0.3
"dominula"	200	94	316	3	79.9	0.1	0.1	0	0.1	-0.5
"dominula"	200	95	73	1	17.5	0.2	0.2	0	0.2	0.8
"dominula"	200	96	144	1	32.6	0.2	0.2	0	0.2	0.7
"dominula"	200	97	88	1	33.5	0.3	0.3	0	0	-0.4
"dominula"	200	98	116	2	34.6	0.5	0.5	0.1	0.2	1.2
"dominula"	200	99	114	1	38.9	0.2	0.2	0	0.1	0.1
"dominula"	200	100	127	2	49.9	0.4	0.4	0	0.1	0.6
"dominula"	200	101	303	1	74.1	0.2	0.2	0	0.2	0.8
"dominula"	200	102	68	2	31.5	0.3	0.3	0	0.1	0.1
"dominula"	200	103	295	1	75.3	0.3	0.3	0	0.3	1.1
"dominula"	200	104	65	8	25.5	0	0	0	0	-1
"dominula"	200	105	170	1	50.8	0.3	0.3	0	0.3	0.7
"dominula"	200	106	97	3	38.9	0.4	0.4	0	0.2	0.9
"dominula"	200	107	89	4	31.9	0.2	0.2	0	0.2	0.6
"dominula"	200	108	61	3	21.4	0.1	0.1	0	0.1	-0.3
"dominula"	200	109	96	2	32.7	0.1	0.1	0	0.1	0.7
"dominula"	200	110	151	3	51.6	0.2	0.2	0	0.1	-0.5
"dominula"	200	111	323	1	55.4	0	0	0	0	0.2
"dominula"	200	112	133	1	47.2	0.1	0.1	0	0.1	-0.4
"dominula"	200	113	62	2	17.9	0.4	0.4	0	0.3	0.5
"dominula"	200	114	133	23	71.8	0.3	0.3	0	0.2	-0.1
"dominula"	200	115	161	6	53.8	0.3	0.3	0	0.2	0.5
"dominula"	200	116	156	4	36.9	0.1	0.1	0	0.1	-0.2
"dominula"	200	117	98	1	50.9	0.3	0.3	0	0.2	0.5
"dominula"	200	118	109	3	43.4	0.3	0.3	0	0.2	1.1
"dominula"	200	119	98	1	37.8	0.4	0.4	0	0.2	1.3
"dominula"	200	120	259	1	48.5	0.1	0.1	0	0.1	0
"dominula"	200	121	72	3	34.3	0.3	0.3	0	0.3	-0.1
"dominula"	200	122	136	2	40.3	0.4	0.4	0	0.3	1
"dominula"	200	123	87	1	32.3	0.2	0.2	0	0.2	0.8
"dominula"	200	124	35	2	21.1	0.2	0.2	0	0.1	-0.4
"dominula"	200	125	174	9	63.9	0.1	0.1	0	0.1	-0.1
"dominula"	200	126	122	4	39.6	0.1	0.1	0	0.1	0.1
"dominula"	200	127	111	1	25	0.1	0.1	0	0.1	-0.6
"dominula"	200	128	185	1	37.4	0.2	0.2	0	0.2	1
"dominula"	200	129	118	1	36.6	0.3	0.3	0	0.2	1.7
"dominula"	200	130	91	2	30.1	0.2	0.2	0	0.2	0
"dominula"	200	131	78	1	36.2	0.1	0.1	0	0.1	0.2
"dominula"	200	132	83	1	33.4	0.2	0.2	0	0.1	0.4
"dominula"	200	133	48	1	17	0.2	0.2	0.1	0.1	-0.3
"dominula"	200	134	91	2	27.2	0.3	0.3	0	0.1	0.2
"dominula"	200	135	124	2	47.2	0.4	0.4	0	0.2	0.5
"dominula"	200	136	101	1	34.5	0.2	0.2	0	0.2	0.8
"dominula"	200	137	131	9	49.5	0	0	0	0	-1
"dominula"	200	138	118	3	44.4	0.1	0.1	0	0.1	-0.5
"dominula"	200	139	88	1	36.6	0.3	0.3	0	0.3	0.8
"dominula"	200	140	98	1	34.7	0.2	0.2	0	0.2	0.9
"dominula"	200	141	94	3	29.8	0.3	0.3	0	0.2	0.5
"dominula"	200	142	160	1	33.7	0.1	0.1	0	0.1	-0.5
"dominula"	200	143	87	4	31.6	0.3	0.3	0	0.2	0.2
"dominula"	200	144	79	4	38.4	0.2	0.2	0	0.1	-0.2
"dominula"	200	145	76	4	22.3	0.1	0.1	0	0.1	-0.7
"dominula"	200	146	150	6	56.3	0.2	0.2	0.1	0.1	-0.3
"dominula"	200	147	69	2	36.5	0.1	0.1	0	0.1	0.9
"dominula"	200	148	60	2	30.4	0.2	0.2	0	0.1	-0.2
"dominula"	200	149	106	3	50	0.2	0.2	0	0.1	-0.2
"dominula"	200	150	239	2	51.6	0.1	0.1	0	0.1	0
"dominula"	200	151	111	3	41.1	0	0	0	0	-1
"dominula"	200	152	106	1	20.3	0.2	0.2	0	0.2	0.6
"dominula"	200	153	132	1	28.4	0.1	0.1	0	0.1	0.2
"dominula"	200	154	79	6	32.3	0.3	0.3	0	0.1	-0.2
"dominula"	200	155	164	2	33.5	0.2	0.2	0	0.1	-0.1
"dominula"	200	156	81	1	30.4	0	0	0	0	0
"dominula"	200	157	86	1	25.1	0.2	0.2	0	0.2	0.8
"dominula"	200	158	177	3	48	0.3	0.3	0	0.2	0.2
"dominula"	200	159	52	2	24.3	0.1	0.1	0	0.1	-0.2
"dominula"	200	160	250	4	49.9	0.5	0.5	0	0.4	2.3
"dominula"	200	161	119	2	41.5	0.3	0.3	0	0.2	1.2
"dominula"	200	162	141	2	37.9	0.2	0.2	0	0.1	-0.3
"dominula"	200	163	134	1	41.8	0.1	0.1	0	0.1	0.7
"dominula"	200	164	230	3	57.5	0.1	0.1	0	0	-0.8
"dominula"	200	165	153	1	35.7	0.3	0.3	0	0.3	1.6
"dominula"	200	166	70	1	23.2	0.3	0.3	0	0.2	1.1
"dominula"	200	167	66	3	28	0.3	0.3	0	0.2	0.8
"dominula"	200	168	63	4	29.8	0.2	0.2	0	0.2	0.3
"dominula"	200	169	174	1	44.8	0.2	0.2	0	0.2	0.9
"dominula"	200	170	69	2	28.4	0.2	0.2	0	0.2	1.2
"dominula"	200	171	135	2	43.9	0.2	0.2	0	0.2	0.6
"dominula"	200	172	210	2	77.2	0.1	0.1	0	0.1	-0.6
"dominula"	200	173	56	1	27.3	0.1	0.1	0	0.1	0.3
"dominula"	200	174	47	1	19.9	0.1	0.1	0	0.1	0.8
"dominula"	200	175	501	2	82.2	0.1	0.1	0	0.1	0.4
"dominula"	200	176	148	2	37.9	0.2	0.2	0	0.2	1.1
"dominula"	200	177	95	4	39.3	0.1	0.1	0	0.1	-0.3
"dominula"	200	178	98	6	47.1	0.2	0.2	0	0.1	0.6
"dominula"	200	179	126	1	42.7	0.1	0.1	0	0.1	0.4
"dominula"	200	180	244	1	64.4	0.2	0.2	0	0.1	1.1
"dominula"	200	181	79	4	29.9	0.2	0.2	0	0.2	0
"dominula"	200	182	115	1	36.6	0.2	0.2	0	0.2	0.4
"dominula"	200	183	73	3	32	0.1	0.1	0	0	-0.8
"dominula"	200	184	52	4	20.6	0.1	0.1	0	0.1	-0.7
"dominula"	200	185	131	1	32.7	0.3	0.3	0	0.3	1.3
"dominula"	200	186	109	1	38.8	0.3	0.3	0.1	0.2	1
"dominula"	200	187	76	2	26.5	0.2	0.2	0	0.1	0
"dominula"	200	188	203	2	44.5	0.2	0.2	0	0.2	0.2
"dominula"	200	189	261	1	63.9	0	0	0	0	-1
"dominula"	200	190	147	2	38.3	0.1	0.1	0	0.1	0
"dominula"	200	191	61	2	26.5	0.1	0.1	0	0.1	1.9
"dominula"	200	192	157	1	46.1	0.1	0.1	0	0.1	0.6
"dominula"	200	193	163	2	56.1	0.1	0.1	0	0.1	1.9
"dominula"	200	194	188	3	68	0.2	0.2	0	0	-0.6
"dominula"	200	195	106	1	29.8	0.3	0.3	0	0.3	1.5
"dominula"	200	196	68	1	25.6	0.2	0.2	0	0.2	1
"dominula"	200	197	121	2	32.4	0.2	0.2	0	0.2	1
"dominula"	200	198	109	2	21.8	0.2	0.2	0	0.2	0.4
"dominula"	200	199	77	1	33.6	0.2	0.2	0	0.2	1.2
"dominula"	200	200	91	2	31.8	0.2	0.2	0	0.2	-0.3
