"Species"	"number_wasps"	"w"	"max_steps"	"min_steps"	"mean_steps"	"mean_survival"	"mean_nested"	"mean_usurp"	"mean_coNested"	"mean_coNesters"
"dominula"	50	1	63	1	23.4	0.5	0.5	0	0	0
"dominula"	50	2	71	1	15.3	0.5	0.5	0	0	0
"dominula"	50	3	53	1	15.6	0.5	0.5	0	0	0
"dominula"	50	4	59	1	20.9	0.4	0.4	0.1	0	-0.2
"dominula"	50	5	60	1	15.4	0.5	0.5	0.1	0.1	0.1
"dominula"	50	6	32	1	11.6	0.5	0.5	0	0.2	0.2
"dominula"	50	7	73	1	23.8	0.4	0.4	0	0.2	0.1
"dominula"	50	8	158	1	24.3	0.5	0.5	0	0.2	0.4
"dominula"	50	9	92	1	24.6	0.6	0.6	0	0.2	0.5
"dominula"	50	10	114	1	25.1	0.8	0.8	0	0.2	0.9
"dominula"	50	11	60	1	14.9	0.6	0.6	0	0.4	1
"dominula"	50	12	73	1	20.9	0.7	0.7	0	0.4	1.5
"dominula"	50	13	79	1	18.6	0.5	0.5	0	0.2	0.4
"dominula"	50	14	50	1	15.3	0.7	0.7	0	0.2	1.2
"dominula"	50	15	114	1	36.2	0.6	0.6	0	0.3	0.8
"dominula"	50	16	71	1	21.5	0.6	0.6	0	0.2	0.5
"dominula"	50	17	54	1	15.9	0.5	0.5	0	0.2	0.2
"dominula"	50	18	46	1	14	0.4	0.4	0.1	0.2	0.3
"dominula"	50	19	59	1	15.4	0.5	0.5	0	0.4	1.4
"dominula"	50	20	34	1	10.2	0.4	0.4	0	0.2	0.6
"dominula"	50	21	76	1	18.1	0.5	0.5	0	0.2	0.4
"dominula"	50	22	123	1	28.6	0.6	0.6	0	0.5	1.4
"dominula"	50	23	55	1	18	0.6	0.6	0.1	0.2	0.5
"dominula"	50	24	30	1	11.5	0.7	0.7	0.1	0.4	2
"dominula"	50	25	33	1	9.7	0.4	0.4	0	0.1	0
"dominula"	50	26	126	1	21.1	0.6	0.6	0.1	0.3	1.2
"dominula"	50	27	79	1	26.9	0.6	0.6	0	0.2	0.5
"dominula"	50	28	43	1	15.5	0.8	0.8	0	0.4	1.5
"dominula"	50	29	134	1	33	0.5	0.5	0	0.2	0.7
"dominula"	50	30	108	2	25	0.5	0.5	0	0.3	0.3
"dominula"	50	31	82	1	20.2	0.6	0.6	0	0.3	0.9
"dominula"	50	32	74	1	24.9	0.5	0.5	0	0.3	0.7
"dominula"	50	33	44	1	14	0.5	0.5	0	0.5	1.6
"dominula"	50	34	58	1	17.3	0.6	0.6	0	0.3	1.5
"dominula"	50	35	67	1	19.8	0.6	0.6	0	0.4	2.2
"dominula"	50	36	52	1	18.4	0.7	0.7	0	0.4	1.7
"dominula"	50	37	169	1	41.2	0.6	0.6	0	0.4	1.2
"dominula"	50	38	49	1	24.2	0.7	0.7	0	0.4	2.3
"dominula"	50	39	93	1	19.5	0.7	0.7	0	0.6	2.8
"dominula"	50	40	41	1	14.3	0.7	0.7	0.1	0.5	2
"dominula"	50	41	32	1	12.3	0.4	0.4	0	0.3	2.2
"dominula"	50	42	133	1	28	0.4	0.4	0	0.2	0.6
"dominula"	50	43	98	1	28.2	0.5	0.5	0	0.3	1.4
"dominula"	50	44	53	1	12.6	0.6	0.6	0	0.4	1.1
"dominula"	50	45	102	1	27.4	0.6	0.6	0	0.4	2.1
"dominula"	50	46	111	1	29.5	0.7	0.7	0	0.5	2.2
"dominula"	50	47	309	1	48.2	0.7	0.7	0.1	0.4	1.8
"dominula"	50	48	71	1	21.6	0.6	0.6	0	0.5	2.6
"dominula"	50	49	53	1	15.6	0.6	0.6	0	0.4	1.9
"dominula"	50	50	111	1	27.1	0.5	0.5	0	0.3	1.9
"dominula"	60	1	98	1	22	0.6	0.6	0	0	0.2
"dominula"	60	2	100	1	32.1	0.7	0.7	0	0.1	0.5
"dominula"	60	3	34	1	9	0.6	0.6	0	0.1	0.3
"dominula"	60	4	42	1	15.6	0.7	0.7	0	0.1	0.5
"dominula"	60	5	55	1	12.5	0.7	0.7	0	0.3	0.7
"dominula"	60	6	37	1	7.9	0.4	0.4	0	0.3	0.3
"dominula"	60	7	116	1	32.8	0.6	0.6	0	0	0.2
"dominula"	60	8	127	1	22.9	0.6	0.6	0	0.2	0.6
"dominula"	60	9	47	1	11.7	0.6	0.6	0	0.3	0.7
"dominula"	60	10	80	1	18.9	0.7	0.7	0	0.4	0.8
"dominula"	60	11	35	1	15.5	0.5	0.5	0	0.2	0.5
"dominula"	60	12	254	1	42.2	0.6	0.6	0	0.2	0.5
"dominula"	60	13	118	1	33.2	0.7	0.7	0	0.2	1
"dominula"	60	14	105	1	31.1	0.5	0.5	0	0.2	0.6
"dominula"	60	15	77	1	21.1	0.4	0.4	0	0.3	0.4
"dominula"	60	16	95	1	26.4	0.5	0.5	0	0.3	0.6
"dominula"	60	17	65	1	20.3	0.6	0.6	0	0.5	1.3
"dominula"	60	18	200	1	33.9	0.4	0.4	0	0.4	0.7
"dominula"	60	19	108	1	24.1	0.4	0.4	0	0.4	0.7
"dominula"	60	20	60	1	20.9	0.6	0.6	0	0.3	1
"dominula"	60	21	110	1	27.8	0.5	0.5	0	0.3	1.6
"dominula"	60	22	33	1	14.3	0.5	0.5	0	0.2	0.5
"dominula"	60	23	81	1	25.4	0.6	0.6	0	0.2	1.2
"dominula"	60	24	48	1	14.4	0.7	0.7	0	0.4	1.4
"dominula"	60	25	36	1	11.2	0.6	0.6	0.1	0.4	1.7
"dominula"	60	26	54	1	15	0.4	0.4	0.1	0.3	0.7
"dominula"	60	27	70	1	18	0.6	0.6	0	0.6	1.5
"dominula"	60	28	87	1	23.2	0.5	0.5	0	0.4	1.9
"dominula"	60	29	96	1	19.3	0.7	0.7	0	0.3	1.4
"dominula"	60	30	103	1	28.6	0.5	0.5	0	0.4	1.2
"dominula"	60	31	104	1	22	0.5	0.5	0	0.5	1.8
"dominula"	60	32	104	1	22	0.7	0.7	0	0.5	2.2
"dominula"	60	33	60	1	19.5	0.4	0.4	0	0.3	1.2
"dominula"	60	34	108	1	30	0.7	0.7	0	0.4	1.7
"dominula"	60	35	149	1	29.7	0.6	0.6	0	0.6	1.7
"dominula"	60	36	160	1	26.7	0.5	0.5	0	0.4	1.1
"dominula"	60	37	41	2	17.9	0.5	0.5	0	0.3	0.8
"dominula"	60	38	50	2	20.1	0.6	0.6	0	0.1	0.8
"dominula"	60	39	114	1	31.3	0.7	0.7	0	0.4	2.1
"dominula"	60	40	95	1	23	0.5	0.5	0	0.3	1.4
"dominula"	60	41	43	2	17.9	0.7	0.7	0	0.3	1.4
"dominula"	60	42	121	1	28.5	0.8	0.8	0	0.6	2.4
"dominula"	60	43	103	1	17.6	0.6	0.6	0	0.5	2
"dominula"	60	44	104	1	22.5	0.6	0.6	0	0.5	3.1
"dominula"	60	45	125	1	27.4	0.5	0.5	0	0.4	1.6
"dominula"	60	46	120	1	19.1	0.5	0.5	0	0.4	2.6
"dominula"	60	47	42	1	15.1	0.6	0.6	0	0.2	1.3
"dominula"	60	48	44	1	15.6	0.8	0.8	0	0.6	3.3
"dominula"	60	49	78	1	28.3	0.5	0.5	0	0.3	1.1
"dominula"	60	50	119	1	22.7	0.5	0.5	0	0.4	1.4
"dominula"	60	51	73	1	18.5	0.4	0.4	0	0.4	2.6
"dominula"	60	52	71	1	21.2	0.5	0.5	0	0.2	1
"dominula"	60	53	80	1	19.6	0.5	0.5	0	0.4	1.3
"dominula"	60	54	36	1	11.3	0.4	0.4	0	0.4	1.5
"dominula"	60	55	125	1	30	0.4	0.4	0	0.3	1.1
"dominula"	60	56	100	1	20.1	0.6	0.6	0	0.3	1.1
"dominula"	60	57	60	1	16.1	0.4	0.4	0	0.4	2.1
"dominula"	60	58	59	1	23	0.7	0.7	0	0.2	1.3
"dominula"	60	59	34	2	11.1	0.3	0.3	0	0.2	1.7
"dominula"	60	60	104	1	24.5	0.6	0.6	0.1	0.2	1
"dominula"	70	1	112	1	21.1	0.5	0.5	0	0	0
"dominula"	70	2	81	1	18.1	0.6	0.6	0	0	0.2
"dominula"	70	3	61	1	15.3	0.7	0.7	0	0	0.5
"dominula"	70	4	103	1	28.8	0.6	0.6	0.1	0.1	0.3
"dominula"	70	5	64	1	16.7	0.7	0.7	0	0.2	0.6
"dominula"	70	6	95	1	27.9	0.7	0.7	0	0.3	0.8
"dominula"	70	7	87	1	14.6	0.5	0.5	0.1	0.2	0.2
"dominula"	70	8	34	1	10.7	0.6	0.6	0	0.2	0.5
"dominula"	70	9	106	1	28.2	0.7	0.7	0	0.4	0.8
"dominula"	70	10	124	2	35.7	0.5	0.5	0	0.1	0.1
"dominula"	70	11	55	1	18.8	0.5	0.5	0	0.2	0.3
"dominula"	70	12	98	1	19.5	0.6	0.6	0	0.4	1
"dominula"	70	13	41	1	12.3	0.4	0.4	0	0.3	0.3
"dominula"	70	14	89	1	22.6	0.6	0.6	0	0.2	0.9
"dominula"	70	15	50	1	17.6	0.6	0.6	0	0.4	0.9
"dominula"	70	16	135	1	28.2	0.4	0.4	0.1	0.3	0.5
"dominula"	70	17	81	1	23.6	0.7	0.7	0	0.2	1
"dominula"	70	18	72	1	14.2	0.4	0.4	0	0.2	0.1
"dominula"	70	19	115	1	29.3	0.7	0.7	0	0.2	0.8
"dominula"	70	20	61	1	17.9	0.7	0.7	0	0.5	1.8
"dominula"	70	21	46	1	12.5	0.6	0.6	0	0.2	0.5
"dominula"	70	22	171	1	33.4	0.6	0.6	0	0.4	1.5
"dominula"	70	23	101	1	23.3	0.6	0.6	0	0.5	1.6
"dominula"	70	24	35	1	11.4	0.7	0.7	0.1	0.4	1.6
"dominula"	70	25	188	1	41.7	0.7	0.7	0	0.4	1.4
"dominula"	70	26	80	1	20.1	0.6	0.6	0	0.2	1.1
"dominula"	70	27	27	1	9.7	0.5	0.5	0	0.3	0.9
"dominula"	70	28	48	1	13.6	0.7	0.7	0	0.5	1.9
"dominula"	70	29	79	2	20.8	0.4	0.4	0	0.2	1
"dominula"	70	30	66	1	21.4	0.6	0.6	0.1	0.3	1.4
"dominula"	70	31	174	1	29.4	0.5	0.5	0	0.3	1
"dominula"	70	32	44	1	16.8	0.6	0.6	0	0.6	1.9
"dominula"	70	33	48	1	15.8	0.7	0.7	0	0.4	1.5
"dominula"	70	34	12	1	5.9	0.5	0.5	0	0.4	1.6
"dominula"	70	35	185	1	29.7	0.6	0.6	0	0.5	2.1
"dominula"	70	36	114	1	38.1	0.7	0.7	0.1	0.2	1.1
"dominula"	70	37	89	1	19.7	0.6	0.6	0	0.4	2.3
"dominula"	70	38	89	1	18.4	0.5	0.5	0	0.4	1.5
"dominula"	70	39	92	1	32.8	0.6	0.6	0	0.4	2.5
"dominula"	70	40	206	2	37.1	0.6	0.6	0	0.4	2.1
"dominula"	70	41	31	1	11.4	0.6	0.6	0	0.4	1.7
"dominula"	70	42	83	1	17.1	0.5	0.5	0	0.4	1.7
"dominula"	70	43	58	1	14.7	0.5	0.5	0	0.4	2.2
"dominula"	70	44	101	1	32.8	0.7	0.7	0	0.2	1.1
"dominula"	70	45	88	1	29.7	0.5	0.5	0	0.3	2.6
"dominula"	70	46	37	1	13.9	0.5	0.5	0	0.5	2.7
"dominula"	70	47	60	1	16.3	0.5	0.5	0	0.5	1.9
"dominula"	70	48	78	1	13.3	0.5	0.5	0	0.4	1.6
"dominula"	70	49	59	1	16	0.6	0.6	0	0.3	1.9
"dominula"	70	50	79	1	16	0.6	0.6	0	0.4	1.8
"dominula"	70	51	79	1	16.8	0.6	0.6	0	0.4	2
"dominula"	70	52	77	1	22.9	0.6	0.6	0	0.4	2.4
"dominula"	70	53	66	1	14.5	0.6	0.6	0	0.5	2.2
"dominula"	70	54	54	1	17.2	0.7	0.7	0	0.5	2.3
"dominula"	70	55	72	1	20.9	0.6	0.6	0.1	0.3	0.9
"dominula"	70	56	75	1	24.4	0.6	0.6	0	0.3	1.9
"dominula"	70	57	57	2	22.2	0.4	0.4	0	0.1	0.3
"dominula"	70	58	69	1	21.1	0.4	0.4	0	0.3	1.9
"dominula"	70	59	65	1	19.1	0.6	0.6	0	0.6	2.7
"dominula"	70	60	87	1	18.3	0.7	0.7	0	0.5	2.3
"dominula"	70	61	44	1	18.6	0.4	0.4	0	0.3	1.4
"dominula"	70	62	121	1	31.3	0.4	0.4	0	0.2	0.5
"dominula"	70	63	76	2	16.4	0.5	0.5	0	0.3	1.9
"dominula"	70	64	135	1	25.5	0.5	0.5	0	0.5	1.6
"dominula"	70	65	102	1	26.5	0.8	0.8	0	0.3	1.8
"dominula"	70	66	52	1	18.2	0.5	0.5	0	0.3	1.1
"dominula"	70	67	121	1	33.4	0.5	0.5	0	0.5	3.3
"dominula"	70	68	83	1	30.7	0.5	0.5	0	0.5	3.2
"dominula"	70	69	63	1	23.8	0.6	0.6	0	0.4	1.6
"dominula"	70	70	66	1	25.4	0.6	0.6	0	0.5	4.8
"dominula"	80	1	62	1	15.2	0.6	0.6	0	0	0.2
"dominula"	80	2	47	1	15	0.7	0.7	0	0	0.4
"dominula"	80	3	52	1	13.6	0.6	0.6	0	0.1	0.3
"dominula"	80	4	65	1	21.8	0.7	0.7	0	0	0.4
"dominula"	80	5	57	2	16	0.6	0.6	0	0	0.2
"dominula"	80	6	43	1	13	0.5	0.5	0	0.4	0.4
"dominula"	80	7	108	1	31.2	0.7	0.7	0	0.1	0.6
"dominula"	80	8	49	1	14.1	0.4	0.4	0	0	-0.2
"dominula"	80	9	62	1	16.5	0.5	0.5	0	0.3	0.3
"dominula"	80	10	91	1	15.4	0.8	0.8	0	0.3	1.2
"dominula"	80	11	32	1	16.1	0.6	0.6	0	0.3	0.7
"dominula"	80	12	77	1	21.6	0.5	0.5	0	0.1	0.1
"dominula"	80	13	133	1	22.8	0.8	0.8	0	0.2	0.9
"dominula"	80	14	14	1	5.3	0.5	0.5	0	0.4	0.6
"dominula"	80	15	142	1	30.4	0.3	0.3	0	0.3	0.4
"dominula"	80	16	98	1	20.8	0.4	0.4	0	0.2	0.5
"dominula"	80	17	51	1	24.1	0.7	0.7	0	0.4	1.5
"dominula"	80	18	68	1	12.4	0.5	0.5	0.1	0.3	0.7
"dominula"	80	19	234	1	38.4	0.6	0.6	0	0.4	0.9
"dominula"	80	20	50	1	14.4	0.6	0.6	0	0.3	0.6
"dominula"	80	21	114	1	23.9	0.6	0.6	0	0.3	0.9
"dominula"	80	22	32	1	13.5	0.6	0.6	0	0.4	0.9
"dominula"	80	23	157	1	27.5	0.7	0.7	0	0.4	1.6
"dominula"	80	24	40	1	14.7	0.7	0.7	0	0.4	1.9
"dominula"	80	25	49	1	14.3	0.7	0.7	0	0.5	1.2
"dominula"	80	26	131	1	32.4	0.4	0.4	0.1	0.3	0.8
"dominula"	80	27	100	2	23.8	0.5	0.5	0	0.3	0.8
"dominula"	80	28	264	1	51	0.5	0.5	0	0.3	0.8
"dominula"	80	29	49	1	18.4	0.6	0.6	0	0.5	1.7
"dominula"	80	30	167	1	42.5	0.8	0.8	0	0.4	2.3
"dominula"	80	31	86	1	19.1	0.5	0.5	0	0.5	2.2
"dominula"	80	32	121	1	32.9	0.7	0.7	0	0.4	1.3
"dominula"	80	33	117	1	17.7	0.5	0.5	0	0.3	0.8
"dominula"	80	34	102	1	17.6	0.5	0.5	0	0.5	2.6
"dominula"	80	35	14	1	6.5	0.5	0.5	0	0.4	1.9
"dominula"	80	36	108	1	26.5	0.8	0.8	0	0.4	2
"dominula"	80	37	255	1	48.5	0.7	0.7	0	0.4	0.9
"dominula"	80	38	97	1	25.5	0.5	0.5	0	0.2	1.5
"dominula"	80	39	79	1	24.1	0.4	0.4	0	0.2	0.3
"dominula"	80	40	72	1	14.3	0.6	0.6	0	0.4	1.4
"dominula"	80	41	268	1	47.1	0.4	0.4	0	0.2	1.1
"dominula"	80	42	38	1	15.1	0.6	0.6	0	0.3	1.2
"dominula"	80	43	108	1	30.5	0.6	0.6	0	0.4	1.9
"dominula"	80	44	116	1	28.8	0.6	0.6	0	0.6	2.4
"dominula"	80	45	71	1	21.2	0.5	0.5	0	0.3	1.3
"dominula"	80	46	68	1	21.9	0.7	0.7	0.1	0.4	1.9
"dominula"	80	47	52	1	14	0.5	0.5	0	0.3	1.2
"dominula"	80	48	56	1	19.8	0.8	0.8	0.1	0.4	2.4
"dominula"	80	49	37	1	14.1	0.4	0.4	0	0.2	1.5
"dominula"	80	50	87	1	19.9	0.4	0.4	0	0.4	1.9
"dominula"	80	51	159	1	32.9	0.6	0.6	0	0.6	2.8
"dominula"	80	52	120	1	23.3	0.5	0.5	0	0.3	1.5
"dominula"	80	53	79	1	16.4	0.6	0.6	0	0.4	1.7
"dominula"	80	54	107	1	23.5	0.4	0.4	0	0.4	1.3
"dominula"	80	55	74	2	28	0.6	0.6	0	0.5	1.2
"dominula"	80	56	196	1	46.8	0.5	0.5	0	0.4	1.8
"dominula"	80	57	66	1	23.7	0.5	0.5	0	0.4	1.5
"dominula"	80	58	38	1	14.7	0.8	0.8	0	0.7	2.5
"dominula"	80	59	140	1	23.5	0.6	0.6	0	0.5	1.6
"dominula"	80	60	17	1	5.6	0.5	0.5	0	0.4	1.8
"dominula"	80	61	77	1	23.4	0.6	0.6	0	0.4	1.8
"dominula"	80	62	90	1	26.6	0.6	0.6	0	0.3	1.1
"dominula"	80	63	127	1	24.3	0.5	0.5	0	0.3	1.6
"dominula"	80	64	71	1	17.8	0.7	0.7	0	0.5	3
"dominula"	80	65	82	1	17.4	0.5	0.5	0	0.4	1.7
"dominula"	80	66	47	1	14.8	0.6	0.6	0	0.5	3.2
"dominula"	80	67	108	1	18	0.5	0.5	0	0.4	2.5
"dominula"	80	68	73	1	24.9	0.6	0.6	0	0.4	2.9
"dominula"	80	69	79	1	20.5	0.4	0.4	0.1	0.2	0.9
"dominula"	80	70	75	1	25.4	0.6	0.6	0	0.6	4
"dominula"	80	71	38	1	17.8	0.7	0.7	0	0.4	1.7
"dominula"	80	72	111	1	29.8	0.6	0.6	0	0.4	1.9
"dominula"	80	73	48	2	15.7	0.5	0.5	0	0.4	1.7
"dominula"	80	74	53	1	14.4	0.7	0.7	0	0.6	3.6
"dominula"	80	75	52	2	10.6	0.5	0.5	0	0.3	0.9
"dominula"	80	76	46	1	12.4	0.5	0.5	0	0.4	2.4
"dominula"	80	77	68	2	17.6	0.4	0.4	0	0.4	2.7
"dominula"	80	78	72	1	21.4	0.7	0.7	0	0.7	4
"dominula"	80	79	49	1	18.7	0.6	0.6	0	0.5	3.8
"dominula"	80	80	180	1	42.2	0.4	0.4	0	0.3	1
"dominula"	90	1	77	1	20.1	0.4	0.4	0	0	-0.2
"dominula"	90	2	81	1	20.1	0.5	0.5	0	0	0
"dominula"	90	3	55	1	13.6	0.5	0.5	0	0	0
"dominula"	90	4	78	1	20.5	0.6	0.6	0	0.2	0.4
"dominula"	90	5	103	1	30.3	0.5	0.5	0	0.1	0.1
"dominula"	90	6	75	1	23.2	0.8	0.8	0	0.2	0.8
"dominula"	90	7	123	1	26.5	0.6	0.6	0	0.2	0.4
"dominula"	90	8	66	1	16.5	0.4	0.4	0	0.1	-0.1
"dominula"	90	9	129	1	26.6	0.7	0.7	0	0.2	0.7
"dominula"	90	10	50	1	17.5	0.7	0.7	0	0.4	0.9
"dominula"	90	11	106	1	21.2	0.6	0.6	0	0.2	0.5
"dominula"	90	12	43	1	11.2	0.6	0.6	0	0.4	0.9
"dominula"	90	13	149	1	24.9	0.6	0.6	0.1	0.4	0.6
"dominula"	90	14	99	1	17.3	0.6	0.6	0	0.3	0.8
"dominula"	90	15	60	1	18.1	0.4	0.4	0	0.4	0.5
"dominula"	90	16	67	1	17	0.5	0.5	0	0.3	0.7
"dominula"	90	17	47	1	14.7	0.4	0.4	0	0.4	0.7
"dominula"	90	18	126	1	33.2	0.5	0.5	0	0.3	0.5
"dominula"	90	19	60	1	16.1	0.7	0.7	0.1	0.3	0.8
"dominula"	90	20	62	1	13.9	0.5	0.5	0	0.3	0.7
"dominula"	90	21	91	1	23.3	0.5	0.5	0	0.4	1.1
"dominula"	90	22	132	1	24.3	0.6	0.6	0	0.3	0.7
"dominula"	90	23	83	1	23.4	0.5	0.5	0	0.3	0.7
"dominula"	90	24	62	1	21.7	0.5	0.5	0	0.5	0.8
"dominula"	90	25	25	1	9.1	0.4	0.4	0	0.4	1
"dominula"	90	26	43	1	16.9	0.7	0.7	0	0.5	1.4
"dominula"	90	27	70	1	19.7	0.7	0.7	0	0.3	1.5
"dominula"	90	28	75	1	24.6	0.6	0.6	0	0.4	1.7
"dominula"	90	29	73	1	25.6	0.7	0.7	0	0.3	1.8
"dominula"	90	30	110	1	29.6	0.8	0.8	0	0.5	1.5
"dominula"	90	31	90	1	28	0.4	0.4	0	0.3	1.5
"dominula"	90	32	69	1	28.6	0.7	0.7	0	0.3	0.9
"dominula"	90	33	60	1	13.4	0.5	0.5	0	0.5	2.2
"dominula"	90	34	46	1	15.5	0.7	0.7	0	0.5	2
"dominula"	90	35	142	1	29.2	0.7	0.7	0	0.2	1.3
"dominula"	90	36	103	1	19.6	0.8	0.8	0	0.4	1.8
"dominula"	90	37	146	1	24.6	0.6	0.6	0	0.4	2
"dominula"	90	38	41	1	15.8	0.5	0.5	0	0.3	1.2
"dominula"	90	39	95	1	36.5	0.7	0.7	0	0.3	1.8
"dominula"	90	40	99	1	24.9	0.5	0.5	0	0.2	1.3
"dominula"	90	41	48	1	11.4	0.6	0.6	0	0.6	2.6
"dominula"	90	42	83	2	18.1	0.8	0.8	0	0.8	1.9
"dominula"	90	43	57	1	17.8	0.6	0.6	0	0.3	1.1
"dominula"	90	44	99	2	21.5	0.6	0.6	0	0.1	0.8
"dominula"	90	45	46	1	18.5	0.6	0.6	0	0.3	1.6
"dominula"	90	46	240	1	35.4	0.4	0.4	0	0.4	2
"dominula"	90	47	30	1	10.6	0.5	0.5	0	0.4	2.1
"dominula"	90	48	79	1	17.4	0.6	0.6	0.1	0.5	1.9
"dominula"	90	49	129	1	22.8	0.8	0.8	0	0.5	2.4
"dominula"	90	50	97	1	18.5	0.4	0.4	0	0.2	1.2
"dominula"	90	51	93	1	23.4	0.5	0.5	0	0.1	0.6
"dominula"	90	52	109	1	27.2	0.5	0.5	0	0.3	1.5
"dominula"	90	53	67	1	25.7	0.6	0.6	0	0.3	1.3
"dominula"	90	54	37	1	15.6	0.5	0.5	0	0.4	2.5
"dominula"	90	55	63	1	17.4	0.6	0.6	0	0.4	2.1
"dominula"	90	56	89	1	23.8	0.6	0.6	0.1	0.4	2.3
"dominula"	90	57	111	1	26.1	0.4	0.4	0	0.4	0.9
"dominula"	90	58	81	1	27.9	0.6	0.6	0	0.4	2.1
"dominula"	90	59	158	1	31.8	0.5	0.5	0	0.4	2.8
"dominula"	90	60	131	1	36.3	0.6	0.6	0	0.4	0.9
"dominula"	90	61	187	1	32.7	0.5	0.5	0	0.3	1.3
"dominula"	90	62	47	1	13	0.5	0.5	0	0.4	2.4
"dominula"	90	63	130	1	22.6	0.7	0.7	0	0.6	2.8
"dominula"	90	64	330	2	46.3	0.4	0.4	0.1	0.2	0.9
"dominula"	90	65	82	1	29.1	0.5	0.5	0	0.3	1.1
"dominula"	90	66	69	1	24.1	0.7	0.7	0	0.5	3.5
"dominula"	90	67	114	1	22.9	0.7	0.7	0	0.6	3.1
"dominula"	90	68	99	1	22	0.4	0.4	0	0.3	1.3
"dominula"	90	69	78	1	18.5	0.5	0.5	0	0.3	0.9
"dominula"	90	70	62	1	17.3	0.5	0.5	0	0.5	3.4
"dominula"	90	71	75	1	21.6	0.7	0.7	0	0.5	2.4
"dominula"	90	72	58	2	20.1	0.6	0.6	0	0.4	1.4
"dominula"	90	73	67	1	17.9	0.6	0.6	0	0.5	3.3
"dominula"	90	74	153	1	24.4	0.6	0.6	0	0.5	2.7
"dominula"	90	75	61	1	13.2	0.5	0.5	0	0.4	1.4
"dominula"	90	76	78	1	23.7	0.6	0.6	0	0.6	2.5
"dominula"	90	77	170	1	34.3	0.6	0.6	0	0.5	3.5
"dominula"	90	78	70	2	23.3	0.6	0.6	0.1	0.3	1.8
"dominula"	90	79	64	1	22.5	0.6	0.6	0	0.4	2.4
"dominula"	90	80	55	1	24.9	0.8	0.8	0	0.6	3.8
"dominula"	90	81	128	1	28.5	0.6	0.6	0	0.5	2.8
"dominula"	90	82	63	3	19.6	0.3	0.3	0	0.3	2.3
"dominula"	90	83	46	1	19.9	0.4	0.4	0	0.3	1.6
"dominula"	90	84	50	1	16.4	0.5	0.5	0	0.4	3.2
"dominula"	90	85	59	1	15.1	0.7	0.7	0	0.4	2.3
"dominula"	90	86	89	1	27.1	0.3	0.3	0	0.3	1.7
"dominula"	90	87	123	1	27	0.5	0.5	0	0.4	3
"dominula"	90	88	32	1	9.2	0.4	0.4	0	0.4	2.4
"dominula"	90	89	81	1	21.8	0.7	0.7	0	0.5	3
"dominula"	90	90	122	1	23.3	0.7	0.7	0.1	0.3	3.3
"dominula"	100	1	38	1	13.2	0.6	0.6	0	0	0.2
"dominula"	100	2	62	1	18.5	0.5	0.5	0	0	0
"dominula"	100	3	84	1	24.4	0.8	0.8	0	0.2	0.8
"dominula"	100	4	103	1	22.8	0.6	0.6	0.1	0.1	0.3
"dominula"	100	5	97	1	22.8	0.6	0.6	0	0	0.2
"dominula"	100	6	80	1	20	0.4	0.4	0.1	0.2	0
"dominula"	100	7	37	1	14.6	0.6	0.6	0	0.2	0.6
"dominula"	100	8	41	1	12.5	0.4	0.4	0	0.3	0.5
"dominula"	100	9	90	1	18.3	0.6	0.6	0	0.2	0.6
"dominula"	100	10	157	1	35.4	0.6	0.6	0	0.3	0.5
"dominula"	100	11	51	1	19.4	0.5	0.5	0	0.5	0.7
"dominula"	100	12	70	1	14.7	0.6	0.6	0	0.4	1
"dominula"	100	13	103	1	33.2	0.6	0.6	0	0.2	0.6
"dominula"	100	14	254	1	45.7	0.8	0.8	0	0.2	1.2
"dominula"	100	15	122	1	22	0.9	0.9	0	0.4	1.5
"dominula"	100	16	69	1	10.5	0.6	0.6	0.1	0.3	1
"dominula"	100	17	165	1	34.8	0.5	0.5	0	0.2	0.2
"dominula"	100	18	31	1	15.1	0.5	0.5	0	0.4	0.7
"dominula"	100	19	43	1	13.5	0.6	0.6	0	0.2	0.7
"dominula"	100	20	56	1	16.9	0.5	0.5	0	0.3	0.8
"dominula"	100	21	122	1	34.3	0.5	0.5	0	0.4	1.2
"dominula"	100	22	55	1	19.8	0.5	0.5	0	0.4	1.3
"dominula"	100	23	94	1	19.5	0.6	0.6	0	0.4	1.3
"dominula"	100	24	268	1	55	0.5	0.5	0	0.4	0.9
"dominula"	100	25	50	1	18.1	0.5	0.5	0	0.2	0.9
"dominula"	100	26	94	1	24.1	0.7	0.7	0	0.3	1.1
"dominula"	100	27	51	1	16.3	0.6	0.6	0	0.3	1.6
"dominula"	100	28	78	1	23.4	0.7	0.7	0	0.4	1.4
"dominula"	100	29	61	1	13.8	0.5	0.5	0	0.4	2
"dominula"	100	30	76	1	15.2	0.5	0.5	0	0.3	1.2
"dominula"	100	31	31	1	11.8	0.6	0.6	0	0.4	1.9
"dominula"	100	32	71	1	14.9	0.6	0.6	0	0.5	2.2
"dominula"	100	33	44	1	11	0.6	0.6	0.1	0.4	2.2
"dominula"	100	34	86	1	27	0.5	0.5	0	0.3	1.4
"dominula"	100	35	99	1	29.6	0.6	0.6	0	0.3	1.8
"dominula"	100	36	44	1	17.9	0.4	0.4	0	0.3	0.7
"dominula"	100	37	342	1	56.7	0.6	0.6	0	0.4	1.9
"dominula"	100	38	62	1	14.3	0.5	0.5	0	0.4	1.3
"dominula"	100	39	64	1	17.8	0.6	0.6	0	0.2	1.1
"dominula"	100	40	35	1	16.1	0.6	0.6	0	0.3	1.9
"dominula"	100	41	80	1	26.4	0.8	0.8	0	0.5	2.3
"dominula"	100	42	119	1	24.8	0.7	0.7	0	0.6	2.9
"dominula"	100	43	65	1	24.7	0.5	0.5	0	0.4	1
"dominula"	100	44	77	1	19	0.6	0.6	0	0.5	1.6
"dominula"	100	45	99	1	20.6	0.6	0.6	0	0.5	2.2
"dominula"	100	46	79	1	16.6	0.4	0.4	0	0.3	1.5
"dominula"	100	47	151	1	29.1	0.8	0.8	0	0.5	2
"dominula"	100	48	60	1	29.7	0.7	0.7	0	0.4	1.7
"dominula"	100	49	121	1	32.2	0.4	0.4	0	0.4	1.7
"dominula"	100	50	92	1	25	0.5	0.5	0	0.5	2.5
"dominula"	100	51	191	1	39.7	0.5	0.5	0	0.4	2.4
"dominula"	100	52	29	1	12.4	0.6	0.6	0	0.4	1.4
"dominula"	100	53	62	1	23.6	0.5	0.5	0	0.2	0.8
"dominula"	100	54	110	1	31.6	0.7	0.7	0	0.2	1.1
"dominula"	100	55	58	1	22.2	0.5	0.5	0	0.4	1.6
"dominula"	100	56	135	1	32.1	0.6	0.6	0	0.5	3.3
"dominula"	100	57	78	1	19.7	0.7	0.7	0	0.4	2.8
"dominula"	100	58	99	1	20.5	0.7	0.7	0	0.5	1.9
"dominula"	100	59	34	1	8.2	0.7	0.7	0	0.7	4.4
"dominula"	100	60	44	1	13.2	0.6	0.6	0	0.5	3.5
"dominula"	100	61	88	1	26	0.7	0.7	0	0.3	1.5
"dominula"	100	62	144	1	27.7	0.7	0.7	0	0.5	2.3
"dominula"	100	63	56	1	24.2	0.5	0.5	0	0.3	1.8
"dominula"	100	64	93	2	21	0.7	0.7	0	0.4	1.5
"dominula"	100	65	37	2	12.3	0.4	0.4	0	0.3	1.3
"dominula"	100	66	43	1	14.4	0.7	0.7	0	0.4	2.9
"dominula"	100	67	53	1	21.2	0.5	0.5	0	0.5	3.4
"dominula"	100	68	131	1	22.9	0.6	0.6	0	0.5	3
"dominula"	100	69	57	1	14.4	0.5	0.5	0	0.3	0.5
"dominula"	100	70	129	2	28.9	0.5	0.5	0	0.4	1.9
"dominula"	100	71	87	1	26.5	0.3	0.3	0	0.2	0.7
"dominula"	100	72	43	1	15.5	0.6	0.6	0	0.4	2.5
"dominula"	100	73	59	1	21.1	0.6	0.6	0.1	0.2	1.8
"dominula"	100	74	47	1	14.6	0.5	0.5	0	0.5	2.7
"dominula"	100	75	223	2	32.2	0.6	0.6	0	0.4	1.3
"dominula"	100	76	118	1	21.5	0.7	0.7	0	0.6	2.7
"dominula"	100	77	68	1	18.9	0.6	0.6	0	0.3	2.1
"dominula"	100	78	46	1	17.6	0.7	0.7	0	0.3	2.1
"dominula"	100	79	39	1	12.8	0.7	0.7	0	0.5	2.4
"dominula"	100	80	57	2	16.5	0.3	0.3	0	0.3	3.2
"dominula"	100	81	91	1	25.5	0.7	0.7	0	0.5	3.6
"dominula"	100	82	61	1	20.8	0.3	0.3	0	0.2	1.3
"dominula"	100	83	105	2	17.8	0.5	0.5	0	0.4	2
"dominula"	100	84	147	1	35.3	0.5	0.5	0.1	0.3	2.5
"dominula"	100	85	50	1	19.6	0.6	0.6	0	0.5	3.9
"dominula"	100	86	86	1	24.4	0.4	0.4	0	0.3	2.7
"dominula"	100	87	36	1	13	0.6	0.6	0	0.5	3
"dominula"	100	88	74	1	13.9	0.5	0.5	0	0.4	4
"dominula"	100	89	150	1	28	0.7	0.7	0.1	0.5	3.2
"dominula"	100	90	137	1	31.3	0.4	0.4	0	0.2	1.8
"dominula"	100	91	59	1	19.6	0.3	0.3	0	0.2	1.3
"dominula"	100	92	44	1	12.5	0.4	0.4	0	0.4	5.7
"dominula"	100	93	44	2	15.3	0.5	0.5	0.1	0.4	2.8
"dominula"	100	94	120	2	32.5	0.5	0.5	0	0.2	1.7
"dominula"	100	95	209	1	29.6	0.7	0.7	0	0.5	2.6
"dominula"	100	96	87	2	33.2	0.7	0.7	0	0.4	2.9
"dominula"	100	97	129	1	32	0.6	0.6	0	0.6	2.7
"dominula"	100	98	122	2	22.5	0.4	0.4	0	0.4	4.1
"dominula"	100	99	134	1	22.5	0.6	0.6	0	0.4	1.8
"dominula"	100	100	49	1	21.3	0.7	0.7	0.1	0.6	3
"dominula"	110	1	48	1	17.1	0.8	0.8	0	0	0.6
"dominula"	110	2	119	1	25.1	0.7	0.7	0	0.1	0.5
"dominula"	110	3	154	1	33.3	0.5	0.5	0	0	0
"dominula"	110	4	113	1	19.5	0.5	0.5	0	0.2	0.3
"dominula"	110	5	50	1	13.6	0.7	0.7	0	0.2	0.8
"dominula"	110	6	70	1	21.4	0.7	0.7	0.1	0.2	0.6
"dominula"	110	7	42	1	12.7	0.4	0.4	0	0.1	0.1
"dominula"	110	8	72	1	14.2	0.6	0.6	0	0.4	1.1
"dominula"	110	9	88	1	27.7	0.6	0.6	0	0.2	0.6
"dominula"	110	10	50	1	14	0.6	0.6	0	0.2	0.7
"dominula"	110	11	41	1	12.9	0.5	0.5	0	0	0
"dominula"	110	12	105	1	20.5	0.8	0.8	0	0.4	1.3
"dominula"	110	13	37	1	10.2	0.7	0.7	0	0.3	1
"dominula"	110	14	52	1	20.1	0.6	0.6	0	0.3	0.9
"dominula"	110	15	101	1	19.3	0.6	0.6	0	0	0.2
"dominula"	110	16	141	1	27.9	0.5	0.5	0	0.1	0.1
"dominula"	110	17	186	1	31.1	0.6	0.6	0	0.5	1.1
"dominula"	110	18	51	1	22.5	0.7	0.7	0	0.2	0.7
"dominula"	110	19	37	1	11.4	0.7	0.7	0.1	0.3	1.2
"dominula"	110	20	97	1	19.3	0.6	0.6	0	0.3	0.6
"dominula"	110	21	143	1	38.8	0.6	0.6	0	0.4	1.3
"dominula"	110	22	50	1	15.1	0.5	0.5	0.1	0.3	0.4
"dominula"	110	23	118	1	36.7	0.7	0.7	0	0.3	0.9
"dominula"	110	24	98	1	28.9	0.5	0.5	0	0.3	1.1
"dominula"	110	25	105	1	23.3	0.5	0.5	0	0.4	1.1
"dominula"	110	26	57	1	13.4	0.5	0.5	0	0.3	0.9
"dominula"	110	27	171	1	34.4	0.7	0.7	0.1	0.4	1.6
"dominula"	110	28	144	1	25.8	0.6	0.6	0	0.3	0.9
"dominula"	110	29	69	1	26.4	0.6	0.6	0.2	0.3	1.1
"dominula"	110	30	215	1	38.9	0.6	0.6	0	0.2	0.8
"dominula"	110	31	66	1	16.5	0.3	0.3	0	0.2	0.5
"dominula"	110	32	78	1	17.6	0.7	0.7	0	0.6	2
"dominula"	110	33	169	1	42.5	0.8	0.8	0	0.5	1.7
"dominula"	110	34	83	1	27.2	0.6	0.6	0	0.4	1.8
"dominula"	110	35	65	1	23.6	0.7	0.7	0	0.4	2.4
"dominula"	110	36	67	1	21.7	0.7	0.7	0	0.6	2.3
"dominula"	110	37	40	1	14.2	0.6	0.6	0	0.5	1.4
"dominula"	110	38	97	1	26.5	0.5	0.5	0	0.4	1.5
"dominula"	110	39	47	1	11.5	0.5	0.5	0	0.5	2.1
"dominula"	110	40	50	1	16.2	0.7	0.7	0	0.5	1.8
"dominula"	110	41	199	2	48.4	0.6	0.6	0	0.2	0.5
"dominula"	110	42	92	3	20.4	0.5	0.5	0	0.4	1
"dominula"	110	43	59	1	19.6	0.6	0.6	0.1	0.5	2.7
"dominula"	110	44	126	1	28.1	0.7	0.7	0	0.3	2
"dominula"	110	45	45	1	12.9	0.5	0.5	0	0.4	1.1
"dominula"	110	46	42	1	12.4	0.4	0.4	0	0.2	0.9
"dominula"	110	47	61	1	16.4	0.6	0.6	0	0.6	2.9
"dominula"	110	48	53	1	13.2	0.5	0.5	0	0.5	2.4
"dominula"	110	49	39	1	13.3	0.5	0.5	0	0.1	0.6
"dominula"	110	50	57	1	18.2	0.6	0.6	0.2	0.3	1.2
"dominula"	110	51	91	1	27.1	0.9	0.9	0	0.6	2.9
"dominula"	110	52	67	1	18.3	0.5	0.5	0	0.5	2.4
"dominula"	110	53	132	1	31.9	0.7	0.7	0	0.4	1.8
"dominula"	110	54	34	1	12.6	0.5	0.5	0	0.5	1.7
"dominula"	110	55	47	1	21.8	0.6	0.6	0	0.4	1.7
"dominula"	110	56	125	1	23	0.5	0.5	0	0.4	3.2
"dominula"	110	57	100	1	23	0.4	0.4	0	0.4	3.3
"dominula"	110	58	128	1	42.7	0.6	0.6	0	0.3	0.7
"dominula"	110	59	231	1	39	0.6	0.6	0	0.3	2.3
"dominula"	110	60	47	1	13.9	0.6	0.6	0	0.5	2.2
"dominula"	110	61	105	1	26.2	0.7	0.7	0	0.4	2.9
"dominula"	110	62	68	1	13.5	0.5	0.5	0	0.5	2.4
"dominula"	110	63	55	1	15.9	0.7	0.7	0	0.4	2.5
"dominula"	110	64	63	1	15.6	0.5	0.5	0	0.5	2.3
"dominula"	110	65	72	1	26.1	0.5	0.5	0	0.4	2
"dominula"	110	66	140	1	19.7	0.5	0.5	0	0.4	3
"dominula"	110	67	48	1	15.2	0.6	0.6	0	0.5	2.3
"dominula"	110	68	83	1	22.6	0.7	0.7	0	0.4	2.1
"dominula"	110	69	69	1	19.4	0.6	0.6	0	0.6	3.6
"dominula"	110	70	55	1	16.3	0.5	0.5	0	0.5	3.5
"dominula"	110	71	64	1	15.1	0.5	0.5	0	0.3	1.6
"dominula"	110	72	103	1	29.2	0.5	0.5	0	0.4	2.5
"dominula"	110	73	59	1	17.2	0.4	0.4	0	0.3	1.6
"dominula"	110	74	124	1	31.8	0.6	0.6	0	0.5	2.1
"dominula"	110	75	32	1	11.8	0.7	0.7	0	0.5	1.8
"dominula"	110	76	104	1	29.2	0.5	0.5	0	0.5	2.7
"dominula"	110	77	43	2	13.8	0.6	0.6	0	0.6	4.2
"dominula"	110	78	66	2	20.7	0.3	0.3	0	0.3	1.7
"dominula"	110	79	69	1	13.5	0.7	0.7	0	0.7	4.3
"dominula"	110	80	92	1	21.1	0.5	0.5	0	0.3	1.8
"dominula"	110	81	97	1	30.7	0.6	0.6	0.1	0.4	2.6
"dominula"	110	82	68	1	19	0.5	0.5	0	0.4	2.6
"dominula"	110	83	159	1	47	0.5	0.5	0	0.4	3
"dominula"	110	84	47	1	17.7	0.6	0.6	0	0.3	2.4
"dominula"	110	85	89	2	27.4	0.6	0.6	0	0.3	0.7
"dominula"	110	86	91	1	23.8	0.6	0.6	0	0.5	3.1
"dominula"	110	87	58	1	22.4	0.7	0.7	0	0.6	3.4
"dominula"	110	88	164	1	34.7	0.6	0.6	0	0.3	2.1
"dominula"	110	89	55	1	21.7	0.4	0.4	0	0.4	3.5
"dominula"	110	90	47	1	12.8	0.4	0.4	0	0.3	2.4
"dominula"	110	91	88	2	20.6	0.6	0.6	0	0.4	2.8
"dominula"	110	92	136	1	31.3	0.7	0.7	0	0.5	4.9
"dominula"	110	93	36	1	12.3	0.6	0.6	0	0.5	3.6
"dominula"	110	94	53	1	15.6	0.5	0.5	0	0.4	2.5
"dominula"	110	95	141	1	36.9	0.4	0.4	0	0.4	4.3
"dominula"	110	96	167	2	43.7	0.6	0.6	0	0.4	2.4
"dominula"	110	97	33	1	10.1	0.6	0.6	0	0.6	4.7
"dominula"	110	98	229	1	49.4	0.6	0.6	0	0.5	4.1
"dominula"	110	99	53	2	14.7	0.6	0.6	0	0.5	1.9
"dominula"	110	100	76	3	18.8	0.5	0.5	0.1	0.2	0.3
"dominula"	110	101	81	1	26.3	0.5	0.5	0	0.4	1.3
"dominula"	110	102	164	2	27.4	0.4	0.4	0	0.2	2
"dominula"	110	103	84	1	23.8	0.6	0.6	0	0.4	3.1
"dominula"	110	104	50	2	18.5	0.5	0.5	0	0.3	4.1
"dominula"	110	105	121	1	30.9	0.4	0.4	0	0.3	2
"dominula"	110	106	43	1	15.1	0.6	0.6	0	0.4	3
"dominula"	110	107	87	2	26	0.6	0.6	0.1	0.5	2.8
"dominula"	110	108	90	2	33	0.4	0.4	0	0.3	1.4
"dominula"	110	109	169	1	24.5	0.5	0.5	0	0.3	1.6
"dominula"	110	110	53	1	17	0.5	0.5	0	0.5	2.3
"dominula"	120	1	139	1	32.2	0.6	0.6	0	0	0.2
"dominula"	120	2	218	1	32	0.5	0.5	0	0.1	0.1
"dominula"	120	3	111	1	23.3	0.6	0.6	0	0	0.2
"dominula"	120	4	159	1	20	0.5	0.5	0	0.1	0.1
"dominula"	120	5	67	1	11.1	0.6	0.6	0	0.1	0.3
"dominula"	120	6	77	1	26.5	0.4	0.4	0.1	0.2	0.1
"dominula"	120	7	59	1	13.5	0.6	0.6	0	0.3	0.6
"dominula"	120	8	111	1	27.9	0.8	0.8	0	0.3	0.9
"dominula"	120	9	70	1	26.3	0.7	0.7	0	0.3	1
"dominula"	120	10	109	1	23	0.6	0.6	0	0.1	0.5
"dominula"	120	11	117	1	27.3	0.7	0.7	0	0.1	0.6
"dominula"	120	12	59	1	14.6	0.5	0.5	0	0.2	0.5
"dominula"	120	13	51	1	18.9	0.5	0.5	0.1	0.3	0.7
"dominula"	120	14	101	1	19.7	0.6	0.6	0.1	0.2	0.7
"dominula"	120	15	30	1	11.4	0.6	0.6	0.1	0.2	0.4
"dominula"	120	16	72	1	21.5	0.5	0.5	0	0.3	0.7
"dominula"	120	17	80	1	21.3	0.7	0.7	0	0.2	0.7
"dominula"	120	18	134	1	31.9	0.5	0.5	0	0	0.2
"dominula"	120	19	86	1	20.4	0.7	0.7	0	0.4	1.4
"dominula"	120	20	46	1	13.4	0.6	0.6	0	0.5	1.3
"dominula"	120	21	125	1	29.4	0.4	0.4	0	0.2	0.2
"dominula"	120	22	71	1	14.9	0.6	0.6	0	0.4	1.2
"dominula"	120	23	74	1	16	0.4	0.4	0	0.4	1.4
"dominula"	120	24	108	1	25.1	0.5	0.5	0	0.2	0.9
"dominula"	120	25	195	1	31.3	0.6	0.6	0	0.5	2.5
"dominula"	120	26	51	1	17.8	0.7	0.7	0	0.3	0.9
"dominula"	120	27	52	1	17.9	0.8	0.8	0	0.5	1.7
"dominula"	120	28	58	1	17.4	0.5	0.5	0	0.4	1.3
"dominula"	120	29	111	1	21.9	0.4	0.4	0	0.4	1.7
"dominula"	120	30	81	1	25.1	0.5	0.5	0	0.4	1.9
"dominula"	120	31	95	1	18.8	0.5	0.5	0	0.3	1.1
"dominula"	120	32	128	1	22.2	0.5	0.5	0	0.4	1.4
"dominula"	120	33	43	1	18.5	0.6	0.6	0	0.2	1.1
"dominula"	120	34	51	1	9.1	0.6	0.6	0.1	0.5	2
"dominula"	120	35	182	1	24.3	0.6	0.6	0	0.5	1.7
"dominula"	120	36	75	1	20.9	0.6	0.6	0.1	0.3	1.6
"dominula"	120	37	122	1	27.1	0.7	0.7	0	0.4	2.3
"dominula"	120	38	117	1	27.2	0.4	0.4	0	0.3	1.1
"dominula"	120	39	48	1	15.2	0.8	0.8	0	0.5	2
"dominula"	120	40	62	1	22.9	0.5	0.5	0	0.4	2.2
"dominula"	120	41	41	1	12.6	0.5	0.5	0	0.4	1.2
"dominula"	120	42	21	1	8.2	0.5	0.5	0	0.4	1.6
"dominula"	120	43	100	1	17.4	0.6	0.6	0.1	0.3	1.3
"dominula"	120	44	60	1	18	0.7	0.7	0	0.6	2.8
"dominula"	120	45	58	1	19.4	0.6	0.6	0	0.3	1.4
"dominula"	120	46	104	1	26.2	0.8	0.8	0	0.6	2
"dominula"	120	47	39	2	14.5	0.6	0.6	0	0.3	2
"dominula"	120	48	56	2	14.5	0.6	0.6	0	0.3	2.1
"dominula"	120	49	50	1	16	0.6	0.6	0	0.4	1.2
"dominula"	120	50	31	1	12.1	0.5	0.5	0	0.4	1.8
"dominula"	120	51	90	1	24.1	0.6	0.6	0	0.5	1.9
"dominula"	120	52	155	1	46.5	0.3	0.3	0	0.2	0.8
"dominula"	120	53	44	1	16.3	0.6	0.6	0	0.2	0.9
"dominula"	120	54	115	1	22.3	0.7	0.7	0	0.4	1.9
"dominula"	120	55	26	2	9.9	0.5	0.5	0	0.3	1.2
"dominula"	120	56	52	1	13.6	0.7	0.7	0	0.4	2.5
"dominula"	120	57	86	1	26	0.7	0.7	0	0.4	2.2
"dominula"	120	58	69	1	16.2	0.5	0.5	0	0.4	1.2
"dominula"	120	59	37	1	13.2	0.4	0.4	0	0.2	0.3
"dominula"	120	60	247	1	37.3	0.5	0.5	0	0.3	1.6
"dominula"	120	61	31	1	9.6	0.5	0.5	0	0.4	2
"dominula"	120	62	95	1	25.2	0.4	0.4	0	0.3	1.2
"dominula"	120	63	121	1	28.2	0.5	0.5	0.1	0.3	2.3
"dominula"	120	64	70	1	13.9	0.3	0.3	0	0.2	0.9
"dominula"	120	65	128	1	25.6	0.7	0.7	0	0.5	2.6
"dominula"	120	66	93	1	27.8	0.6	0.6	0	0.5	3.7
"dominula"	120	67	69	1	22.1	0.6	0.6	0.1	0.4	2.5
"dominula"	120	68	35	1	13.3	0.6	0.6	0	0.3	0.5
"dominula"	120	69	118	1	29.8	0.5	0.5	0	0.2	1.7
"dominula"	120	70	82	1	22.8	0.6	0.6	0	0.5	3
"dominula"	120	71	39	1	11.1	0.6	0.6	0	0.5	2.1
"dominula"	120	72	87	1	13.8	0.6	0.6	0	0.4	2.3
"dominula"	120	73	66	1	15.9	0.7	0.7	0	0.4	1.7
"dominula"	120	74	76	1	16.8	0.7	0.7	0	0.6	3
"dominula"	120	75	127	1	40	0.5	0.5	0	0.4	1.3
"dominula"	120	76	61	1	26.5	0.6	0.6	0	0.5	2.1
"dominula"	120	77	59	1	17.3	0.5	0.5	0	0.4	2.2
"dominula"	120	78	77	3	20.2	0.5	0.5	0	0.3	0.5
"dominula"	120	79	70	1	25.2	0.5	0.5	0	0.4	2.4
"dominula"	120	80	50	1	19.5	0.6	0.6	0	0.3	1.5
"dominula"	120	81	47	1	12.4	0.6	0.6	0	0.5	2
"dominula"	120	82	152	1	30.7	0.4	0.4	0	0.3	2.4
"dominula"	120	83	100	2	33.1	0.5	0.5	0	0.5	3.5
"dominula"	120	84	85	1	14.9	0.7	0.7	0	0.5	2.4
"dominula"	120	85	203	1	36.1	0.7	0.7	0.3	0.4	4
"dominula"	120	86	21	1	8	0.5	0.5	0	0.5	3
"dominula"	120	87	48	1	14.5	0.7	0.7	0	0.4	2.3
"dominula"	120	88	118	1	29.5	0.8	0.8	0	0.6	4
"dominula"	120	89	113	2	30.4	0.8	0.8	0	0.5	2.6
"dominula"	120	90	27	1	10.6	0.5	0.5	0	0.5	2.9
"dominula"	120	91	56	1	15.3	0.4	0.4	0	0.4	2.7
"dominula"	120	92	178	1	29.9	0.5	0.5	0	0.4	3
"dominula"	120	93	58	2	21	0.6	0.6	0.1	0.4	2.2
"dominula"	120	94	45	1	12.4	0.4	0.4	0	0.4	2.2
"dominula"	120	95	99	1	23.8	0.6	0.6	0	0.3	3.3
"dominula"	120	96	161	1	41.5	0.7	0.7	0	0.5	4.4
"dominula"	120	97	162	1	36.1	0.4	0.4	0	0.3	3.4
"dominula"	120	98	58	1	13.1	0.5	0.5	0	0.3	1.4
"dominula"	120	99	83	1	23.1	0.5	0.5	0.1	0.4	3.6
"dominula"	120	100	93	2	18.6	0.7	0.7	0	0.6	3
"dominula"	120	101	119	3	28.2	0.5	0.5	0	0.3	1.8
"dominula"	120	102	67	1	25.4	0.5	0.5	0	0.3	2.1
"dominula"	120	103	43	1	12.4	0.4	0.4	0	0.4	3.3
"dominula"	120	104	51	1	17.3	0.5	0.5	0	0.5	2.5
"dominula"	120	105	75	1	22.9	0.5	0.5	0	0.5	2.1
"dominula"	120	106	35	1	14.7	0.3	0.3	0	0.2	1.4
"dominula"	120	107	73	1	22.4	0.7	0.7	0	0.2	3
"dominula"	120	108	78	1	20.3	0.4	0.4	0	0.4	1.6
"dominula"	120	109	34	1	15.5	0.6	0.6	0	0.4	3.4
"dominula"	120	110	96	1	23.4	0.7	0.7	0	0.5	2.5
"dominula"	120	111	124	1	25.4	0.5	0.5	0	0.4	2.8
"dominula"	120	112	135	1	23.2	0.6	0.6	0	0.6	3.8
"dominula"	120	113	32	1	10.9	0.3	0.3	0	0.1	2.6
"dominula"	120	114	93	1	31.3	0.6	0.6	0	0.5	4
"dominula"	120	115	86	2	29.3	0.7	0.7	0	0.7	3.1
"dominula"	120	116	101	2	31.2	0.5	0.5	0	0.5	2.2
"dominula"	120	117	90	1	22.7	0.4	0.4	0	0.4	3.9
"dominula"	120	118	80	1	26.5	0.6	0.6	0	0.4	2.6
"dominula"	120	119	99	1	19.9	0.8	0.8	0	0.6	3.4
"dominula"	120	120	62	1	18.6	0.7	0.7	0	0.6	2.4
"dominula"	130	1	56	1	15.8	0.8	0.8	0	0	0.6
"dominula"	130	2	47	1	12.9	0.6	0.6	0	0.1	0.3
"dominula"	130	3	58	1	23.3	0.6	0.6	0	0	0.2
"dominula"	130	4	29	1	6.8	0.4	0.4	0	0	-0.2
"dominula"	130	5	137	1	26.1	0.7	0.7	0	0	0.4
"dominula"	130	6	100	1	20.1	0.7	0.7	0	0.2	0.6
"dominula"	130	7	53	1	17.5	0.4	0.4	0	0.1	0
"dominula"	130	8	25	1	7.5	0.6	0.6	0	0.2	0.5
"dominula"	130	9	100	1	24.3	0.7	0.7	0	0.1	0.6
"dominula"	130	10	238	1	43.2	0.7	0.7	0	0.4	0.9
"dominula"	130	11	172	1	39.6	0.6	0.6	0	0.1	0.7
"dominula"	130	12	125	1	25.5	0.5	0.5	0	0.1	0.1
"dominula"	130	13	47	1	14.3	0.4	0.4	0.1	0	-0.1
"dominula"	130	14	32	1	11.6	0.5	0.5	0	0.3	0.5
"dominula"	130	15	57	1	14.7	0.6	0.6	0	0.4	1.1
"dominula"	130	16	24	1	7.2	0.5	0.5	0	0.3	0.5
"dominula"	130	17	102	1	27	0.8	0.8	0.1	0.4	1.6
"dominula"	130	18	57	1	17	0.6	0.6	0	0.5	1
"dominula"	130	19	33	1	15.1	0.5	0.5	0	0.3	0.8
"dominula"	130	20	64	1	17.6	0.5	0.5	0	0.1	0.2
"dominula"	130	21	175	1	35.2	0.6	0.6	0	0.3	1.4
"dominula"	130	22	55	1	12.2	0.5	0.5	0	0.3	0.8
"dominula"	130	23	123	1	36.5	0.5	0.5	0	0.5	1.4
"dominula"	130	24	54	1	17.1	0.6	0.6	0	0.4	1.4
"dominula"	130	25	46	1	14.6	0.6	0.6	0	0.5	1.7
"dominula"	130	26	105	1	26.4	0.6	0.6	0	0.4	1.1
"dominula"	130	27	37	1	10.6	0.6	0.6	0	0.3	0.6
"dominula"	130	28	152	1	33.1	0.5	0.5	0	0.3	1.2
"dominula"	130	29	55	1	13.3	0.6	0.6	0	0.5	2
"dominula"	130	30	80	1	15.1	0.6	0.6	0	0.5	2.1
"dominula"	130	31	70	1	31.3	0.7	0.7	0	0.5	2.1
"dominula"	130	32	128	1	28.6	0.7	0.7	0	0.4	2.3
"dominula"	130	33	121	1	37	0.6	0.6	0	0.2	1.5
"dominula"	130	34	41	1	14.9	0.5	0.5	0	0.4	0.8
"dominula"	130	35	50	1	16.6	0.8	0.8	0	0.4	1.9
"dominula"	130	36	43	1	13.5	0.8	0.8	0	0.4	2.8
"dominula"	130	37	71	1	20.6	0.6	0.6	0	0.3	1.4
"dominula"	130	38	27	1	10.5	0.6	0.6	0	0.3	1.1
"dominula"	130	39	137	1	33.1	0.3	0.3	0	0.1	0.4
"dominula"	130	40	63	2	19.5	0.4	0.4	0	0.3	0.2
"dominula"	130	41	33	1	9.9	0.4	0.4	0	0.3	0.7
"dominula"	130	42	97	1	19.3	0.6	0.6	0.1	0.3	1.5
"dominula"	130	43	77	1	19.8	0.6	0.6	0	0.6	1.4
"dominula"	130	44	43	1	13.1	0.6	0.6	0	0.4	1.6
"dominula"	130	45	37	1	13.3	0.6	0.6	0	0.5	2.4
"dominula"	130	46	140	1	21.2	0.5	0.5	0	0.3	1.5
"dominula"	130	47	156	1	22.3	0.6	0.6	0	0.6	2.9
"dominula"	130	48	72	1	16.9	0.7	0.7	0	0.5	3.1
"dominula"	130	49	60	1	15.6	0.5	0.5	0	0.4	1.9
"dominula"	130	50	38	1	10.3	0.5	0.5	0	0.4	0.8
"dominula"	130	51	242	1	36	0.7	0.7	0	0.6	2.6
"dominula"	130	52	116	1	28.2	0.6	0.6	0	0.4	3
"dominula"	130	53	86	1	24.8	0.7	0.7	0	0.5	3.2
"dominula"	130	54	81	1	21.5	0.7	0.7	0	0.6	2.3
"dominula"	130	55	170	1	34.4	0.5	0.5	0	0.5	1.7
"dominula"	130	56	56	1	18.1	0.6	0.6	0	0.4	0.7
"dominula"	130	57	65	1	19.7	0.7	0.7	0	0.5	2.4
"dominula"	130	58	80	1	18	0.7	0.7	0	0.6	2.4
"dominula"	130	59	93	1	29.1	0.7	0.7	0	0.3	1.8
"dominula"	130	60	113	2	27.7	0.6	0.6	0.1	0.4	1.7
"dominula"	130	61	94	1	29.3	0.7	0.7	0	0.5	1.8
"dominula"	130	62	159	2	34	0.5	0.5	0	0.4	1.6
"dominula"	130	63	52	1	14.1	0.3	0.3	0	0.3	2.4
"dominula"	130	64	43	1	13.1	0.5	0.5	0	0.4	2.1
"dominula"	130	65	41	2	15.7	0.6	0.6	0	0.4	1.4
"dominula"	130	66	45	1	16.5	0.5	0.5	0	0.3	1.6
"dominula"	130	67	124	2	37	0.5	0.5	0	0.4	2.2
"dominula"	130	68	62	1	17.2	0.6	0.6	0	0.4	3.3
"dominula"	130	69	51	1	15.7	0.5	0.5	0	0.4	0.8
"dominula"	130	70	76	1	25.1	0.6	0.6	0	0.4	2.4
"dominula"	130	71	59	2	23	0.6	0.6	0	0.5	1.6
"dominula"	130	72	175	1	34.1	0.5	0.5	0	0.4	2.7
"dominula"	130	73	64	2	21.9	0.6	0.6	0	0.4	1.3
"dominula"	130	74	67	1	26.3	0.7	0.7	0.1	0.5	2.7
"dominula"	130	75	91	1	17.2	0.5	0.5	0	0.3	2.2
"dominula"	130	76	53	1	12.6	0.4	0.4	0	0.3	2.5
"dominula"	130	77	165	1	36	0.7	0.7	0.1	0.4	1.2
"dominula"	130	78	155	1	26.3	0.4	0.4	0	0.4	2.5
"dominula"	130	79	68	1	16.3	0.5	0.5	0	0.4	1.4
"dominula"	130	80	114	2	33.7	0.7	0.7	0	0.3	0.9
"dominula"	130	81	51	1	14.5	0.5	0.5	0.1	0.4	1.8
"dominula"	130	82	27	1	7.2	0.5	0.5	0	0.4	2.7
"dominula"	130	83	52	3	14.9	0.9	0.9	0	0.4	2.6
"dominula"	130	84	67	2	20.4	0.7	0.7	0	0.6	2.8
"dominula"	130	85	115	1	28.5	0.4	0.4	0	0.3	0.9
"dominula"	130	86	101	1	18.4	0.4	0.4	0	0.3	2.6
"dominula"	130	87	101	1	24.7	0.5	0.5	0	0.3	2.6
"dominula"	130	88	122	1	27.9	0.6	0.6	0.2	0.3	1.4
"dominula"	130	89	56	2	12.8	0.5	0.5	0	0.5	1.6
"dominula"	130	90	96	1	26.6	0.5	0.5	0	0.2	0.9
"dominula"	130	91	60	1	18.6	0.7	0.7	0	0.5	3.3
"dominula"	130	92	36	2	14.2	0.7	0.7	0	0.5	2.8
"dominula"	130	93	105	1	23.5	0.6	0.6	0	0.4	2.4
"dominula"	130	94	108	2	27	0.5	0.5	0	0.5	2.1
"dominula"	130	95	33	1	15	0.6	0.6	0	0.6	3.4
"dominula"	130	96	57	2	19	0.4	0.4	0	0.3	1
"dominula"	130	97	48	1	16.9	0.4	0.4	0	0.3	1.7
"dominula"	130	98	74	1	30.4	0.8	0.8	0	0.6	4.1
"dominula"	130	99	130	1	26.4	0.7	0.7	0.1	0.6	2.2
"dominula"	130	100	67	1	25	0.7	0.7	0	0.5	5.2
"dominula"	130	101	48	2	17.5	0.4	0.4	0	0.3	0.9
"dominula"	130	102	81	1	24.2	0.7	0.7	0	0.6	5.4
"dominula"	130	103	68	2	15.2	0.5	0.5	0	0.5	1.6
"dominula"	130	104	58	1	16.9	0.4	0.4	0	0.3	1.1
"dominula"	130	105	57	1	17.5	0.3	0.3	0	0.3	1.2
"dominula"	130	106	49	1	12.8	0.7	0.7	0.1	0.6	2.4
"dominula"	130	107	89	1	29	0.4	0.4	0	0.3	1.7
"dominula"	130	108	134	1	31.6	0.7	0.7	0	0.6	3.8
"dominula"	130	109	135	1	32.1	0.5	0.5	0	0.5	3.7
"dominula"	130	110	85	2	21.5	0.5	0.5	0	0.4	2.3
"dominula"	130	111	58	2	20.8	0.6	0.6	0	0.6	3.9
"dominula"	130	112	73	2	21.6	0.4	0.4	0	0.4	1.2
"dominula"	130	113	217	1	31.4	0.4	0.4	0	0.4	1.7
"dominula"	130	114	88	2	21.6	0.4	0.4	0	0.3	1.9
"dominula"	130	115	51	1	14.3	0.6	0.6	0	0.5	3.5
"dominula"	130	116	195	1	33.5	0.6	0.6	0.1	0.3	2
"dominula"	130	117	75	1	17	0.5	0.5	0	0.5	2.8
"dominula"	130	118	63	2	14.1	0.5	0.5	0	0.4	2.2
"dominula"	130	119	110	1	20.9	0.4	0.4	0	0.3	2.3
"dominula"	130	120	199	2	26.6	0.5	0.5	0	0.5	2.5
"dominula"	130	121	101	2	25.6	0.7	0.7	0	0.5	2.5
"dominula"	130	122	172	1	42.8	0.7	0.7	0.1	0.4	3.1
"dominula"	130	123	65	2	22.7	0.5	0.5	0	0.3	1.6
"dominula"	130	124	72	1	16.9	0.8	0.8	0	0.5	4.1
"dominula"	130	125	122	1	40.9	0.5	0.5	0	0.2	1.4
"dominula"	130	126	95	1	29.7	0.5	0.5	0	0.5	3.9
"dominula"	130	127	83	2	27.7	0.4	0.4	0	0.3	1.6
"dominula"	130	128	67	2	25.5	0.4	0.4	0	0.4	2.6
"dominula"	130	129	164	2	50.2	0.7	0.7	0	0.5	1.4
"dominula"	130	130	74	1	16.2	0.6	0.6	0	0.3	2
"dominula"	140	1	39	1	12.7	0.6	0.6	0	0	0.3
"dominula"	140	2	96	1	33.8	0.6	0.6	0	0.1	0.3
"dominula"	140	3	140	1	28.6	0.7	0.7	0	0	0.4
"dominula"	140	4	62	1	16.4	0.7	0.7	0	0.1	0.5
"dominula"	140	5	77	1	22	0.5	0.5	0	0	0
"dominula"	140	6	38	1	14.1	0.7	0.7	0	0.1	0.5
"dominula"	140	7	169	1	36.7	0.7	0.7	0	0.3	0.8
"dominula"	140	8	80	1	27.9	0.6	0.6	0	0.1	0.3
"dominula"	140	9	70	1	18	0.6	0.6	0	0.1	0.3
"dominula"	140	10	86	1	19	0.6	0.6	0	0.3	0.7
"dominula"	140	11	134	1	26.4	0.7	0.7	0	0.2	0.8
"dominula"	140	12	149	2	38.7	0.4	0.4	0.1	0.1	-0.1
"dominula"	140	13	31	1	14.4	0.6	0.6	0	0.5	1.3
"dominula"	140	14	29	1	7.1	0.5	0.5	0	0.3	0.5
"dominula"	140	15	128	1	27	0.9	0.9	0	0.5	2.1
"dominula"	140	16	62	1	16.8	0.6	0.6	0	0.4	1.1
"dominula"	140	17	41	1	16.7	0.7	0.7	0	0.4	1.7
"dominula"	140	18	119	1	29.6	0.8	0.8	0	0.4	1.6
"dominula"	140	19	35	1	15.9	0.7	0.7	0	0.4	1
"dominula"	140	20	35	1	12.4	0.6	0.6	0	0.6	2
"dominula"	140	21	108	1	30.2	0.5	0.5	0	0.4	2
"dominula"	140	22	56	1	15	0.5	0.5	0	0.4	0.9
"dominula"	140	23	106	1	30	0.6	0.6	0	0.4	1
"dominula"	140	24	92	1	12.3	0.5	0.5	0	0.2	0.5
"dominula"	140	25	115	1	25	0.8	0.8	0.1	0.5	2.1
"dominula"	140	26	37	1	12.4	0.6	0.6	0	0.5	1.5
"dominula"	140	27	53	2	17.1	0.5	0.5	0	0.5	1.5
"dominula"	140	28	40	1	11.7	0.7	0.7	0	0.3	1.2
"dominula"	140	29	138	1	27.5	0.5	0.5	0	0.4	1.3
"dominula"	140	30	43	1	15.1	0.8	0.8	0	0.6	3.3
"dominula"	140	31	99	1	24.9	0.5	0.5	0	0.2	1.2
"dominula"	140	32	35	1	9.4	0.5	0.5	0	0.4	1.1
"dominula"	140	33	145	1	23	0.7	0.7	0	0.5	2.8
"dominula"	140	34	40	1	15.9	0.6	0.6	0	0.2	0.7
"dominula"	140	35	164	1	40	0.7	0.7	0	0.3	1.4
"dominula"	140	36	38	1	13.1	0.6	0.6	0	0.2	1.2
"dominula"	140	37	70	1	18.5	0.5	0.5	0	0.5	2.2
"dominula"	140	38	94	1	25	0.6	0.6	0	0.3	1.2
"dominula"	140	39	54	1	18.7	0.6	0.6	0	0.5	1.3
"dominula"	140	40	60	1	16.2	0.6	0.6	0	0.6	2.6
"dominula"	140	41	64	1	20.2	0.5	0.5	0	0.3	1.7
"dominula"	140	42	49	1	20.4	0.7	0.7	0	0.5	2.3
"dominula"	140	43	46	1	15	0.3	0.3	0	0.3	0.7
"dominula"	140	44	100	1	18.4	0.5	0.5	0	0.5	2.5
"dominula"	140	45	69	1	17.3	0.6	0.6	0	0.5	1.5
"dominula"	140	46	138	1	23.8	0.6	0.6	0	0.5	2.5
"dominula"	140	47	125	1	20.1	0.4	0.4	0	0.4	2.1
"dominula"	140	48	140	2	36.9	0.4	0.4	0	0.2	0.4
"dominula"	140	49	51	1	19.8	0.7	0.7	0	0.6	2.8
"dominula"	140	50	149	1	45.9	0.8	0.8	0	0.5	2
"dominula"	140	51	154	1	34.6	0.7	0.7	0	0.4	2.1
"dominula"	140	52	53	1	22.5	0.6	0.6	0	0.6	4.3
"dominula"	140	53	169	1	38.1	0.7	0.7	0	0.4	2.8
"dominula"	140	54	84	1	23.4	0.4	0.4	0	0.4	1
"dominula"	140	55	82	1	23.7	0.4	0.4	0	0.4	2.2
"dominula"	140	56	127	1	28.6	0.7	0.7	0	0.4	1.7
"dominula"	140	57	62	1	16.8	0.6	0.6	0	0.5	3.3
"dominula"	140	58	58	1	17	0.6	0.6	0	0.6	3.2
"dominula"	140	59	68	1	30.7	0.7	0.7	0	0.4	2
"dominula"	140	60	61	1	17.7	0.6	0.6	0	0.3	3.1
"dominula"	140	61	46	2	15.3	0.7	0.7	0	0.4	1.6
"dominula"	140	62	28	1	11.6	0.4	0.4	0	0.3	1.9
"dominula"	140	63	95	1	23.6	0.6	0.6	0	0.5	3.7
"dominula"	140	64	41	1	10.7	0.7	0.7	0	0.7	3.5
"dominula"	140	65	91	1	23.9	0.5	0.5	0	0.4	2.1
"dominula"	140	66	151	1	31.7	0.3	0.3	0	0.2	0.8
"dominula"	140	67	78	1	23	0.3	0.3	0	0.3	1.2
"dominula"	140	68	63	1	17	0.6	0.6	0	0.4	2.6
"dominula"	140	69	26	1	11.8	0.6	0.6	0	0.2	1.8
"dominula"	140	70	147	1	33.6	0.5	0.5	0	0.3	2
"dominula"	140	71	48	1	17.9	0.7	0.7	0	0.4	2.4
"dominula"	140	72	122	1	28.4	0.6	0.6	0	0.6	3.7
"dominula"	140	73	63	1	16.7	0.6	0.6	0	0.4	1.9
"dominula"	140	74	64	1	27	0.7	0.7	0	0.6	3.4
"dominula"	140	75	58	1	18.6	0.6	0.6	0	0.4	2.8
"dominula"	140	76	52	2	14.4	0.7	0.7	0	0.6	3.1
"dominula"	140	77	98	2	27.6	0.7	0.7	0	0.2	0.6
"dominula"	140	78	114	1	17.7	0.5	0.5	0	0.5	2.4
"dominula"	140	79	67	1	26.3	0.4	0.4	0	0.2	0.6
"dominula"	140	80	36	1	13.8	0.6	0.6	0	0.5	1.6
"dominula"	140	81	38	1	13.1	0.6	0.6	0	0.5	2.6
"dominula"	140	82	181	1	29.4	0.6	0.6	0	0.4	2.5
"dominula"	140	83	197	2	42.4	0.4	0.4	0.1	0.2	0.5
"dominula"	140	84	51	1	15.3	0.8	0.8	0.1	0.6	5
"dominula"	140	85	34	2	10.5	0.7	0.7	0	0.6	3.2
"dominula"	140	86	129	1	25.4	0.5	0.5	0	0.5	3.1
"dominula"	140	87	52	1	21.1	0.4	0.4	0	0.4	3.7
"dominula"	140	88	69	1	25.4	0.6	0.6	0	0.5	2.7
"dominula"	140	89	70	1	27.6	0.5	0.5	0	0.3	2.2
"dominula"	140	90	89	1	26.7	0.6	0.6	0	0.5	2.1
"dominula"	140	91	38	2	13.7	0.6	0.6	0.1	0.4	1.5
"dominula"	140	92	90	1	16.6	0.4	0.4	0	0.3	3.7
"dominula"	140	93	38	1	12.7	0.7	0.7	0	0.6	3.7
"dominula"	140	94	42	2	14.5	0.3	0.3	0	0.3	0.9
"dominula"	140	95	54	1	12.1	0.5	0.5	0	0.5	4.3
"dominula"	140	96	78	1	16.3	0.4	0.4	0	0.3	3.1
"dominula"	140	97	81	1	15.8	0.5	0.5	0	0.5	2.1
"dominula"	140	98	72	2	24	0.6	0.6	0	0.4	2.1
"dominula"	140	99	78	1	25.8	0.7	0.7	0	0.4	3
"dominula"	140	100	68	1	14.7	0.6	0.6	0	0.4	2.3
"dominula"	140	101	111	2	31.5	0.7	0.7	0	0.5	2.4
"dominula"	140	102	118	1	27.6	0.6	0.6	0	0.3	1.5
"dominula"	140	103	136	1	34.7	0.4	0.4	0	0.3	2.4
"dominula"	140	104	41	1	10.6	0.4	0.4	0	0.2	2.9
"dominula"	140	105	55	1	17	0.4	0.4	0	0.4	1.6
"dominula"	140	106	29	1	11.1	0.6	0.6	0	0.6	3.5
"dominula"	140	107	184	1	29	0.6	0.6	0	0.6	4.2
"dominula"	140	108	106	1	29.4	0.7	0.7	0	0.6	5.6
"dominula"	140	109	65	1	24.1	0.7	0.7	0	0.5	4.2
"dominula"	140	110	18	1	7.7	0.6	0.6	0	0.5	5
"dominula"	140	111	55	2	24.6	0.6	0.6	0	0.5	2
"dominula"	140	112	32	2	12.6	0.5	0.5	0	0.3	2.7
"dominula"	140	113	52	1	23.2	0.6	0.6	0	0.5	2.5
"dominula"	140	114	64	1	18.2	0.6	0.6	0	0.5	6.3
"dominula"	140	115	66	1	22.9	0.6	0.6	0	0.5	4.3
"dominula"	140	116	189	1	46.5	0.5	0.5	0	0.4	4
"dominula"	140	117	98	2	36.5	0.5	0.5	0	0.4	1
"dominula"	140	118	253	1	32.2	0.6	0.6	0	0.5	2.9
"dominula"	140	119	40	1	18	0.6	0.6	0	0.5	3.1
"dominula"	140	120	71	1	23.2	0.7	0.7	0	0.6	3.3
"dominula"	140	121	98	1	23.8	0.5	0.5	0	0.4	2
"dominula"	140	122	67	1	19.1	0.5	0.5	0	0.3	2.7
"dominula"	140	123	51	1	15.7	0.5	0.5	0	0.5	4.3
"dominula"	140	124	42	1	14.2	0.5	0.5	0	0.4	4.7
"dominula"	140	125	46	1	14.7	0.5	0.5	0	0.5	4.5
"dominula"	140	126	82	2	30.9	0.5	0.5	0.2	0.3	1.4
"dominula"	140	127	153	1	35.2	0.7	0.7	0	0.6	3.7
"dominula"	140	128	83	1	25.4	0.5	0.5	0.1	0.4	3.3
"dominula"	140	129	129	2	26.4	0.7	0.7	0	0.5	1.9
"dominula"	140	130	225	1	42.3	0.4	0.4	0	0.4	4
"dominula"	140	131	66	1	23.8	0.5	0.5	0	0.4	3.7
"dominula"	140	132	73	1	20.3	0.5	0.5	0	0.4	5.2
"dominula"	140	133	48	2	19.1	0.5	0.5	0	0.2	2.1
"dominula"	140	134	68	2	17.3	0.6	0.6	0	0.6	2.6
"dominula"	140	135	54	1	15.8	0.6	0.6	0	0.5	5.7
"dominula"	140	136	129	2	22	0.4	0.4	0	0.4	4
"dominula"	140	137	64	1	17.2	0.6	0.6	0	0.5	3.4
"dominula"	140	138	70	1	16.6	0.5	0.5	0	0.3	2.2
"dominula"	140	139	72	1	16.7	0.7	0.7	0	0.3	4.5
"dominula"	140	140	80	2	15.9	0.4	0.4	0	0.2	1.1
"dominula"	150	1	80	1	22.6	0.6	0.6	0	0	0.2
"dominula"	150	2	49	1	16.5	0.6	0.6	0	0.1	0.4
"dominula"	150	3	132	1	21.9	0.3	0.3	0	0.1	-0.2
"dominula"	150	4	52	1	19.9	0.5	0.5	0	0	0
"dominula"	150	5	161	1	32.6	0.7	0.7	0.1	0.1	0.5
"dominula"	150	6	71	1	28	0.6	0.6	0	0.1	0.3
"dominula"	150	7	42	1	14	0.6	0.6	0.1	0.2	0.5
"dominula"	150	8	119	1	30.9	0.6	0.6	0	0.2	0.4
"dominula"	150	9	97	1	23.1	0.7	0.7	0	0.3	0.8
"dominula"	150	10	102	1	21.2	0.6	0.6	0	0.3	1
"dominula"	150	11	84	1	22.7	0.5	0.5	0	0.2	0.2
"dominula"	150	12	41	1	12.8	0.6	0.6	0	0.4	0.8
"dominula"	150	13	133	1	35.6	0.5	0.5	0	0.4	0.7
"dominula"	150	14	70	1	16.7	0.7	0.7	0	0.3	1.4
"dominula"	150	15	34	1	13.7	0.8	0.8	0	0.5	1.6
"dominula"	150	16	103	1	29.6	0.8	0.8	0	0.4	1.9
"dominula"	150	17	130	1	31.5	0.6	0.6	0.1	0.3	0.6
"dominula"	150	18	75	1	25.9	0.5	0.5	0	0.2	0.4
"dominula"	150	19	128	1	26.8	0.6	0.6	0.1	0.3	1.1
"dominula"	150	20	82	1	18	0.5	0.5	0	0.4	0.6
"dominula"	150	21	104	1	27.3	0.5	0.5	0	0.2	1.1
"dominula"	150	22	126	1	23.1	0.6	0.6	0	0.4	1.2
"dominula"	150	23	156	2	35.6	0.6	0.6	0	0.2	0.4
"dominula"	150	24	89	1	24.8	0.6	0.6	0	0.3	1.1
"dominula"	150	25	65	1	14.2	0.7	0.7	0	0.3	1.3
"dominula"	150	26	72	1	15.2	0.5	0.5	0	0.3	1
"dominula"	150	27	51	2	11.1	0.4	0.4	0	0.2	0.9
"dominula"	150	28	174	1	24.4	0.5	0.5	0	0.5	1.8
"dominula"	150	29	222	1	47.7	0.8	0.8	0	0.5	2
"dominula"	150	30	57	1	18.3	0.5	0.5	0	0.4	1.2
"dominula"	150	31	110	1	26.4	0.8	0.8	0.1	0.4	1.3
"dominula"	150	32	141	1	29.5	0.7	0.7	0	0.3	1.6
"dominula"	150	33	106	1	27.6	0.8	0.8	0	0.3	1.8
"dominula"	150	34	45	1	13.1	0.6	0.6	0	0.4	2.3
"dominula"	150	35	97	1	21.7	0.9	0.9	0	0.4	2
"dominula"	150	36	83	1	25.3	0.6	0.6	0	0.5	2
"dominula"	150	37	95	1	25.3	0.6	0.6	0	0.4	1.8
"dominula"	150	38	115	1	27.6	0.4	0.4	0	0.4	2.1
"dominula"	150	39	61	1	19.9	0.5	0.5	0	0.4	1.1
"dominula"	150	40	95	1	36.9	0.5	0.5	0	0.2	1.1
"dominula"	150	41	29	1	9.4	0.6	0.6	0	0.6	2.5
"dominula"	150	42	80	1	18.6	0.7	0.7	0	0.3	1.8
"dominula"	150	43	51	1	14	0.5	0.5	0	0.3	1.4
"dominula"	150	44	151	1	26	0.4	0.4	0	0.3	0.8
"dominula"	150	45	133	2	27.1	0.5	0.5	0	0.4	0.4
"dominula"	150	46	119	1	31.6	0.6	0.6	0	0.3	2
"dominula"	150	47	139	1	24.6	0.6	0.6	0	0.6	2.5
"dominula"	150	48	34	1	14.4	0.5	0.5	0	0.3	1
"dominula"	150	49	127	1	29.2	0.8	0.8	0	0.6	3.6
"dominula"	150	50	54	1	21.2	0.3	0.3	0	0.3	0.5
"dominula"	150	51	42	1	20.2	0.5	0.5	0	0.2	0.9
"dominula"	150	52	32	1	6.6	0.5	0.5	0	0.5	2.8
"dominula"	150	53	51	1	19.2	0.7	0.7	0	0.6	2.1
"dominula"	150	54	92	1	25.9	0.6	0.6	0	0.3	2
"dominula"	150	55	95	1	26.5	0.5	0.5	0	0.4	0.7
"dominula"	150	56	71	1	21.1	0.5	0.5	0	0.2	0.7
"dominula"	150	57	69	1	17.3	0.5	0.5	0	0.2	1.4
"dominula"	150	58	97	1	19.9	0.7	0.7	0	0.4	2.5
"dominula"	150	59	77	1	15.9	0.7	0.7	0	0.6	2.7
"dominula"	150	60	123	1	24.3	0.7	0.7	0	0.5	2.1
"dominula"	150	61	79	1	29.8	0.6	0.6	0	0.4	1.8
"dominula"	150	62	78	1	14.3	0.3	0.3	0	0.3	1.6
"dominula"	150	63	113	1	23.4	0.5	0.5	0	0.4	2.7
"dominula"	150	64	97	1	20.4	0.6	0.6	0	0.6	2.2
"dominula"	150	65	178	2	27.7	0.6	0.6	0	0.5	2.6
"dominula"	150	66	24	1	6.3	0.6	0.6	0	0.5	3.5
"dominula"	150	67	52	1	15.9	0.6	0.6	0	0.4	2.2
"dominula"	150	68	71	2	20.6	0.7	0.7	0	0.6	2.5
"dominula"	150	69	86	2	19.5	0.5	0.5	0	0.3	2.1
"dominula"	150	70	103	1	28	0.5	0.5	0	0.1	0.6
"dominula"	150	71	114	1	17.6	0.5	0.5	0	0.5	3.4
"dominula"	150	72	281	1	39.8	0.5	0.5	0	0.4	1.5
"dominula"	150	73	139	1	22.3	0.6	0.6	0	0.4	2.4
"dominula"	150	74	92	1	32.7	0.8	0.8	0	0.4	3.9
"dominula"	150	75	130	1	40.5	0.6	0.6	0	0.4	1.5
"dominula"	150	76	97	1	29.7	0.6	0.6	0	0.6	4.8
"dominula"	150	77	92	1	18.3	0.6	0.6	0	0.5	2.4
"dominula"	150	78	109	1	19.3	0.4	0.4	0	0.2	1.4
"dominula"	150	79	49	1	15.2	0.4	0.4	0	0.3	2.3
"dominula"	150	80	69	1	25.5	0.6	0.6	0	0.4	2.8
"dominula"	150	81	153	2	29.4	0.5	0.5	0	0.4	1.2
"dominula"	150	82	69	1	24.4	0.6	0.6	0	0.4	2.4
"dominula"	150	83	63	1	15.9	0.6	0.6	0	0.4	2.4
"dominula"	150	84	140	2	28.3	0.4	0.4	0	0.3	2.6
"dominula"	150	85	87	1	20.8	0.6	0.6	0	0.4	1.7
"dominula"	150	86	77	2	22.4	0.4	0.4	0	0.4	1.6
"dominula"	150	87	34	1	9.1	0.4	0.4	0	0.4	1.2
"dominula"	150	88	108	3	20.5	0.5	0.5	0	0.3	1
"dominula"	150	89	168	2	39	0.5	0.5	0	0.3	0.9
"dominula"	150	90	113	1	25.5	0.6	0.6	0	0.5	1.8
"dominula"	150	91	34	1	12	0.4	0.4	0	0.4	2.8
"dominula"	150	92	45	1	17.5	0.7	0.7	0	0.5	2.6
"dominula"	150	93	93	1	38.2	0.4	0.4	0	0.4	1.9
"dominula"	150	94	57	2	22.1	0.4	0.4	0.1	0.2	2
"dominula"	150	95	73	2	20.6	0.6	0.6	0	0.3	1.8
"dominula"	150	96	58	1	18.7	0.5	0.5	0	0.3	1.9
"dominula"	150	97	114	2	32.5	0.5	0.5	0.1	0.3	1.7
"dominula"	150	98	191	1	41.8	0.6	0.6	0	0.5	2.9
"dominula"	150	99	73	2	18.8	0.3	0.3	0	0.2	1.8
"dominula"	150	100	40	1	12.1	0.6	0.6	0	0.6	3.2
"dominula"	150	101	82	2	18.7	0.5	0.5	0	0.4	1.9
"dominula"	150	102	92	1	30.8	0.7	0.7	0	0.4	2.9
"dominula"	150	103	121	2	41.3	0.5	0.5	0	0.3	1.3
"dominula"	150	104	67	2	18.6	0.6	0.6	0.1	0.3	1
"dominula"	150	105	104	1	26.1	0.6	0.6	0	0.5	4.1
"dominula"	150	106	93	1	32.5	0.3	0.3	0	0.3	1.7
"dominula"	150	107	77	1	19.8	0.6	0.6	0	0.5	3.6
"dominula"	150	108	111	1	18.7	0.5	0.5	0	0.4	2.2
"dominula"	150	109	69	1	19.6	0.6	0.6	0	0.6	4.2
"dominula"	150	110	26	1	9.2	0.4	0.4	0	0.4	1.6
"dominula"	150	111	120	2	38.8	0.5	0.5	0.1	0.3	2.4
"dominula"	150	112	117	1	21.9	0.7	0.7	0	0.6	3.3
"dominula"	150	113	111	1	34	0.4	0.4	0	0.4	3.1
"dominula"	150	114	70	2	19.7	0.5	0.5	0	0.5	2.4
"dominula"	150	115	75	1	17.1	0.5	0.5	0	0.5	3
"dominula"	150	116	125	1	34.6	0.4	0.4	0	0.3	3.2
"dominula"	150	117	167	1	34.3	0.5	0.5	0	0.5	2.5
"dominula"	150	118	104	2	22.2	0.6	0.6	0.1	0.3	0.7
"dominula"	150	119	40	1	11.8	0.5	0.5	0	0.5	4.8
"dominula"	150	120	79	1	18.8	0.6	0.6	0	0.4	3.6
"dominula"	150	121	53	2	17.2	0.6	0.6	0	0.6	2.6
"dominula"	150	122	119	1	24.4	0.5	0.5	0	0.4	2.8
"dominula"	150	123	57	1	18.4	0.6	0.6	0	0.5	3.7
"dominula"	150	124	96	1	29.6	0.5	0.5	0	0.4	1.9
"dominula"	150	125	74	2	21.5	0.5	0.5	0	0.5	3.6
"dominula"	150	126	127	1	38.8	0.4	0.4	0	0.4	3.2
"dominula"	150	127	136	2	24.9	0.3	0.3	0	0.2	2.3
"dominula"	150	128	44	1	13.3	0.6	0.6	0	0.5	1.7
"dominula"	150	129	48	1	17.1	0.6	0.6	0	0.4	4.8
"dominula"	150	130	24	1	11.7	0.6	0.6	0	0.6	3.6
"dominula"	150	131	121	2	34.1	0.6	0.6	0	0.4	2.5
"dominula"	150	132	121	1	34.5	0.5	0.5	0	0.4	4.4
"dominula"	150	133	71	3	22.2	0.7	0.7	0	0.4	1.3
"dominula"	150	134	50	1	10.7	0.7	0.7	0	0.5	2.9
"dominula"	150	135	77	1	17	0.6	0.6	0	0.6	3.1
"dominula"	150	136	75	2	21.4	0.2	0.2	0	0.2	2.7
"dominula"	150	137	54	1	20	0.5	0.5	0	0.4	5.1
"dominula"	150	138	200	1	40.5	0.5	0.5	0	0.4	2.4
"dominula"	150	139	80	1	21.2	0.7	0.7	0	0.6	4.3
"dominula"	150	140	96	1	25.2	0.7	0.7	0	0.6	6
"dominula"	150	141	60	1	19.3	0.6	0.6	0	0.5	3.3
"dominula"	150	142	51	1	20.3	0.6	0.6	0	0.3	4.2
"dominula"	150	143	48	2	12.8	0.3	0.3	0	0.2	2
"dominula"	150	144	43	1	11.6	0.5	0.5	0	0.4	3.4
"dominula"	150	145	69	1	22.4	0.5	0.5	0	0.5	3
"dominula"	150	146	66	2	20.6	0.5	0.5	0	0.4	0.8
"dominula"	150	147	89	2	35.1	0.5	0.5	0	0.5	1.7
"dominula"	150	148	76	1	16.3	0.4	0.4	0	0.3	4.2
"dominula"	150	149	44	1	15.8	0.5	0.5	0	0.4	1.8
"dominula"	150	150	115	1	28.1	0.6	0.6	0.1	0.3	4.9
"dominula"	160	1	94	1	23.6	0.7	0.7	0	0	0.4
"dominula"	160	2	51	1	14.5	0.6	0.6	0	0	0.2
"dominula"	160	3	33	1	14.3	0.5	0.5	0	0	0
"dominula"	160	4	43	1	13.6	0.5	0.5	0	0.1	0.1
"dominula"	160	5	44	1	12.1	0.5	0.5	0	0	0
"dominula"	160	6	119	1	29.4	0.8	0.8	0	0.2	0.8
"dominula"	160	7	55	1	22.4	0.7	0.7	0	0.3	0.7
"dominula"	160	8	110	1	25.7	0.5	0.5	0	0.3	0.4
"dominula"	160	9	47	1	13.3	0.7	0.7	0.1	0.3	0.7
"dominula"	160	10	167	1	38.2	0.6	0.6	0	0.4	0.9
"dominula"	160	11	146	1	28.3	0.8	0.8	0	0.2	0.9
"dominula"	160	12	138	1	25.3	0.5	0.5	0	0.2	0.3
"dominula"	160	13	50	1	14.8	0.5	0.5	0.1	0.2	0.2
"dominula"	160	14	67	1	25.6	0.5	0.5	0	0.2	0.4
"dominula"	160	15	23	1	11.6	0.5	0.5	0	0.4	1
"dominula"	160	16	103	1	23.1	0.7	0.7	0	0.5	1.5
"dominula"	160	17	58	1	12.7	0.5	0.5	0.1	0.3	1
"dominula"	160	18	66	1	21.7	0.8	0.8	0	0.5	1.6
"dominula"	160	19	81	1	24.4	0.5	0.5	0	0.3	0.5
"dominula"	160	20	72	1	17.1	0.6	0.6	0	0.4	0.9
"dominula"	160	21	99	1	29.5	0.8	0.8	0	0.5	2.1
"dominula"	160	22	52	1	17.9	0.5	0.5	0	0.3	0.6
"dominula"	160	23	111	1	37.4	0.5	0.5	0	0.4	1.6
"dominula"	160	24	70	1	20	0.7	0.7	0	0.4	1.7
"dominula"	160	25	77	1	28.5	0.7	0.7	0	0.3	1
"dominula"	160	26	77	1	19.2	0.7	0.7	0	0.4	2.4
"dominula"	160	27	59	1	18	0.6	0.6	0.1	0.4	1.5
"dominula"	160	28	50	1	17.9	0.6	0.6	0	0.3	0.8
"dominula"	160	29	50	1	20.8	0.6	0.6	0	0.4	1.6
"dominula"	160	30	51	1	12.2	0.7	0.7	0.1	0.2	1
"dominula"	160	31	44	1	14.9	0.7	0.7	0	0.4	1.9
"dominula"	160	32	81	1	22.6	0.6	0.6	0	0.4	1.3
"dominula"	160	33	61	1	15.3	0.6	0.6	0	0.4	1.5
"dominula"	160	34	91	1	27.1	0.6	0.6	0	0.5	2.2
"dominula"	160	35	200	1	46.4	0.7	0.7	0	0.6	2.8
"dominula"	160	36	62	1	16.7	0.7	0.7	0	0.3	1.5
"dominula"	160	37	44	1	17.2	0.6	0.6	0	0.3	1
"dominula"	160	38	81	1	20.7	0.5	0.5	0	0.4	1.1
"dominula"	160	39	178	1	31.4	0.4	0.4	0	0.4	0.5
"dominula"	160	40	139	1	23.3	0.7	0.7	0	0.5	2.5
"dominula"	160	41	33	1	11.2	0.5	0.5	0	0.5	2.3
"dominula"	160	42	191	1	31.4	0.5	0.5	0.1	0.4	2.1
"dominula"	160	43	61	1	17	0.7	0.7	0	0.5	2.8
"dominula"	160	44	33	2	10.9	0.6	0.6	0	0.3	0.9
"dominula"	160	45	98	1	16	0.5	0.5	0	0.4	2.2
"dominula"	160	46	95	1	25.7	0.6	0.6	0	0.6	2
"dominula"	160	47	114	2	31.7	0.5	0.5	0	0.2	0.6
"dominula"	160	48	106	2	18	0.5	0.5	0	0.3	1.2
"dominula"	160	49	47	1	11.4	0.6	0.6	0.1	0.5	2.3
"dominula"	160	50	117	1	31.5	0.7	0.7	0	0.6	2.3
"dominula"	160	51	94	1	25	0.7	0.7	0	0.5	2.7
"dominula"	160	52	70	1	24.6	0.5	0.5	0	0.3	1.1
"dominula"	160	53	81	1	19	0.8	0.8	0	0.4	3
"dominula"	160	54	113	1	21.6	0.5	0.5	0	0.4	1.8
"dominula"	160	55	64	1	23.5	0.6	0.6	0	0.4	2
"dominula"	160	56	87	1	22.3	0.7	0.7	0	0.5	2.3
"dominula"	160	57	32	1	10.3	0.7	0.7	0.1	0.5	3.8
"dominula"	160	58	86	1	27.8	0.6	0.6	0	0.4	1.9
"dominula"	160	59	57	1	19.7	0.5	0.5	0	0.4	2.3
"dominula"	160	60	35	1	11.3	0.5	0.5	0	0.4	2.6
"dominula"	160	61	59	1	20.7	0.7	0.7	0	0.4	2.1
"dominula"	160	62	102	1	28.3	0.6	0.6	0.1	0.5	1.7
"dominula"	160	63	85	1	19.4	0.4	0.4	0.1	0.3	1.4
"dominula"	160	64	110	2	27	0.4	0.4	0	0.3	0.5
"dominula"	160	65	186	1	29.3	0.5	0.5	0	0.4	2
"dominula"	160	66	107	1	27.4	0.6	0.6	0	0.4	2.9
"dominula"	160	67	79	2	20.8	0.6	0.6	0	0.5	2.7
"dominula"	160	68	52	1	15.7	0.6	0.6	0	0.5	2
"dominula"	160	69	172	1	31	0.6	0.6	0	0.4	2.1
"dominula"	160	70	25	1	8.8	0.6	0.6	0	0.4	2
"dominula"	160	71	67	1	18.4	0.5	0.5	0	0.4	2.6
"dominula"	160	72	103	1	21.7	0.6	0.6	0.1	0.4	1.8
"dominula"	160	73	100	1	26.5	0.8	0.8	0	0.7	3.3
"dominula"	160	74	44	1	16.7	0.6	0.6	0.1	0.4	3.4
"dominula"	160	75	299	1	53.2	0.4	0.4	0	0.4	2.9
"dominula"	160	76	79	1	21.9	0.4	0.4	0	0.4	2.8
"dominula"	160	77	89	1	19.4	0.7	0.7	0	0.4	2.2
"dominula"	160	78	64	1	22	0.7	0.7	0	0.5	3.7
"dominula"	160	79	42	2	21.7	0.7	0.7	0	0.4	1.1
"dominula"	160	80	50	1	19.3	0.6	0.6	0	0.2	1.4
"dominula"	160	81	106	1	21.5	0.6	0.6	0	0.5	3.2
"dominula"	160	82	27	1	11	0.4	0.4	0	0.4	3
"dominula"	160	83	49	1	20	0.6	0.6	0	0.4	2.3
"dominula"	160	84	150	2	24.6	0.5	0.5	0	0.3	0.5
"dominula"	160	85	122	1	32.4	0.5	0.5	0	0.4	2.3
"dominula"	160	86	61	1	16.9	0.7	0.7	0	0.5	2.5
"dominula"	160	87	57	2	15.6	0.6	0.6	0	0.6	3.8
"dominula"	160	88	52	1	21.5	0.5	0.5	0	0.4	4.1
"dominula"	160	89	112	1	31.1	0.7	0.7	0	0.3	2.8
"dominula"	160	90	64	1	21.3	0.3	0.3	0	0.3	1.1
"dominula"	160	91	80	1	23.9	0.7	0.7	0	0.4	2.5
"dominula"	160	92	68	1	21	0.6	0.6	0	0.6	3.6
"dominula"	160	93	77	1	28.5	0.6	0.6	0	0.4	3.8
"dominula"	160	94	94	1	20.7	0.5	0.5	0	0.5	2.1
"dominula"	160	95	63	1	14.7	0.6	0.6	0	0.5	2.2
"dominula"	160	96	112	1	24.4	0.5	0.5	0	0.4	1.5
"dominula"	160	97	48	2	21.9	0.4	0.4	0	0.4	1.4
"dominula"	160	98	139	1	25.7	0.5	0.5	0	0.4	2.8
"dominula"	160	99	55	1	24.9	0.4	0.4	0	0.3	1.9
"dominula"	160	100	93	1	26.4	0.6	0.6	0	0.5	3.3
"dominula"	160	101	117	1	23.2	0.6	0.6	0	0.4	2.1
"dominula"	160	102	52	1	19.7	0.6	0.6	0.1	0.5	3.7
"dominula"	160	103	36	2	13.7	0.5	0.5	0	0.5	2.4
"dominula"	160	104	119	1	19.6	0.6	0.6	0	0.5	3.5
"dominula"	160	105	66	2	21.8	0.5	0.5	0	0.5	2.8
"dominula"	160	106	113	2	20.7	0.4	0.4	0	0.3	1.4
"dominula"	160	107	181	1	40.9	0.4	0.4	0	0.3	2.6
"dominula"	160	108	108	2	23.7	0.6	0.6	0	0.4	3.9
"dominula"	160	109	39	1	15.2	0.4	0.4	0	0.3	2.6
"dominula"	160	110	139	1	28.8	0.6	0.6	0.1	0.4	4.3
"dominula"	160	111	91	1	14.7	0.3	0.3	0	0.3	1.1
"dominula"	160	112	133	1	35.5	0.4	0.4	0	0.4	2.5
"dominula"	160	113	91	2	21.7	0.5	0.5	0	0.4	3
"dominula"	160	114	41	1	15.1	0.4	0.4	0	0.3	2.2
"dominula"	160	115	100	1	30.4	0.6	0.6	0	0.5	4.3
"dominula"	160	116	70	1	17.1	0.7	0.7	0	0.6	3.1
"dominula"	160	117	95	1	23.4	0.5	0.5	0	0.3	2.9
"dominula"	160	118	126	1	33.9	0.2	0.2	0.2	0	0.6
"dominula"	160	119	89	1	18	0.6	0.6	0	0.6	4.6
"dominula"	160	120	66	1	22.8	0.4	0.4	0	0.4	3.6
"dominula"	160	121	80	1	30.2	0.6	0.6	0	0.4	2.6
"dominula"	160	122	157	1	39.9	0.7	0.7	0	0.5	4.8
"dominula"	160	123	124	1	25.5	0.7	0.7	0	0.5	3.6
"dominula"	160	124	135	1	33.1	0.6	0.6	0	0.2	1.9
"dominula"	160	125	116	2	31.3	0.4	0.4	0.1	0.2	2.2
"dominula"	160	126	79	1	19.8	0.7	0.7	0	0.6	3.8
"dominula"	160	127	61	1	9.8	0.6	0.6	0	0.6	5.4
"dominula"	160	128	63	1	20.7	0.7	0.7	0.1	0.5	4.2
"dominula"	160	129	96	1	24.7	0.6	0.6	0	0.5	3.9
"dominula"	160	130	77	1	12.1	0.4	0.4	0	0.4	3.6
"dominula"	160	131	36	1	10.9	0.7	0.7	0	0.5	4.4
"dominula"	160	132	113	1	19.9	0.4	0.4	0	0.3	4.5
"dominula"	160	133	105	1	21.4	0.6	0.6	0	0.5	4.2
"dominula"	160	134	56	1	17.9	0.5	0.5	0	0.4	4.3
"dominula"	160	135	64	1	16.7	0.5	0.5	0	0.5	3.5
"dominula"	160	136	117	1	25.9	0.8	0.8	0.1	0.6	3.8
"dominula"	160	137	122	3	30.3	0.1	0.1	0	0	0.7
"dominula"	160	138	66	2	18.6	0.6	0.6	0	0.3	2.4
"dominula"	160	139	100	1	30.9	0.6	0.6	0	0.6	3.8
"dominula"	160	140	148	1	23.5	0.6	0.6	0	0.5	3.8
"dominula"	160	141	79	2	26.5	0.4	0.4	0	0.3	3.3
"dominula"	160	142	108	1	32.5	0.6	0.6	0.1	0.3	3.2
"dominula"	160	143	226	1	35.7	0.7	0.7	0	0.6	4
"dominula"	160	144	109	1	30.4	0.5	0.5	0	0.4	2.6
"dominula"	160	145	42	2	17.5	0.5	0.5	0	0.5	3.1
"dominula"	160	146	39	1	12.6	0.6	0.6	0	0.5	2.8
"dominula"	160	147	54	2	21.7	0.4	0.4	0	0.4	4.1
"dominula"	160	148	41	3	17.1	0.5	0.5	0	0.3	1.3
"dominula"	160	149	126	1	23.7	0.6	0.6	0	0.4	4.1
"dominula"	160	150	83	1	22.7	0.7	0.7	0	0.7	5.2
"dominula"	160	151	52	2	16.4	0.6	0.6	0	0.6	3
"dominula"	160	152	81	1	15.9	0.4	0.4	0	0.3	3
"dominula"	160	153	64	1	24.4	0.7	0.7	0	0.7	5.8
"dominula"	160	154	69	2	21.8	0.4	0.4	0	0.4	1.3
"dominula"	160	155	112	1	24.9	0.5	0.5	0	0.3	2.9
"dominula"	160	156	50	1	12.6	0.6	0.6	0	0.6	6.5
"dominula"	160	157	108	1	24.6	0.6	0.6	0.1	0.3	2.1
"dominula"	160	158	140	1	31.1	0.6	0.6	0	0.5	5.6
"dominula"	160	159	151	1	34.7	0.6	0.6	0	0.4	5.3
"dominula"	160	160	74	1	16	0.3	0.3	0	0.2	1.8
"dominula"	170	1	144	1	38.4	0.8	0.8	0	0	0.6
"dominula"	170	2	49	1	10.9	0.6	0.6	0	0	0.2
"dominula"	170	3	102	1	35.8	0.6	0.6	0	0	0.2
"dominula"	170	4	54	1	21.1	0.5	0.5	0	0.3	0.3
"dominula"	170	5	43	1	13.5	0.6	0.6	0.2	0.2	0.7
"dominula"	170	6	158	1	33	0.6	0.6	0	0.1	0.5
"dominula"	170	7	41	2	13.1	0.5	0.5	0	0	0
"dominula"	170	8	46	1	14.7	0.6	0.6	0	0.4	0.6
"dominula"	170	9	60	1	15.8	0.5	0.5	0	0.1	0.4
"dominula"	170	10	93	1	23.6	0.7	0.7	0	0.3	0.9
"dominula"	170	11	31	1	9.8	0.5	0.5	0	0.3	0.4
"dominula"	170	12	71	1	17.8	0.5	0.5	0	0.3	0.5
"dominula"	170	13	70	1	21.2	0.7	0.7	0.1	0.3	0.9
"dominula"	170	14	31	1	10.9	0.6	0.6	0	0.2	0.7
"dominula"	170	15	39	1	13.1	0.7	0.7	0	0.4	1.3
"dominula"	170	16	91	1	21	0.5	0.5	0	0.4	0.8
"dominula"	170	17	40	1	15.4	0.6	0.6	0	0.3	0.7
"dominula"	170	18	37	1	13.9	0.4	0.4	0	0.4	0.7
"dominula"	170	19	49	1	21.2	0.5	0.5	0	0.4	0.8
"dominula"	170	20	91	1	29.5	0.6	0.6	0	0.4	1.5
"dominula"	170	21	36	1	11.9	0.6	0.6	0	0.3	1
"dominula"	170	22	83	1	29	0.6	0.6	0	0.3	1.3
"dominula"	170	23	147	1	32.8	0.5	0.5	0.1	0.2	0.6
"dominula"	170	24	127	1	18.3	0.4	0.4	0	0.3	0.2
"dominula"	170	25	54	1	20.9	0.5	0.5	0	0.2	0.9
"dominula"	170	26	92	1	27	0.8	0.8	0	0.4	1.6
"dominula"	170	27	112	1	18.1	0.5	0.5	0	0.3	1.1
"dominula"	170	28	105	1	24.9	0.5	0.5	0	0.4	1
"dominula"	170	29	211	1	37.8	0.6	0.6	0	0.5	1.9
"dominula"	170	30	88	1	23.6	0.7	0.7	0	0.4	2.1
"dominula"	170	31	68	1	24.6	0.8	0.8	0	0.5	1.9
"dominula"	170	32	440	1	55.9	0.5	0.5	0	0.3	1
"dominula"	170	33	121	1	28.3	0.7	0.7	0	0.4	1.7
"dominula"	170	34	71	1	16.1	0.5	0.5	0	0.4	1.9
"dominula"	170	35	82	1	24.4	0.6	0.6	0	0.5	2.1
"dominula"	170	36	57	1	13.8	0.5	0.5	0	0.4	2.1
"dominula"	170	37	22	1	9.3	0.6	0.6	0	0.3	1.1
"dominula"	170	38	67	1	19.4	0.7	0.7	0	0.3	1.4
"dominula"	170	39	67	1	19.1	0.3	0.3	0	0.2	0.7
"dominula"	170	40	90	1	28.7	0.6	0.6	0	0.5	1.9
"dominula"	170	41	78	1	29.9	0.4	0.4	0	0.3	1
"dominula"	170	42	78	1	19.3	0.4	0.4	0	0.3	1.9
"dominula"	170	43	131	1	29.1	0.7	0.7	0	0.5	2.6
"dominula"	170	44	146	1	24.7	0.6	0.6	0	0.5	1.7
"dominula"	170	45	91	1	21.4	0.5	0.5	0	0.4	2.3
"dominula"	170	46	35	1	13.4	0.6	0.6	0	0.4	1.8
"dominula"	170	47	36	1	15.8	0.5	0.5	0	0.4	2.6
"dominula"	170	48	94	1	22.5	0.6	0.6	0	0.4	2.2
"dominula"	170	49	90	1	24.2	0.7	0.7	0	0.4	2.5
"dominula"	170	50	68	1	15.2	0.6	0.6	0	0.4	2.2
"dominula"	170	51	39	1	12.4	0.7	0.7	0	0.6	2.3
"dominula"	170	52	156	1	39.8	0.7	0.7	0	0.5	2.4
"dominula"	170	53	21	1	7.8	0.5	0.5	0	0.3	1
"dominula"	170	54	33	1	14.1	0.6	0.6	0.1	0.3	2.2
"dominula"	170	55	321	1	49.1	0.5	0.5	0	0.4	2.9
"dominula"	170	56	60	1	20.1	0.5	0.5	0	0.5	1.8
"dominula"	170	57	84	1	25.9	0.6	0.6	0	0.2	1.1
"dominula"	170	58	107	1	29.4	0.4	0.4	0	0.4	3.2
"dominula"	170	59	32	1	10.6	0.5	0.5	0	0.4	2.3
"dominula"	170	60	75	1	18.6	0.7	0.7	0	0.5	2.6
"dominula"	170	61	53	1	20.5	0.5	0.5	0	0.4	2
"dominula"	170	62	81	1	20.6	0.6	0.6	0.1	0.3	1
"dominula"	170	63	126	2	30.1	0.4	0.4	0	0.2	0.1
"dominula"	170	64	37	1	13.3	0.6	0.6	0	0.5	4.6
"dominula"	170	65	54	1	16.4	0.6	0.6	0	0.4	2.6
"dominula"	170	66	59	1	20.8	0.7	0.7	0	0.3	2.4
"dominula"	170	67	100	1	20	0.5	0.5	0	0.3	1.4
"dominula"	170	68	28	1	7.8	0.5	0.5	0	0.5	2.6
"dominula"	170	69	79	1	26.2	0.5	0.5	0	0.5	3.5
"dominula"	170	70	113	1	36	0.5	0.5	0	0.4	2.5
"dominula"	170	71	75	1	24.6	0.6	0.6	0	0.5	3.1
"dominula"	170	72	40	1	14.6	0.4	0.4	0	0.3	0.7
"dominula"	170	73	95	1	23.6	0.4	0.4	0	0.3	0.9
"dominula"	170	74	133	2	27.8	0.7	0.7	0.1	0.4	2.9
"dominula"	170	75	65	1	20.4	0.6	0.6	0	0.4	1.8
"dominula"	170	76	117	1	25.8	0.5	0.5	0	0.5	1.8
"dominula"	170	77	42	2	17.7	0.7	0.7	0.1	0.4	2.2
"dominula"	170	78	140	1	35.5	0.6	0.6	0	0.4	1.6
"dominula"	170	79	41	1	15	0.3	0.3	0.1	0.1	0.3
"dominula"	170	80	76	2	26.5	0.6	0.6	0	0.5	1.4
"dominula"	170	81	176	2	54.9	0.7	0.7	0	0.4	1.6
"dominula"	170	82	64	1	18.8	0.6	0.6	0	0.5	4
"dominula"	170	83	66	1	22.7	0.7	0.7	0.1	0.4	3.5
"dominula"	170	84	105	1	27.3	0.7	0.7	0	0.7	3.9
"dominula"	170	85	150	1	34.4	0.5	0.5	0	0.4	3
"dominula"	170	86	38	1	13.7	0.5	0.5	0	0.3	1.2
"dominula"	170	87	44	1	13.5	0.7	0.7	0	0.4	1.8
"dominula"	170	88	66	1	18.9	0.6	0.6	0	0.5	3.2
"dominula"	170	89	74	1	24.1	0.6	0.6	0	0.5	2.4
"dominula"	170	90	50	1	19	0.7	0.7	0	0.6	4.5
"dominula"	170	91	54	1	19.4	0.6	0.6	0	0.4	2.6
"dominula"	170	92	89	1	24.4	0.7	0.7	0	0.7	3
"dominula"	170	93	73	2	22.6	0.6	0.6	0	0.5	2.4
"dominula"	170	94	105	3	40.1	0.4	0.4	0	0.4	1.8
"dominula"	170	95	102	2	36.8	0.5	0.5	0	0.4	1.4
"dominula"	170	96	132	1	28.1	0.3	0.3	0	0.2	1.7
"dominula"	170	97	40	1	16.6	0.5	0.5	0	0.4	3
"dominula"	170	98	174	2	48.2	0.5	0.5	0	0.3	1.1
"dominula"	170	99	175	1	27.9	0.4	0.4	0	0.4	2.2
"dominula"	170	100	58	2	15.4	0.4	0.4	0	0.4	1.4
"dominula"	170	101	336	1	54.4	0.6	0.6	0	0.4	3.6
"dominula"	170	102	157	1	33.9	0.7	0.7	0	0.6	3.9
"dominula"	170	103	99	1	20.7	0.7	0.7	0	0.5	3.5
"dominula"	170	104	152	1	25.6	0.5	0.5	0	0.3	1.7
"dominula"	170	105	115	1	24.4	0.4	0.4	0	0.4	3.5
"dominula"	170	106	74	1	24.1	0.6	0.6	0	0.5	2.4
"dominula"	170	107	72	2	19.3	0.6	0.6	0	0.4	3.1
"dominula"	170	108	71	2	24.2	0.5	0.5	0	0.3	1
"dominula"	170	109	122	2	36.9	0.7	0.7	0	0.7	3.7
"dominula"	170	110	96	2	16.2	0.4	0.4	0	0.4	1.4
"dominula"	170	111	46	2	15.9	0.5	0.5	0	0.4	2.7
"dominula"	170	112	52	1	19.8	0.6	0.6	0	0.4	2.6
"dominula"	170	113	51	1	12.2	0.6	0.6	0	0.3	3
"dominula"	170	114	130	1	23.7	0.4	0.4	0	0.3	2
"dominula"	170	115	125	1	27.6	0.5	0.5	0	0.2	2.3
"dominula"	170	116	153	2	42.1	0.5	0.5	0	0.3	2.3
"dominula"	170	117	41	3	13.5	0.5	0.5	0	0.3	1.1
"dominula"	170	118	66	1	17	0.5	0.5	0	0.4	2.1
"dominula"	170	119	88	2	25.9	0.6	0.6	0	0.5	2
"dominula"	170	120	70	1	23.5	0.6	0.6	0	0.6	4.6
"dominula"	170	121	117	1	21.4	0.4	0.4	0	0.3	2.7
"dominula"	170	122	156	2	28.3	0.7	0.7	0	0.4	3
"dominula"	170	123	87	1	19	0.5	0.5	0	0.4	2.9
"dominula"	170	124	60	2	17.1	0.6	0.6	0	0.4	3.2
"dominula"	170	125	71	1	22.3	0.5	0.5	0	0.4	3.3
"dominula"	170	126	55	1	15.6	0.7	0.7	0	0.6	2.2
"dominula"	170	127	90	2	22.3	0.7	0.7	0	0.6	3.9
"dominula"	170	128	203	1	28.9	0.6	0.6	0	0.5	2.9
"dominula"	170	129	69	1	22.3	0.8	0.8	0	0.6	4.2
"dominula"	170	130	67	1	13.5	0.5	0.5	0	0.4	3.5
"dominula"	170	131	46	1	9.5	0.5	0.5	0	0.4	4.2
"dominula"	170	132	86	1	24.2	0.5	0.5	0	0.5	3
"dominula"	170	133	159	2	32.9	0.5	0.5	0	0.5	3
"dominula"	170	134	51	3	20.7	0.4	0.4	0	0.4	2
"dominula"	170	135	119	1	30.3	0.4	0.4	0	0.3	1.6
"dominula"	170	136	44	1	11.4	0.6	0.6	0	0.5	6.3
"dominula"	170	137	59	1	14.3	0.6	0.6	0	0.5	4.9
"dominula"	170	138	119	1	29.6	0.6	0.6	0	0.5	3.3
"dominula"	170	139	85	2	26.1	0.7	0.7	0	0.7	4.6
"dominula"	170	140	64	1	25.2	0.7	0.7	0	0.5	4.2
"dominula"	170	141	55	1	12.5	0.5	0.5	0	0.5	4.4
"dominula"	170	142	68	1	23.3	0.6	0.6	0	0.6	4
"dominula"	170	143	91	1	29.2	0.7	0.7	0	0.7	4.7
"dominula"	170	144	145	1	33.9	0.6	0.6	0	0.4	4.1
"dominula"	170	145	99	1	15.2	0.3	0.3	0	0.3	2.6
"dominula"	170	146	60	1	18.5	0.4	0.4	0	0.3	2.9
"dominula"	170	147	67	1	18.9	0.7	0.7	0	0.5	3.1
"dominula"	170	148	84	1	27.4	0.6	0.6	0	0.6	5.5
"dominula"	170	149	63	1	16.4	0.7	0.7	0	0.5	5.2
"dominula"	170	150	144	2	27.1	0.4	0.4	0	0.1	2.9
"dominula"	170	151	100	2	22.8	0.5	0.5	0	0.5	3.3
"dominula"	170	152	132	3	40.7	0.4	0.4	0	0.2	1.6
"dominula"	170	153	85	1	18.3	0.7	0.7	0	0.6	4.4
"dominula"	170	154	143	1	34.1	0.7	0.7	0	0.5	4.8
"dominula"	170	155	96	1	18.6	0.7	0.7	0	0.6	5.1
"dominula"	170	156	70	2	18	0.5	0.5	0	0.5	1.6
"dominula"	170	157	130	1	21.8	0.6	0.6	0	0.5	5.9
"dominula"	170	158	71	3	25.8	0.7	0.7	0	0.7	6.3
"dominula"	170	159	48	3	14.6	0.5	0.5	0	0.5	4.1
"dominula"	170	160	58	1	22.1	0.5	0.5	0	0.5	5.9
"dominula"	170	161	58	1	17	0.5	0.5	0	0.5	2.3
"dominula"	170	162	124	2	41.5	0.5	0.5	0.1	0.3	1
"dominula"	170	163	108	1	34.8	0.6	0.6	0	0.5	6.3
"dominula"	170	164	72	1	30.7	0.5	0.5	0	0.5	4.1
"dominula"	170	165	103	1	22.6	0.5	0.5	0	0.5	4
"dominula"	170	166	208	4	52.3	0.3	0.3	0	0.3	2
"dominula"	170	167	76	1	20.9	0.4	0.4	0	0.3	4.8
"dominula"	170	168	58	1	21.8	0.5	0.5	0	0.2	3
"dominula"	170	169	88	1	16.3	0.5	0.5	0	0.5	5.8
"dominula"	170	170	81	2	22.9	0.6	0.6	0	0.6	5
"dominula"	180	1	141	1	22	0.5	0.5	0	0	0
"dominula"	180	2	168	1	31.3	0.5	0.5	0	0.1	0.1
"dominula"	180	3	73	1	18.4	0.5	0.5	0	0	0
"dominula"	180	4	85	1	27.8	0.6	0.6	0	0.2	0.5
"dominula"	180	5	158	1	32.5	0.5	0.5	0	0	0
"dominula"	180	6	84	1	26.2	0.7	0.7	0	0.1	0.5
"dominula"	180	7	82	2	21.7	0.6	0.6	0	0.1	0.3
"dominula"	180	8	63	1	16.1	0.5	0.5	0	0.2	0.3
"dominula"	180	9	38	1	13.4	0.5	0.5	0	0.3	0.6
"dominula"	180	10	133	1	27.3	0.6	0.6	0.1	0.2	0.7
"dominula"	180	11	108	1	24.3	0.6	0.6	0	0.2	0.8
"dominula"	180	12	72	1	14.1	0.6	0.6	0	0.4	1.4
"dominula"	180	13	66	1	18.9	0.5	0.5	0	0.3	1.3
"dominula"	180	14	55	1	16	0.6	0.6	0	0.2	0.4
"dominula"	180	15	150	1	35.9	0.3	0.3	0	0.2	0.1
"dominula"	180	16	122	1	27.8	0.6	0.6	0	0.4	1
"dominula"	180	17	120	1	27	0.7	0.7	0	0.3	1.1
"dominula"	180	18	119	1	29.5	0.6	0.6	0	0.3	0.6
"dominula"	180	19	126	1	34.6	0.6	0.6	0.1	0.3	0.7
"dominula"	180	20	57	1	15.1	0.6	0.6	0	0.3	0.6
"dominula"	180	21	68	1	15.1	0.5	0.5	0	0.4	0.9
"dominula"	180	22	37	1	14.4	0.5	0.5	0	0.2	0.9
"dominula"	180	23	71	1	19.6	0.7	0.7	0	0.3	0.9
"dominula"	180	24	151	1	32.9	0.7	0.7	0	0.4	0.9
"dominula"	180	25	147	1	20.7	0.6	0.6	0.1	0.3	1.1
"dominula"	180	26	92	1	23.1	0.6	0.6	0	0.4	0.7
"dominula"	180	27	103	1	31.1	0.5	0.5	0	0.4	1
"dominula"	180	28	64	1	13.9	0.5	0.5	0	0.5	1.4
"dominula"	180	29	40	1	11.6	0.5	0.5	0	0.4	1.3
"dominula"	180	30	64	1	19	0.7	0.7	0	0.3	1.4
"dominula"	180	31	59	1	21	0.7	0.7	0	0.5	1.1
"dominula"	180	32	68	1	16.3	0.7	0.7	0	0.5	2.4
"dominula"	180	33	142	1	24.6	0.8	0.8	0	0.5	2.7
"dominula"	180	34	90	1	19.3	0.4	0.4	0	0.4	0.8
"dominula"	180	35	134	1	27.3	0.6	0.6	0	0.4	2.3
"dominula"	180	36	204	1	39.3	0.6	0.6	0	0.5	2.1
"dominula"	180	37	60	1	20.2	0.6	0.6	0	0.4	1.5
"dominula"	180	38	43	1	14.6	0.7	0.7	0	0.5	2.5
"dominula"	180	39	85	2	27	0.7	0.7	0	0.2	0.7
"dominula"	180	40	38	1	11.9	0.6	0.6	0	0.4	1.5
"dominula"	180	41	131	1	30.4	0.6	0.6	0	0.3	1.5
"dominula"	180	42	87	1	21.6	0.6	0.6	0	0.3	1.3
"dominula"	180	43	74	1	21.8	0.7	0.7	0	0.5	2.4
"dominula"	180	44	124	1	21.2	0.4	0.4	0	0.3	0.5
"dominula"	180	45	78	1	13.1	0.4	0.4	0.1	0.2	0.2
"dominula"	180	46	26	1	7.6	0.5	0.5	0	0.4	1.8
"dominula"	180	47	43	1	15.5	0.4	0.4	0.1	0.3	1.4
"dominula"	180	48	54	1	16.8	0.8	0.8	0	0.5	3.2
"dominula"	180	49	51	1	15.9	0.5	0.5	0	0.4	2
"dominula"	180	50	39	1	11.5	0.6	0.6	0.1	0.4	2.5
"dominula"	180	51	59	1	18.3	0.6	0.6	0	0.5	3.1
"dominula"	180	52	132	1	32.4	0.6	0.6	0	0.4	3.1
"dominula"	180	53	87	1	23.3	0.7	0.7	0	0.6	3.2
"dominula"	180	54	44	1	14.3	0.5	0.5	0.1	0.2	1
"dominula"	180	55	75	1	20.4	0.6	0.6	0	0.3	1.9
"dominula"	180	56	147	1	28.7	0.6	0.6	0	0.3	2.5
"dominula"	180	57	126	1	29	0.5	0.5	0	0.4	1.1
"dominula"	180	58	90	1	16	0.5	0.5	0	0.5	3.1
"dominula"	180	59	85	1	22.9	0.5	0.5	0	0.5	1.8
"dominula"	180	60	86	1	24.9	0.6	0.6	0	0.3	1
"dominula"	180	61	134	1	39.4	0.9	0.9	0	0.6	3.5
"dominula"	180	62	93	1	27.1	0.8	0.8	0	0.5	2.2
"dominula"	180	63	64	1	16.9	0.4	0.4	0	0.3	1.4
"dominula"	180	64	34	1	13.5	0.6	0.6	0	0.4	1.6
"dominula"	180	65	77	1	30.8	0.6	0.6	0	0.4	1.9
"dominula"	180	66	88	1	19.1	0.7	0.7	0	0.4	3.4
"dominula"	180	67	171	1	37.9	0.7	0.7	0.1	0.5	1.6
"dominula"	180	68	62	1	10.9	0.5	0.5	0	0.5	3.7
"dominula"	180	69	65	1	19.3	0.5	0.5	0	0.4	2
"dominula"	180	70	13	1	6.5	0.4	0.4	0	0.4	1.6
"dominula"	180	71	119	1	17.5	0.5	0.5	0	0.4	1.9
"dominula"	180	72	31	2	11.1	0.3	0.3	0.1	0.2	1.2
"dominula"	180	73	66	1	18.8	0.5	0.5	0	0.4	1.6
"dominula"	180	74	88	2	23.7	0.4	0.4	0.1	0.3	1.7
"dominula"	180	75	41	1	13.5	0.7	0.7	0	0.7	3.1
"dominula"	180	76	27	2	13.2	0.5	0.5	0	0.3	2.6
"dominula"	180	77	197	1	34.7	0.5	0.5	0	0.4	3.2
"dominula"	180	78	39	1	14.3	0.5	0.5	0	0.4	3
"dominula"	180	79	86	1	23.9	0.6	0.6	0	0.5	2.9
"dominula"	180	80	42	1	22.6	0.5	0.5	0	0.4	1.4
"dominula"	180	81	69	2	17.2	0.4	0.4	0	0.2	0.7
"dominula"	180	82	79	1	18.5	0.6	0.6	0	0.5	4
"dominula"	180	83	83	1	24.4	0.6	0.6	0	0.5	3.4
"dominula"	180	84	87	2	29.3	0.6	0.6	0	0.3	1.1
"dominula"	180	85	159	2	31	0.6	0.6	0	0.6	2.6
"dominula"	180	86	63	2	20.5	0.4	0.4	0	0.2	0.5
"dominula"	180	87	60	2	21.7	0.6	0.6	0	0.4	1.6
"dominula"	180	88	128	1	33.9	0.5	0.5	0	0.4	2.4
"dominula"	180	89	40	2	18.4	0.6	0.6	0	0.4	1.2
"dominula"	180	90	112	1	19.1	0.3	0.3	0	0.3	1.4
"dominula"	180	91	117	2	32.5	0.3	0.3	0	0.3	0.4
"dominula"	180	92	86	1	17.7	0.3	0.3	0	0.2	2.5
"dominula"	180	93	98	1	30.5	0.6	0.6	0	0.4	1.9
"dominula"	180	94	94	1	17.5	0.6	0.6	0	0.6	3.9
"dominula"	180	95	37	1	11.4	0.6	0.6	0	0.4	3
"dominula"	180	96	42	2	15.1	0.7	0.7	0	0.7	3.3
"dominula"	180	97	110	1	26.2	0.7	0.7	0	0.6	3.6
"dominula"	180	98	60	2	20.7	0.4	0.4	0	0.3	1
"dominula"	180	99	86	3	26	0.5	0.5	0	0.5	3.2
"dominula"	180	100	42	1	14.8	0.7	0.7	0	0.5	5.4
"dominula"	180	101	93	1	16.5	0.5	0.5	0	0.3	2.5
"dominula"	180	102	66	1	17.6	0.5	0.5	0	0.2	2
"dominula"	180	103	76	1	25.1	0.5	0.5	0	0.5	2.6
"dominula"	180	104	34	1	12.3	0.5	0.5	0	0.5	3.4
"dominula"	180	105	55	1	16	0.5	0.5	0	0.3	1.6
"dominula"	180	106	110	1	36.4	0.7	0.7	0.1	0.4	3.1
"dominula"	180	107	28	3	11.8	0.5	0.5	0	0.3	0.8
"dominula"	180	108	74	1	23.4	0.6	0.6	0	0.5	3
"dominula"	180	109	110	1	33.2	0.5	0.5	0	0.5	2.8
"dominula"	180	110	15	1	6.9	0.5	0.5	0	0.3	3
"dominula"	180	111	55	1	26.1	0.6	0.6	0	0.5	3.2
"dominula"	180	112	29	1	7.8	0.5	0.5	0	0.5	2.6
"dominula"	180	113	91	1	19.9	0.6	0.6	0	0.3	2
"dominula"	180	114	118	2	23.7	0.5	0.5	0	0.4	1.9
"dominula"	180	115	78	1	23.9	0.4	0.4	0	0.4	1.8
"dominula"	180	116	114	1	23.7	0.6	0.6	0	0.6	3.1
"dominula"	180	117	54	2	19	0.7	0.7	0	0.6	3.1
"dominula"	180	118	136	1	27.8	0.6	0.6	0	0.5	3.8
"dominula"	180	119	45	3	16.3	0.6	0.6	0	0.4	3.3
"dominula"	180	120	38	1	13.7	0.6	0.6	0	0.4	3
"dominula"	180	121	35	2	13.9	0.4	0.4	0	0.3	0.5
"dominula"	180	122	192	1	38.6	0.4	0.4	0	0.4	1.7
"dominula"	180	123	118	2	22.3	0.7	0.7	0.1	0.4	2
"dominula"	180	124	59	1	21.9	0.6	0.6	0	0.6	4.2
"dominula"	180	125	42	2	17.4	0.6	0.6	0	0.6	4.3
"dominula"	180	126	130	2	35.8	0.7	0.7	0.1	0.4	2
"dominula"	180	127	214	2	38.2	0.5	0.5	0	0.4	1.9
"dominula"	180	128	85	2	24	0.4	0.4	0	0.2	0.8
"dominula"	180	129	58	2	19.9	0.5	0.5	0	0.4	3.3
"dominula"	180	130	64	1	24.6	0.7	0.7	0	0.6	5.3
"dominula"	180	131	69	1	18.5	0.7	0.7	0	0.6	4.8
"dominula"	180	132	63	1	18.4	0.4	0.4	0	0.4	2
"dominula"	180	133	97	1	30.9	0.8	0.8	0	0.5	4.3
"dominula"	180	134	159	1	28.6	0.4	0.4	0	0.4	4
"dominula"	180	135	52	1	15.4	0.8	0.8	0	0.6	4.7
"dominula"	180	136	60	1	18.3	0.5	0.5	0	0.5	3.5
"dominula"	180	137	172	2	37.7	0.4	0.4	0	0.4	3.3
"dominula"	180	138	71	1	15.2	0.4	0.4	0	0.4	5.1
"dominula"	180	139	62	1	18.4	0.7	0.7	0	0.6	6.6
"dominula"	180	140	85	1	25.2	0.5	0.5	0	0.4	2.1
"dominula"	180	141	27	1	10.6	0.4	0.4	0	0.4	2
"dominula"	180	142	73	1	16	0.6	0.6	0	0.4	2.9
"dominula"	180	143	119	1	35.6	0.3	0.3	0	0.3	1.7
"dominula"	180	144	76	1	19.2	0.4	0.4	0	0.4	2
"dominula"	180	145	44	1	14.3	0.3	0.3	0	0.1	3.3
"dominula"	180	146	84	1	20.6	0.7	0.7	0	0.7	7
"dominula"	180	147	120	1	29.1	0.4	0.4	0	0.4	4.6
"dominula"	180	148	41	1	15.2	0.8	0.8	0	0.6	6.3
"dominula"	180	149	68	1	15.9	0.6	0.6	0	0.4	5.9
"dominula"	180	150	41	1	17.2	0.7	0.7	0	0.5	5
"dominula"	180	151	55	2	16.9	0.5	0.5	0	0.5	1.8
"dominula"	180	152	96	2	27.7	0.7	0.7	0	0.6	3.9
"dominula"	180	153	66	1	23.3	0.5	0.5	0	0.3	3.3
"dominula"	180	154	52	1	20.8	0.6	0.6	0	0.6	5.8
"dominula"	180	155	61	2	17.4	0.5	0.5	0	0.5	3.3
"dominula"	180	156	103	1	31.6	0.6	0.6	0	0.5	4.3
"dominula"	180	157	91	1	27.8	0.7	0.7	0	0.5	6.3
"dominula"	180	158	85	1	27.5	0.4	0.4	0	0.3	1.8
"dominula"	180	159	29	1	13	0.6	0.6	0	0.5	3.5
"dominula"	180	160	115	1	30.2	0.7	0.7	0	0.5	4.6
"dominula"	180	161	127	1	25.4	0.5	0.5	0	0.5	3.7
"dominula"	180	162	72	2	19.9	0.5	0.5	0	0.5	3.3
"dominula"	180	163	138	1	35.5	0.6	0.6	0	0.5	4.2
"dominula"	180	164	44	1	14.7	0.6	0.6	0	0.6	5.6
"dominula"	180	165	58	1	18.9	0.5	0.5	0	0.3	2.3
"dominula"	180	166	164	1	36.8	0.5	0.5	0	0.5	4.7
"dominula"	180	167	28	2	12.8	0.6	0.6	0	0.4	2.7
"dominula"	180	168	46	1	13.3	0.7	0.7	0	0.6	3.7
"dominula"	180	169	102	1	13.8	0.5	0.5	0	0.5	5.4
"dominula"	180	170	158	2	32.3	0.5	0.5	0	0.4	3.1
"dominula"	180	171	33	1	13.6	0.5	0.5	0	0.5	5.3
"dominula"	180	172	38	1	14.2	0.6	0.6	0	0.3	3.1
"dominula"	180	173	347	1	59.4	0.5	0.5	0	0.4	2.6
"dominula"	180	174	134	2	37.1	0.5	0.5	0	0.4	2.2
"dominula"	180	175	41	1	17.9	0.4	0.4	0	0.4	4.1
"dominula"	180	176	125	2	36.7	0.6	0.6	0	0.5	3.8
"dominula"	180	177	44	1	16.8	0.6	0.6	0	0.5	3.3
"dominula"	180	178	37	1	14.5	0.4	0.4	0	0.4	4.2
"dominula"	180	179	175	1	35.3	0.4	0.4	0	0.3	4.1
"dominula"	180	180	37	1	11.3	0.6	0.6	0	0.4	3.3
"dominula"	190	1	40	1	13	0.6	0.6	0	0	0.2
"dominula"	190	2	81	1	22.5	0.6	0.6	0	0	0.2
"dominula"	190	3	48	1	14.9	0.7	0.7	0	0.2	0.6
"dominula"	190	4	135	1	22.2	0.7	0.7	0	0.1	0.5
"dominula"	190	5	102	1	32.8	0.7	0.7	0	0.2	0.7
"dominula"	190	6	43	1	14.2	0.7	0.7	0.1	0	0.4
"dominula"	190	7	61	1	13	0.6	0.6	0	0.3	0.6
"dominula"	190	8	69	1	14.6	0.4	0.4	0	0.2	0
"dominula"	190	9	71	1	23.4	0.7	0.7	0	0.4	1
"dominula"	190	10	117	1	23.1	0.6	0.6	0	0.3	0.7
"dominula"	190	11	54	1	12.3	0.7	0.7	0	0.5	1.3
"dominula"	190	12	74	1	20.4	0.5	0.5	0.1	0.2	0.5
"dominula"	190	13	57	1	20.3	0.4	0.4	0	0.3	0.4
"dominula"	190	14	78	1	18.8	0.5	0.5	0	0.3	1
"dominula"	190	15	50	1	17.6	0.5	0.5	0	0.3	0.6
"dominula"	190	16	65	1	18.8	0.7	0.7	0	0.3	1
"dominula"	190	17	149	1	25.3	0.5	0.5	0	0.2	0.5
"dominula"	190	18	17	1	7.2	0.6	0.6	0	0.5	1.8
"dominula"	190	19	29	1	12	0.3	0.3	0	0.2	0.4
"dominula"	190	20	36	1	13.5	0.4	0.4	0	0.2	0.3
"dominula"	190	21	52	1	16.5	0.6	0.6	0	0.3	0.9
"dominula"	190	22	155	1	33.9	0.6	0.6	0	0.4	2.1
"dominula"	190	23	58	1	27.9	0.5	0.5	0	0.3	0.6
"dominula"	190	24	84	1	24.2	0.5	0.5	0	0.3	0.8
"dominula"	190	25	77	1	14.9	0.6	0.6	0.1	0.4	1.8
"dominula"	190	26	63	1	20.1	0.7	0.7	0	0.3	1.6
"dominula"	190	27	88	1	24.2	0.5	0.5	0	0.5	0.9
"dominula"	190	28	45	1	16	0.6	0.6	0	0.4	0.9
"dominula"	190	29	114	1	20.2	0.5	0.5	0	0.3	1.5
"dominula"	190	30	109	1	24.7	0.6	0.6	0	0.4	1.5
"dominula"	190	31	100	1	15.4	0.5	0.5	0.1	0.3	1.3
"dominula"	190	32	69	2	19	0.7	0.7	0	0.3	1.6
"dominula"	190	33	57	1	12.2	0.6	0.6	0	0.4	1.6
"dominula"	190	34	47	1	13.7	0.6	0.6	0	0.4	1
"dominula"	190	35	28	1	10.1	0.4	0.4	0	0.3	1
"dominula"	190	36	131	1	24.8	0.5	0.5	0.1	0.3	1.5
"dominula"	190	37	47	1	14.7	0.5	0.5	0	0.5	2.1
"dominula"	190	38	101	1	29.3	0.6	0.6	0	0.2	1.3
"dominula"	190	39	157	1	34.5	0.8	0.8	0	0.5	2.3
"dominula"	190	40	127	1	29.8	0.7	0.7	0	0.3	1.1
"dominula"	190	41	114	1	22.1	0.6	0.6	0	0.4	2
"dominula"	190	42	123	1	18.7	0.5	0.5	0	0.5	2.3
"dominula"	190	43	98	1	28	0.7	0.7	0	0.4	2
"dominula"	190	44	72	1	29.2	0.6	0.6	0	0.5	1.1
"dominula"	190	45	86	1	18.1	0.5	0.5	0	0.4	1.4
"dominula"	190	46	27	1	11.6	0.5	0.5	0	0.4	2.4
"dominula"	190	47	33	1	13	0.7	0.7	0	0.5	2.1
"dominula"	190	48	94	1	24.3	0.6	0.6	0	0.5	2.4
"dominula"	190	49	33	1	13.9	0.6	0.6	0.1	0.3	2
"dominula"	190	50	98	1	28.9	0.4	0.4	0	0.3	0.9
"dominula"	190	51	53	1	17.1	0.5	0.5	0	0.2	0.7
"dominula"	190	52	34	1	12.3	0.4	0.4	0	0.4	1.9
"dominula"	190	53	112	1	22.5	0.5	0.5	0	0.4	1.4
"dominula"	190	54	118	1	35.4	0.7	0.7	0	0.5	2.4
"dominula"	190	55	32	1	8.7	0.5	0.5	0	0.3	1.3
"dominula"	190	56	86	1	18	0.5	0.5	0	0.5	3
"dominula"	190	57	53	1	17.8	0.6	0.6	0	0.3	1.5
"dominula"	190	58	64	1	19.3	0.5	0.5	0	0.4	2.1
"dominula"	190	59	140	1	27.5	0.4	0.4	0	0.3	2.7
"dominula"	190	60	112	1	21.7	0.6	0.6	0	0.3	2.3
"dominula"	190	61	211	1	37.8	0.7	0.7	0	0.2	1.4
"dominula"	190	62	124	1	41.2	0.5	0.5	0	0.4	2
"dominula"	190	63	55	1	13.4	0.7	0.7	0	0.3	2.6
"dominula"	190	64	60	2	19.9	0.5	0.5	0	0.4	1.5
"dominula"	190	65	43	2	15.2	0.5	0.5	0	0.4	2.2
"dominula"	190	66	34	1	14.8	0.5	0.5	0	0.5	3.1
"dominula"	190	67	45	1	11.9	0.5	0.5	0	0.4	1.2
"dominula"	190	68	25	1	10.7	0.5	0.5	0.1	0.3	1.4
"dominula"	190	69	79	1	20	0.6	0.6	0	0.3	1.6
"dominula"	190	70	53	1	17	0.5	0.5	0.1	0.3	2.1
"dominula"	190	71	206	1	27.8	0.4	0.4	0	0.4	1.4
"dominula"	190	72	130	1	34.7	0.4	0.4	0	0.2	1.2
"dominula"	190	73	86	1	18.6	0.7	0.7	0	0.6	2.2
"dominula"	190	74	67	1	26	0.4	0.4	0	0.3	1.4
"dominula"	190	75	94	1	20.2	0.6	0.6	0	0.4	3.2
"dominula"	190	76	85	1	23	0.6	0.6	0	0.4	1.7
"dominula"	190	77	157	3	33.7	0.6	0.6	0	0.6	1.6
"dominula"	190	78	52	1	14	0.3	0.3	0	0.3	1.6
"dominula"	190	79	42	1	11.1	0.4	0.4	0	0.4	1.8
"dominula"	190	80	90	1	20.1	0.5	0.5	0	0.4	2.6
"dominula"	190	81	55	2	12.1	0.7	0.7	0	0.5	3
"dominula"	190	82	83	1	26.7	0.6	0.6	0.1	0.3	2.7
"dominula"	190	83	64	1	18.9	0.4	0.4	0	0.2	2.3
"dominula"	190	84	153	2	28.9	0.5	0.5	0	0.5	1.6
"dominula"	190	85	75	2	20.3	0.5	0.5	0	0.4	2.4
"dominula"	190	86	143	2	42.2	0.4	0.4	0	0.4	2.6
"dominula"	190	87	76	2	25.7	0.7	0.7	0	0.3	1
"dominula"	190	88	238	2	42.1	0.6	0.6	0	0.4	1.7
"dominula"	190	89	63	2	20.3	0.5	0.5	0	0.3	0.8
"dominula"	190	90	43	2	12.1	0.4	0.4	0	0.2	1.2
"dominula"	190	91	49	1	11.4	0.7	0.7	0	0.6	4.7
"dominula"	190	92	81	1	21.9	0.3	0.3	0	0.3	1.7
"dominula"	190	93	51	1	13.6	0.4	0.4	0	0.3	2
"dominula"	190	94	24	1	9.6	0.6	0.6	0	0.6	2.9
"dominula"	190	95	60	2	14.1	0.7	0.7	0.1	0.5	3.5
"dominula"	190	96	107	1	23	0.3	0.3	0	0.3	1.9
"dominula"	190	97	79	1	23.3	0.7	0.7	0	0.5	4.5
"dominula"	190	98	62	1	22.6	0.4	0.4	0	0.3	4.2
"dominula"	190	99	80	1	16.9	0.5	0.5	0	0.4	4.2
"dominula"	190	100	109	1	22.6	0.6	0.6	0	0.4	3
"dominula"	190	101	38	1	17.1	0.5	0.5	0	0.5	5.1
"dominula"	190	102	72	1	15.9	0.3	0.3	0	0.2	3.1
"dominula"	190	103	95	1	26.3	0.4	0.4	0	0.4	4.8
"dominula"	190	104	53	1	17.2	0.5	0.5	0	0.4	3
"dominula"	190	105	59	2	16.5	0.5	0.5	0	0.4	1
"dominula"	190	106	42	2	14.9	0.5	0.5	0.1	0.3	2.7
"dominula"	190	107	108	2	36	0.4	0.4	0	0.3	2.2
"dominula"	190	108	212	2	45.8	0.7	0.7	0.1	0.5	2.5
"dominula"	190	109	119	1	22	0.6	0.6	0	0.6	4.6
"dominula"	190	110	119	1	23.2	0.6	0.6	0	0.4	2.2
"dominula"	190	111	97	2	19.2	0.4	0.4	0.1	0.3	1
"dominula"	190	112	18	1	7.2	0.4	0.4	0	0.3	1.4
"dominula"	190	113	105	4	21	0.6	0.6	0	0.4	1.8
"dominula"	190	114	127	1	21	0.8	0.8	0	0.5	2.9
"dominula"	190	115	131	1	30.1	0.7	0.7	0	0.5	4.2
"dominula"	190	116	104	1	30.1	0.7	0.7	0	0.5	4.3
"dominula"	190	117	58	1	19.5	0.5	0.5	0	0.4	3.9
"dominula"	190	118	70	1	22.3	0.8	0.8	0	0.5	3.1
"dominula"	190	119	40	1	11.9	0.4	0.4	0	0.3	4.7
"dominula"	190	120	84	1	21.8	0.6	0.6	0	0.6	5
"dominula"	190	121	103	1	19.2	0.3	0.3	0	0.3	2.6
"dominula"	190	122	45	1	11.6	0.5	0.5	0	0.4	3.3
"dominula"	190	123	121	1	28.5	0.3	0.3	0	0.3	1.6
"dominula"	190	124	127	2	27.7	0.5	0.5	0	0.3	1.6
"dominula"	190	125	139	1	36.8	0.6	0.6	0.1	0.5	2.8
"dominula"	190	126	107	1	17.7	0.6	0.6	0	0.6	4.2
"dominula"	190	127	93	1	24.6	0.5	0.5	0	0.5	2.1
"dominula"	190	128	66	1	22.9	0.6	0.6	0	0.4	1.6
"dominula"	190	129	83	1	18.5	0.5	0.5	0	0.4	4.5
"dominula"	190	130	89	1	26.9	0.4	0.4	0	0.3	3.9
"dominula"	190	131	64	2	23.7	0.6	0.6	0	0.4	3.2
"dominula"	190	132	97	1	30.2	0.6	0.6	0	0.5	3.3
"dominula"	190	133	64	1	17.9	0.5	0.5	0	0.5	3.9
"dominula"	190	134	69	1	16.8	0.5	0.5	0	0.5	3.5
"dominula"	190	135	235	2	41.6	0.5	0.5	0	0.4	1.9
"dominula"	190	136	287	2	57.4	0.7	0.7	0	0.6	3.4
"dominula"	190	137	29	1	11.7	0.6	0.6	0	0.4	1.8
"dominula"	190	138	60	1	14	0.5	0.5	0	0.4	3.3
"dominula"	190	139	53	1	11.6	0.7	0.7	0.1	0.5	3.8
"dominula"	190	140	28	1	11.1	0.5	0.5	0	0.5	3.8
"dominula"	190	141	80	2	24.3	0.7	0.7	0	0.5	2.8
"dominula"	190	142	42	1	15.9	0.5	0.5	0	0.3	1.9
"dominula"	190	143	155	1	35.9	0.5	0.5	0.1	0.3	4.6
"dominula"	190	144	172	1	32.1	0.5	0.5	0.1	0.3	3.4
"dominula"	190	145	220	1	39.9	0.5	0.5	0	0.4	4.2
"dominula"	190	146	77	1	21.5	0.4	0.4	0	0.4	2.8
"dominula"	190	147	57	1	19.9	0.5	0.5	0	0.5	6.1
"dominula"	190	148	47	1	17.1	0.6	0.6	0	0.4	5
"dominula"	190	149	50	1	18.1	0.5	0.5	0	0.5	2.1
"dominula"	190	150	47	1	16.2	0.6	0.6	0	0.5	2.7
"dominula"	190	151	59	2	22.2	0.5	0.5	0	0.3	3.9
"dominula"	190	152	86	1	20	0.7	0.7	0	0.5	5.9
"dominula"	190	153	83	3	16.6	0.5	0.5	0	0.5	1.5
"dominula"	190	154	37	1	10.1	0.5	0.5	0	0.4	2
"dominula"	190	155	135	1	32.2	0.6	0.6	0	0.5	2.5
"dominula"	190	156	69	1	23.1	0.6	0.6	0	0.5	5.4
"dominula"	190	157	64	1	18.4	0.5	0.5	0	0.5	4.4
"dominula"	190	158	62	2	23.8	0.7	0.7	0	0.5	2.3
"dominula"	190	159	74	1	22.1	0.5	0.5	0	0.4	4.7
"dominula"	190	160	59	1	18.4	0.5	0.5	0	0.5	4.3
"dominula"	190	161	86	2	27	0.6	0.6	0	0.5	4.4
"dominula"	190	162	97	1	25.6	0.6	0.6	0	0.4	6.6
"dominula"	190	163	52	1	15.4	0.8	0.8	0	0.7	4.5
"dominula"	190	164	72	1	19.8	0.5	0.5	0	0.4	4.8
"dominula"	190	165	205	1	41.5	0.5	0.5	0	0.5	3.6
"dominula"	190	166	54	2	20.2	0.6	0.6	0	0.4	3.2
"dominula"	190	167	102	1	18.9	0.7	0.7	0	0.6	4.3
"dominula"	190	168	70	1	27	0.4	0.4	0	0.3	3.6
"dominula"	190	169	126	2	22.7	0.5	0.5	0	0.5	2.2
"dominula"	190	170	57	2	21	0.4	0.4	0	0.3	4.2
"dominula"	190	171	51	2	18.4	0.5	0.5	0	0.4	1.8
"dominula"	190	172	72	1	22.8	0.6	0.6	0	0.4	3.1
"dominula"	190	173	62	1	27.1	0.4	0.4	0	0.3	3.4
"dominula"	190	174	202	1	37.2	0.8	0.8	0	0.6	4.8
"dominula"	190	175	80	1	17.6	0.5	0.5	0	0.5	5.2
"dominula"	190	176	119	1	22.6	0.5	0.5	0	0.3	2.1
"dominula"	190	177	205	2	33.4	0.7	0.7	0	0.2	2.6
"dominula"	190	178	37	2	15.2	0.6	0.6	0	0.6	7.4
"dominula"	190	179	114	1	25.5	0.4	0.4	0	0.3	1.9
"dominula"	190	180	35	1	11.3	0.5	0.5	0	0.5	3.8
"dominula"	190	181	133	1	29.1	0.5	0.5	0	0.5	3.4
"dominula"	190	182	86	1	24.1	0.4	0.4	0	0.3	2.4
"dominula"	190	183	28	1	13.3	0.7	0.7	0	0.5	7.3
"dominula"	190	184	154	1	42.3	0.7	0.7	0	0.4	4.6
"dominula"	190	185	38	2	15	0.6	0.6	0	0.6	3.2
"dominula"	190	186	55	1	16.7	0.5	0.5	0	0.4	3.2
"dominula"	190	187	128	1	31	0.6	0.6	0	0.5	3
"dominula"	190	188	65	1	17.8	0.4	0.4	0	0.4	1.9
"dominula"	190	189	86	1	23.2	0.6	0.6	0	0.6	4.7
"dominula"	190	190	85	4	34.2	0.6	0.6	0	0.4	1.9
"dominula"	200	1	133	1	36.4	0.6	0.6	0	0	0.2
"dominula"	200	2	64	1	22.6	0.7	0.7	0	0.1	0.5
"dominula"	200	3	76	1	15.8	0.5	0.5	0	0	0
"dominula"	200	4	57	1	10.4	0.5	0.5	0	0	0.1
"dominula"	200	5	77	1	18.7	0.6	0.6	0	0.2	0.4
"dominula"	200	6	127	1	22	0.6	0.6	0	0.1	0.3
"dominula"	200	7	72	1	22.9	0.5	0.5	0	0.3	0.5
"dominula"	200	8	40	1	16.8	0.5	0.5	0	0.1	0.2
"dominula"	200	9	62	1	15	0.6	0.6	0	0.2	0.5
"dominula"	200	10	32	1	13.4	0.5	0.5	0.1	0.3	0.4
"dominula"	200	11	68	1	14	0.5	0.5	0	0.4	0.6
"dominula"	200	12	80	1	17.6	0.6	0.6	0	0.3	0.9
"dominula"	200	13	36	1	13.2	0.6	0.6	0	0.4	0.6
"dominula"	200	14	90	1	24.7	0.5	0.5	0	0.3	0.5
"dominula"	200	15	100	1	21.8	0.4	0.4	0	0.3	0.4
"dominula"	200	16	140	1	35	0.7	0.7	0	0.4	1.5
"dominula"	200	17	45	1	14.3	0.7	0.7	0	0.3	1.1
"dominula"	200	18	104	1	23.1	0.6	0.6	0	0.3	0.9
"dominula"	200	19	66	1	23.1	0.5	0.5	0.1	0.1	0.4
"dominula"	200	20	57	1	14.9	0.5	0.5	0	0.3	1.2
"dominula"	200	21	84	1	23.5	0.5	0.5	0	0.2	0.9
"dominula"	200	22	183	1	53.5	0.6	0.6	0	0.3	0.9
"dominula"	200	23	60	1	15.4	0.5	0.5	0	0.5	1.1
"dominula"	200	24	16	1	5.8	0.4	0.4	0	0.3	0.5
"dominula"	200	25	91	1	19.9	0.5	0.5	0	0.2	0.5
"dominula"	200	26	154	1	27.9	0.5	0.5	0	0.2	0.5
"dominula"	200	27	134	1	26.1	0.7	0.7	0	0.3	1.5
"dominula"	200	28	65	1	13.5	0.5	0.5	0	0.4	1.3
"dominula"	200	29	46	1	13.5	0.5	0.5	0	0.4	1.5
"dominula"	200	30	112	1	34	0.5	0.5	0	0.4	1.7
"dominula"	200	31	47	1	17.7	0.7	0.7	0	0.5	1.7
"dominula"	200	32	59	1	17.4	0.5	0.5	0	0.3	0.8
"dominula"	200	33	155	1	26.6	0.6	0.6	0	0.4	1.6
"dominula"	200	34	34	1	18.8	0.7	0.7	0	0.4	2.5
"dominula"	200	35	89	1	22.6	0.7	0.7	0	0.5	2.5
"dominula"	200	36	70	1	20.1	0.7	0.7	0.1	0.4	1.8
"dominula"	200	37	42	1	14.9	0.5	0.5	0	0.4	2.1
"dominula"	200	38	51	1	17.7	0.7	0.7	0	0.4	2.4
"dominula"	200	39	97	1	29	0.7	0.7	0	0.4	1.9
"dominula"	200	40	114	2	29.3	0.8	0.8	0	0.1	1.2
"dominula"	200	41	119	1	23	0.6	0.6	0.1	0.2	1.1
"dominula"	200	42	65	1	27.2	0.7	0.7	0	0.4	1.9
"dominula"	200	43	67	1	21	0.6	0.6	0	0.5	1.7
"dominula"	200	44	123	1	25.8	0.4	0.4	0	0.2	0.6
"dominula"	200	45	51	1	20.1	0.8	0.8	0	0.4	2.7
"dominula"	200	46	258	1	44.3	0.5	0.5	0	0.3	1.2
"dominula"	200	47	53	1	12.7	0.6	0.6	0	0.5	2.6
"dominula"	200	48	98	1	29.6	0.6	0.6	0	0.4	1.6
"dominula"	200	49	39	1	11.1	0.6	0.6	0.2	0.4	1.4
"dominula"	200	50	42	1	20	0.7	0.7	0	0.3	1.5
"dominula"	200	51	70	1	25.9	0.7	0.7	0	0.2	2.2
"dominula"	200	52	50	1	10.4	0.4	0.4	0	0.3	0.9
"dominula"	200	53	63	1	21.7	0.5	0.5	0	0.3	1.7
"dominula"	200	54	70	1	28.3	0.5	0.5	0	0.3	1.8
"dominula"	200	55	45	2	13.6	0.7	0.7	0	0.2	1
"dominula"	200	56	80	1	17.4	0.4	0.4	0	0.2	1.1
"dominula"	200	57	86	1	27.7	0.6	0.6	0	0.2	0.9
"dominula"	200	58	100	1	15.6	0.4	0.4	0	0.3	1.2
"dominula"	200	59	127	1	25.1	0.5	0.5	0	0.4	1.4
"dominula"	200	60	67	1	21.2	0.7	0.7	0	0.4	2.7
"dominula"	200	61	91	1	28.2	0.3	0.3	0	0.3	1.7
"dominula"	200	62	73	1	22.7	0.8	0.8	0	0.5	1.7
"dominula"	200	63	252	1	38.2	0.5	0.5	0	0.5	1.5
"dominula"	200	64	36	2	9.1	0.6	0.6	0	0.6	1.7
"dominula"	200	65	42	2	13.3	0.5	0.5	0	0.5	1.8
"dominula"	200	66	93	1	32.8	0.5	0.5	0	0.5	1.3
"dominula"	200	67	33	1	13.1	0.6	0.6	0.1	0.4	1.6
"dominula"	200	68	90	2	24.8	0.7	0.7	0	0.4	1.7
"dominula"	200	69	112	2	21.9	0.8	0.8	0	0.4	2.1
"dominula"	200	70	41	1	13.2	0.6	0.6	0	0.5	2.2
"dominula"	200	71	89	1	24.5	0.4	0.4	0	0.4	2.2
"dominula"	200	72	70	1	19.7	0.4	0.4	0	0.4	1.8
"dominula"	200	73	115	1	37.7	0.2	0.2	0	0.2	1
"dominula"	200	74	28	1	10.9	0.6	0.6	0	0.4	2.4
"dominula"	200	75	70	1	13.7	0.6	0.6	0	0.6	2.3
"dominula"	200	76	81	1	24.2	0.7	0.7	0	0.5	2.7
"dominula"	200	77	65	1	19.4	0.6	0.6	0	0.5	4.1
"dominula"	200	78	39	1	13.9	0.6	0.6	0	0.4	2.1
"dominula"	200	79	95	2	31.3	0.3	0.3	0	0.2	1.1
"dominula"	200	80	89	1	30.9	0.6	0.6	0	0.3	1.4
"dominula"	200	81	97	1	20.4	0.6	0.6	0	0.4	1.9
"dominula"	200	82	20	1	8	0.6	0.6	0	0.4	2.8
"dominula"	200	83	39	1	16.4	0.5	0.5	0	0.5	2.7
"dominula"	200	84	48	1	12.8	0.6	0.6	0	0.5	3.6
"dominula"	200	85	90	1	25.2	0.7	0.7	0	0.6	2.6
"dominula"	200	86	26	1	10.4	0.5	0.5	0	0.4	2.6
"dominula"	200	87	73	1	23.7	0.7	0.7	0	0.6	4.5
"dominula"	200	88	100	2	25.1	0.3	0.3	0	0.2	0.6
"dominula"	200	89	79	1	27.7	0.6	0.6	0	0.5	2.7
"dominula"	200	90	124	1	24.9	0.5	0.5	0	0.4	1.6
"dominula"	200	91	96	1	22.4	0.4	0.4	0	0.4	2
"dominula"	200	92	61	3	24.1	0.5	0.5	0	0.5	1.7
"dominula"	200	93	103	1	19	0.5	0.5	0	0.3	2.4
"dominula"	200	94	114	1	34.9	0.7	0.7	0	0.4	3.9
"dominula"	200	95	70	1	21.7	0.6	0.6	0	0.6	3.2
"dominula"	200	96	109	1	30.9	0.6	0.6	0	0.4	3.4
"dominula"	200	97	37	2	12.4	0.7	0.7	0	0.5	1.8
"dominula"	200	98	32	1	9.6	0.3	0.3	0	0.3	1.4
"dominula"	200	99	43	1	11.2	0.5	0.5	0	0.4	4.1
"dominula"	200	100	107	1	25.6	0.5	0.5	0	0.3	1.4
"dominula"	200	101	82	1	20.2	0.4	0.4	0	0.3	0.7
"dominula"	200	102	34	1	12.8	0.5	0.5	0.1	0.4	3.1
"dominula"	200	103	57	1	17.8	0.5	0.5	0	0.5	4.1
"dominula"	200	104	53	1	11.3	0.6	0.6	0	0.4	2.9
"dominula"	200	105	53	1	16.5	0.7	0.7	0	0.5	3.7
"dominula"	200	106	85	2	17	0.5	0.5	0	0.5	1.2
"dominula"	200	107	66	1	20.2	0.6	0.6	0	0.6	5.3
"dominula"	200	108	92	1	25.1	0.5	0.5	0	0.4	3
"dominula"	200	109	42	1	15.2	0.5	0.5	0	0.4	3.2
"dominula"	200	110	86	1	18.2	0.6	0.6	0	0.5	2.2
"dominula"	200	111	85	2	17.5	0.5	0.5	0	0.5	2.5
"dominula"	200	112	52	1	11.9	0.5	0.5	0	0.3	1.3
"dominula"	200	113	98	1	26.2	0.6	0.6	0	0.3	3.6
"dominula"	200	114	99	1	20.6	0.6	0.6	0	0.5	3.1
"dominula"	200	115	32	1	11	0.5	0.5	0	0.5	3.3
"dominula"	200	116	115	2	30.9	0.3	0.3	0	0.3	2.1
"dominula"	200	117	27	1	7.9	0.5	0.5	0	0.5	2.3
"dominula"	200	118	171	2	36.3	0.4	0.4	0	0.4	1.3
"dominula"	200	119	84	1	25.9	0.7	0.7	0	0.5	3.6
"dominula"	200	120	89	2	25.3	0.6	0.6	0	0.5	3.6
"dominula"	200	121	120	1	36	0.5	0.5	0	0.2	2.3
"dominula"	200	122	294	1	47.1	0.6	0.6	0	0.6	4.2
"dominula"	200	123	90	1	25	0.5	0.5	0	0.4	4
"dominula"	200	124	101	1	27	0.5	0.5	0	0.5	2.7
"dominula"	200	125	65	1	14.6	0.1	0.1	0	0.1	1.9
"dominula"	200	126	180	2	32.3	0.4	0.4	0.1	0.2	1.9
"dominula"	200	127	82	1	25.4	0.6	0.6	0.1	0.4	4.7
"dominula"	200	128	144	4	29.2	0.6	0.6	0	0.3	1.6
"dominula"	200	129	167	1	33.8	0.5	0.5	0	0.5	3.6
"dominula"	200	130	74	1	24.9	0.7	0.7	0	0.6	2.2
"dominula"	200	131	92	1	25.6	0.8	0.8	0	0.5	4.7
"dominula"	200	132	149	2	29.9	0.5	0.5	0	0.5	4.5
"dominula"	200	133	114	2	22	0.7	0.7	0	0.6	4.6
"dominula"	200	134	25	1	7.3	0.6	0.6	0	0.5	3.4
"dominula"	200	135	49	2	21.3	0.8	0.8	0	0.7	4.5
"dominula"	200	136	128	2	29	0.5	0.5	0	0.4	2.7
"dominula"	200	137	100	1	32.5	0.7	0.7	0	0.4	2.5
"dominula"	200	138	81	1	23.5	0.5	0.5	0	0.3	1.9
"dominula"	200	139	86	1	25.8	0.5	0.5	0	0.4	2.4
"dominula"	200	140	76	2	19.5	0.6	0.6	0	0.5	3.8
"dominula"	200	141	33	2	13.7	0.6	0.6	0	0.6	2.7
"dominula"	200	142	68	2	19.9	0.6	0.6	0	0.5	2.9
"dominula"	200	143	207	1	31.2	0.5	0.5	0	0.5	3.9
"dominula"	200	144	37	1	11.7	0.6	0.6	0	0.6	4.9
"dominula"	200	145	141	1	22.5	0.5	0.5	0	0.4	4.8
"dominula"	200	146	83	1	23	0.5	0.5	0	0.4	4.5
"dominula"	200	147	65	1	13.7	0.7	0.7	0	0.6	3.8
"dominula"	200	148	81	1	32.9	0.5	0.5	0	0.4	2.4
"dominula"	200	149	74	1	21.5	0.6	0.6	0	0.4	4.2
"dominula"	200	150	85	1	17.1	0.5	0.5	0	0.5	4.4
"dominula"	200	151	176	1	30.5	0.4	0.4	0	0.4	4.4
"dominula"	200	152	104	1	22	0.6	0.6	0	0.4	3.4
"dominula"	200	153	53	3	17.7	0.7	0.7	0	0.5	5
"dominula"	200	154	57	1	15.6	0.5	0.5	0	0.4	4.5
"dominula"	200	155	48	2	15.4	0.5	0.5	0	0.4	4
"dominula"	200	156	158	1	26.8	0.7	0.7	0	0.7	4.7
"dominula"	200	157	84	2	27.8	0.5	0.5	0	0.4	2.7
"dominula"	200	158	53	3	20	0.4	0.4	0	0.4	1.8
"dominula"	200	159	126	1	29.8	0.6	0.6	0	0.5	5.1
"dominula"	200	160	75	1	32	0.4	0.4	0	0.4	4.5
"dominula"	200	161	106	2	20	0.6	0.6	0	0.5	5.3
"dominula"	200	162	56	2	19	0.5	0.5	0	0.3	3.6
"dominula"	200	163	135	2	27	0.7	0.7	0	0.7	5.5
"dominula"	200	164	34	1	9.7	0.7	0.7	0	0.5	4.9
"dominula"	200	165	152	1	43.7	0.6	0.6	0	0.5	6.9
"dominula"	200	166	87	2	21.6	0.5	0.5	0	0.5	2.8
"dominula"	200	167	44	2	12.8	0.8	0.8	0	0.6	3.6
"dominula"	200	168	72	1	26.2	0.6	0.6	0	0.6	4.8
"dominula"	200	169	149	1	35.2	0.8	0.8	0	0.5	5
"dominula"	200	170	121	1	28.7	0.5	0.5	0	0.5	5
"dominula"	200	171	54	1	17.5	0.3	0.3	0	0.3	3.7
"dominula"	200	172	130	1	37.1	0.6	0.6	0	0.5	3.4
"dominula"	200	173	145	1	34.5	0.7	0.7	0	0.4	3.2
"dominula"	200	174	131	2	42.5	0.6	0.6	0.1	0.4	2.2
"dominula"	200	175	85	1	17.6	0.4	0.4	0	0.4	3.5
"dominula"	200	176	82	1	19.8	0.4	0.4	0	0.4	3.3
"dominula"	200	177	96	3	31.2	0.5	0.5	0	0.4	4.2
"dominula"	200	178	32	1	9.8	0.4	0.4	0	0.4	5.3
"dominula"	200	179	81	1	24.4	0.7	0.7	0	0.7	3.4
"dominula"	200	180	143	2	40.9	0.5	0.5	0	0.5	5.9
"dominula"	200	181	66	1	17.4	0.5	0.5	0	0.3	2
"dominula"	200	182	154	1	34.2	0.7	0.7	0	0.5	3.6
"dominula"	200	183	131	2	27.1	0.4	0.4	0	0.3	2.4
"dominula"	200	184	100	2	19.2	0.5	0.5	0	0.4	3.4
"dominula"	200	185	66	1	18.4	0.3	0.3	0	0.3	2.8
"dominula"	200	186	117	2	26	0.5	0.5	0.1	0.4	4.7
"dominula"	200	187	78	2	21.1	0.4	0.4	0	0.3	0.6
"dominula"	200	188	35	1	17.6	0.5	0.5	0	0.3	2
"dominula"	200	189	148	1	26.9	0.5	0.5	0	0.4	4.9
"dominula"	200	190	157	1	35.5	0.7	0.7	0	0.6	5.4
"dominula"	200	191	147	1	35.1	0.7	0.7	0	0.6	5.3
"dominula"	200	192	108	1	28.1	0.5	0.5	0	0.5	5.2
"dominula"	200	193	166	1	28.4	0.6	0.6	0	0.5	5.7
"dominula"	200	194	67	1	17.5	0.7	0.7	0	0.6	3.8
"dominula"	200	195	147	1	27.7	0.7	0.7	0	0.6	4.9
"dominula"	200	196	62	1	21.5	0.4	0.4	0	0.3	2.8
"dominula"	200	197	151	1	38.5	0.5	0.5	0	0.5	3.9
"dominula"	200	198	70	1	14.9	0.6	0.6	0	0.6	6.8
"dominula"	200	199	89	1	22.5	0.5	0.5	0	0.5	4.4
"dominula"	200	200	89	4	27.4	0.4	0.4	0	0.4	2.5
