"Species"	"number_wasps"	"w"	"max_steps"	"min_steps"	"mean_steps"	"mean_survival"	"mean_nested"	"mean_usurp"	"mean_coNested"	"mean_coNesters"
"dominula"	50	1	46	1	17.8	0.2	0.2	0	0	-0.6
"dominula"	50	2	162	1	42.4	0.2	0.2	0	0	-0.6
"dominula"	50	3	139	1	34.6	0.3	0.3	0	0	-0.4
"dominula"	50	4	132	2	39.7	0.3	0.3	0	0	-0.4
"dominula"	50	5	111	2	34.9	0.3	0.3	0	0.1	-0.3
"dominula"	50	6	138	1	52.3	0.1	0.1	0	0	-0.7
"dominula"	50	7	111	1	38.8	0.4	0.4	0.1	0.1	-0.1
"dominula"	50	8	191	1	43.7	0.2	0.2	0	0.2	-0.4
"dominula"	50	9	95	2	45	0.1	0.1	0	0	-0.8
"dominula"	50	10	87	1	28.3	0.2	0.2	0	0	-0.6
"dominula"	50	11	101	1	48.4	0.3	0.3	0	0.1	-0.3
"dominula"	50	12	124	1	41.1	0.2	0.2	0	0	-0.6
"dominula"	50	13	126	1	40	0.2	0.2	0.1	0	-0.6
"dominula"	50	14	201	1	64.7	0.3	0.3	0	0.1	-0.3
"dominula"	50	15	142	2	31.5	0.3	0.3	0	0.2	0
"dominula"	50	16	161	1	43.2	0.2	0.2	0	0.1	-0.3
"dominula"	50	17	55	1	26.8	0.2	0.2	0	0.2	-0.4
"dominula"	50	18	114	1	41.1	0.2	0.2	0	0.1	-0.2
"dominula"	50	19	164	1	38.6	0.2	0.2	0	0.1	-0.4
"dominula"	50	20	159	1	49.7	0.1	0.1	0	0.1	-0.6
"dominula"	50	21	176	1	55.9	0.2	0.2	0	0.1	-0.3
"dominula"	50	22	132	1	36.2	0.2	0.2	0	0.2	-0.3
"dominula"	50	23	173	1	43.2	0.1	0.1	0	0.1	-0.7
"dominula"	50	24	129	1	37.9	0.2	0.2	0	0.1	-0.3
"dominula"	50	25	116	3	38.6	0.2	0.2	0	0.2	-0.4
"dominula"	50	26	72	1	29.2	0.3	0.3	0	0.1	-0.2
"dominula"	50	27	61	1	31.5	0.2	0.2	0	0.1	-0.2
"dominula"	50	28	114	1	34.9	0.1	0.1	0	0.1	-0.3
"dominula"	50	29	133	2	25.3	0.3	0.3	0	0.3	0.6
"dominula"	50	30	71	1	29.3	0.3	0.3	0	0.1	0.1
"dominula"	50	31	110	2	40.8	0.3	0.3	0	0.1	-0.3
"dominula"	50	32	91	1	27.5	0.2	0.2	0	0.1	-0.5
"dominula"	50	33	90	1	25	0.2	0.2	0	0.2	-0.3
"dominula"	50	34	110	2	26.9	0.2	0.2	0	0.1	-0.2
"dominula"	50	35	103	1	37	0.1	0.1	0	0.1	-0.3
"dominula"	50	36	170	1	40	0.2	0.2	0	0.2	0.2
"dominula"	50	37	67	1	22	0.3	0.3	0	0.3	0.4
"dominula"	50	38	95	1	20.6	0.1	0.1	0	0.1	-0.2
"dominula"	50	39	81	1	18.9	0.1	0.1	0	0.1	-0.1
"dominula"	50	40	70	1	23.5	0.1	0.1	0	0.1	-0.5
"dominula"	50	41	102	1	38	0.2	0.2	0	0.2	0.2
"dominula"	50	42	94	2	40.7	0.2	0.2	0	0	-0.6
"dominula"	50	43	85	3	21.9	0.3	0.3	0	0.2	0
"dominula"	50	44	221	1	50.2	0.3	0.3	0	0.2	0.2
"dominula"	50	45	95	2	38	0.3	0.3	0	0.2	0
"dominula"	50	46	46	2	21.4	0.2	0.2	0	0.1	-0.5
"dominula"	50	47	125	2	43.1	0.2	0.2	0	0.1	-0.4
"dominula"	50	48	116	1	28.4	0.2	0.2	0	0.1	-0.2
"dominula"	50	49	142	4	43	0.2	0.2	0	0.1	-0.4
"dominula"	50	50	125	3	57.1	0.3	0.3	0	0.2	0.2
"dominula"	60	1	97	1	32.1	0.3	0.3	0	0	-0.4
"dominula"	60	2	126	1	53.9	0.3	0.3	0	0	-0.4
"dominula"	60	3	244	1	49.4	0.4	0.4	0	0	-0.2
"dominula"	60	4	94	2	37.6	0.3	0.3	0	0.1	-0.3
"dominula"	60	5	86	2	36.9	0.3	0.3	0	0.1	-0.3
"dominula"	60	6	81	1	24.6	0.3	0.3	0	0	-0.4
"dominula"	60	7	183	1	57.3	0.2	0.2	0	0	-0.6
"dominula"	60	8	137	2	55.8	0.1	0.1	0	0.1	-0.7
"dominula"	60	9	79	1	29	0.1	0.1	0	0.1	-0.6
"dominula"	60	10	141	1	50.7	0.3	0.3	0	0	-0.4
"dominula"	60	11	188	2	43.2	0.1	0.1	0	0.1	-0.5
"dominula"	60	12	133	2	40.3	0.4	0.4	0	0.1	-0.1
"dominula"	60	13	69	1	28.8	0.3	0.3	0	0.1	-0.3
"dominula"	60	14	173	1	51.6	0.2	0.2	0	0.2	-0.3
"dominula"	60	15	86	3	31.8	0.2	0.2	0	0	-0.6
"dominula"	60	16	63	1	16.2	0.1	0.1	0	0	-0.8
"dominula"	60	17	78	2	27.7	0.3	0.3	0.1	0.1	-0.2
"dominula"	60	18	115	2	31.2	0.2	0.2	0	0.2	0
"dominula"	60	19	122	1	43.3	0.3	0.3	0	0.2	-0.2
"dominula"	60	20	118	2	28.4	0.1	0.1	0	0	-0.8
"dominula"	60	21	178	2	50	0.3	0.3	0.1	0.2	-0.1
"dominula"	60	22	104	2	42.2	0.2	0.2	0	0.1	-0.4
"dominula"	60	23	159	3	58.5	0	0	0	0	-0.8
"dominula"	60	24	128	1	28.5	0.3	0.3	0	0.2	-0.2
"dominula"	60	25	167	1	48.6	0.4	0.4	0.1	0.2	0.3
"dominula"	60	26	79	2	21.2	0.2	0.2	0	0.2	-0.4
"dominula"	60	27	206	1	60.5	0.1	0.1	0	0.1	-0.5
"dominula"	60	28	120	1	36.4	0.2	0.2	0	0.1	-0.4
"dominula"	60	29	83	3	36	0.3	0.3	0	0.1	-0.3
"dominula"	60	30	148	1	53.5	0.2	0.2	0	0.1	-0.2
"dominula"	60	31	84	1	37	0.2	0.2	0	0.2	-0.3
"dominula"	60	32	131	1	43.3	0.4	0.4	0	0.2	0.4
"dominula"	60	33	238	1	75.7	0.2	0.2	0	0.2	0.3
"dominula"	60	34	100	1	35.6	0.2	0.2	0	0.1	-0.3
"dominula"	60	35	278	1	44.9	0.1	0.1	0	0.1	-0.5
"dominula"	60	36	87	1	35	0.2	0.2	0	0.1	-0.1
"dominula"	60	37	151	1	38.7	0.3	0.3	0	0.2	0.1
"dominula"	60	38	150	1	29.2	0.2	0.2	0	0.2	-0.1
"dominula"	60	39	96	2	36.7	0.3	0.3	0.1	0.2	-0.2
"dominula"	60	40	120	1	37	0.3	0.3	0	0.2	0.1
"dominula"	60	41	101	1	33.6	0.1	0.1	0	0.1	-0.3
"dominula"	60	42	149	1	35.5	0.1	0.1	0	0.1	-0.4
"dominula"	60	43	225	2	53.6	0.2	0.2	0	0	-0.6
"dominula"	60	44	97	2	37.6	0.3	0.3	0	0.1	0.2
"dominula"	60	45	99	1	41.6	0.3	0.3	0	0.2	0.2
"dominula"	60	46	175	1	67.3	0.2	0.2	0	0.1	0
"dominula"	60	47	247	1	71.9	0.3	0.3	0	0.1	0
"dominula"	60	48	77	2	26	0.3	0.3	0	0.2	0.5
"dominula"	60	49	219	1	57.7	0.1	0.1	0	0.1	-0.2
"dominula"	60	50	70	2	30.7	0.2	0.2	0	0.1	-0.4
"dominula"	60	51	126	1	40.2	0.1	0.1	0	0.1	-0.3
"dominula"	60	52	88	1	44.1	0.2	0.2	0	0.2	0.2
"dominula"	60	53	90	1	32.1	0.2	0.2	0	0.1	-0.5
"dominula"	60	54	122	1	30.6	0.2	0.2	0	0.1	-0.1
"dominula"	60	55	55	1	20.9	0.3	0.3	0	0	-0.4
"dominula"	60	56	154	2	42.9	0.3	0.3	0	0.2	0
"dominula"	60	57	91	3	39.5	0.3	0.3	0	0.2	0.2
"dominula"	60	58	422	1	100.1	0.1	0.1	0	0.1	-0.3
"dominula"	60	59	153	1	39.4	0.3	0.3	0	0.2	0.3
"dominula"	60	60	150	1	45.7	0.2	0.2	0	0.1	0.1
"dominula"	70	1	148	1	49.6	0.2	0.2	0	0	-0.6
"dominula"	70	2	121	1	52.6	0.3	0.3	0	0	-0.4
"dominula"	70	3	59	1	18.3	0.1	0.1	0	0	-0.8
"dominula"	70	4	112	2	41.5	0.2	0.2	0	0	-0.6
"dominula"	70	5	270	2	48.6	0.2	0.2	0	0.1	-0.5
"dominula"	70	6	149	1	32.4	0.3	0.3	0	0.2	-0.2
"dominula"	70	7	94	1	26.8	0.2	0.2	0	0.1	-0.5
"dominula"	70	8	61	1	23.6	0.3	0.3	0	0.1	-0.3
"dominula"	70	9	190	1	57.7	0.2	0.2	0	0.1	-0.4
"dominula"	70	10	131	1	29.9	0.3	0.3	0	0.1	-0.3
"dominula"	70	11	236	2	68.1	0.4	0.4	0.1	0	-0.2
"dominula"	70	12	95	1	29	0.2	0.2	0	0.2	-0.4
"dominula"	70	13	204	1	50.6	0.2	0.2	0	0.2	-0.3
"dominula"	70	14	28	1	12.1	0.2	0.2	0	0.1	-0.3
"dominula"	70	15	95	1	32.7	0.2	0.2	0	0.2	-0.3
"dominula"	70	16	147	1	39.2	0.1	0.1	0	0.1	-0.4
"dominula"	70	17	49	1	22.4	0.2	0.2	0	0.1	-0.4
"dominula"	70	18	199	2	65.2	0.3	0.3	0	0	-0.4
"dominula"	70	19	75	1	26	0.2	0.2	0	0	-0.6
"dominula"	70	20	316	1	57.5	0.3	0.3	0	0.1	-0.2
"dominula"	70	21	250	1	60.5	0.3	0.3	0	0.1	-0.1
"dominula"	70	22	84	1	28.5	0.3	0.3	0	0.1	0.1
"dominula"	70	23	209	1	50	0.2	0.2	0	0.1	-0.5
"dominula"	70	24	146	1	49.7	0.2	0.2	0	0.1	-0.4
"dominula"	70	25	131	1	43.1	0.1	0.1	0	0.1	-0.5
"dominula"	70	26	204	1	49.6	0	0	0	0	-0.8
"dominula"	70	27	122	1	41.6	0.2	0.2	0	0.1	-0.4
"dominula"	70	28	100	1	40.1	0.2	0.2	0	0.2	-0.1
"dominula"	70	29	59	2	24.6	0.2	0.2	0	0.2	-0.4
"dominula"	70	30	186	1	90	0.1	0.1	0	0.1	-0.5
"dominula"	70	31	90	1	44	0.3	0.3	0	0.2	0.3
"dominula"	70	32	125	1	38.2	0.2	0.2	0	0.2	-0.2
"dominula"	70	33	110	2	37.2	0.3	0.3	0	0	-0.4
"dominula"	70	34	114	2	40.3	0.1	0.1	0	0.1	-0.1
"dominula"	70	35	115	1	23.8	0.2	0.2	0	0.2	-0.1
"dominula"	70	36	130	1	42.8	0.2	0.2	0	0.1	-0.1
"dominula"	70	37	114	2	34.5	0.2	0.2	0	0.2	0
"dominula"	70	38	97	1	32.3	0.3	0.3	0	0.1	0
"dominula"	70	39	331	2	88.2	0.4	0.4	0	0.2	0.5
"dominula"	70	40	140	1	49.3	0.1	0.1	0	0.1	-0.4
"dominula"	70	41	107	1	36.9	0.1	0.1	0	0.1	-0.2
"dominula"	70	42	110	1	30.8	0.2	0.2	0	0	-0.6
"dominula"	70	43	121	1	44.7	0.2	0.2	0	0.2	0.1
"dominula"	70	44	86	1	38.6	0.2	0.2	0	0.2	0.3
"dominula"	70	45	157	2	51.2	0.2	0.2	0	0.2	0.3
"dominula"	70	46	81	2	35.4	0.2	0.2	0	0.2	-0.3
"dominula"	70	47	156	1	40	0.2	0.2	0	0.2	0.2
"dominula"	70	48	63	1	22.4	0.2	0.2	0	0.2	0.2
"dominula"	70	49	53	1	19.2	0.3	0.3	0	0.3	1.2
"dominula"	70	50	201	2	46.2	0.2	0.2	0	0.1	-0.3
"dominula"	70	51	183	1	28	0.2	0.2	0	0.2	0.2
"dominula"	70	52	97	1	44.2	0.4	0.4	0.1	0.1	0.5
"dominula"	70	53	119	2	36.1	0.1	0.1	0	0.1	-0.2
"dominula"	70	54	77	1	30.5	0.3	0.3	0	0.3	0.7
"dominula"	70	55	51	2	16.1	0.1	0.1	0	0	-0.8
"dominula"	70	56	111	3	36.2	0.3	0.3	0	0.1	0.1
"dominula"	70	57	163	1	47.2	0.1	0.1	0	0.1	-0.1
"dominula"	70	58	124	1	43.3	0.3	0.3	0.1	0.2	0.9
"dominula"	70	59	118	1	39.2	0.1	0.1	0	0.1	0
"dominula"	70	60	134	1	51.8	0.1	0.1	0	0.1	0.1
"dominula"	70	61	89	1	22.1	0.2	0.2	0	0.1	0.1
"dominula"	70	62	90	1	28.6	0.3	0.3	0	0.1	0.3
"dominula"	70	63	80	1	20.4	0.3	0.3	0	0.2	0.6
"dominula"	70	64	73	1	26.1	0.3	0.3	0	0.2	0.8
"dominula"	70	65	101	2	43	0.1	0.1	0	0.1	-0.1
"dominula"	70	66	104	2	39.4	0.3	0.3	0	0.3	1.1
"dominula"	70	67	122	2	45.3	0.3	0.3	0	0.2	-0.1
"dominula"	70	68	100	1	29.6	0.2	0.2	0	0.1	0.4
"dominula"	70	69	148	3	30.8	0.2	0.2	0	0.1	-0.3
"dominula"	70	70	123	1	42	0.3	0.3	0	0.2	0.5
"dominula"	80	1	69	1	29.2	0.3	0.3	0	0	-0.4
"dominula"	80	2	139	1	50.4	0.3	0.3	0	0	-0.4
"dominula"	80	3	182	2	34.9	0.2	0.2	0	0	-0.6
"dominula"	80	4	125	1	38.1	0.3	0.3	0	0.1	-0.3
"dominula"	80	5	104	1	34	0.2	0.2	0	0	-0.6
"dominula"	80	6	90	3	38.2	0.2	0.2	0	0	-0.6
"dominula"	80	7	127	2	55.1	0.2	0.2	0	0.1	-0.5
"dominula"	80	8	109	2	35.1	0.2	0.2	0	0	-0.6
"dominula"	80	9	69	1	25.5	0.3	0.3	0	0.1	-0.3
"dominula"	80	10	122	2	46.4	0.4	0.4	0	0	-0.2
"dominula"	80	11	157	2	48.9	0.1	0.1	0	0	-0.8
"dominula"	80	12	112	1	21.5	0.2	0.2	0	0.1	-0.5
"dominula"	80	13	86	2	30.2	0.3	0.3	0	0.1	-0.3
"dominula"	80	14	237	1	55.5	0.2	0.2	0	0.2	-0.4
"dominula"	80	15	114	1	36.5	0.1	0.1	0	0.1	-0.7
"dominula"	80	16	76	1	25.2	0.3	0.3	0.1	0	-0.3
"dominula"	80	17	110	1	28.9	0.3	0.3	0	0.2	-0.1
"dominula"	80	18	145	1	37.6	0.1	0.1	0	0.1	-0.6
"dominula"	80	19	216	2	69.8	0.2	0.2	0	0	-0.6
"dominula"	80	20	251	1	48.2	0.2	0.2	0	0.1	-0.4
"dominula"	80	21	103	1	32.8	0.2	0.2	0	0.1	-0.3
"dominula"	80	22	66	3	31.4	0.1	0.1	0	0.1	-0.7
"dominula"	80	23	99	1	40.2	0.2	0.2	0	0.2	-0.4
"dominula"	80	24	94	1	39.9	0.4	0.4	0	0.3	0.3
"dominula"	80	25	176	1	43.7	0.3	0.3	0	0.2	0.1
"dominula"	80	26	185	1	41.4	0.2	0.2	0	0.1	-0.2
"dominula"	80	27	140	1	51.1	0.2	0.2	0	0.1	-0.2
"dominula"	80	28	82	1	38.3	0.2	0.2	0	0.1	-0.1
"dominula"	80	29	97	1	40.5	0.1	0.1	0	0.1	-0.7
"dominula"	80	30	82	1	28.5	0.3	0.3	0	0.2	0.3
"dominula"	80	31	87	1	34.3	0.2	0.2	0	0.1	-0.2
"dominula"	80	32	137	1	48.6	0.2	0.2	0	0.1	-0.1
"dominula"	80	33	125	1	37	0.1	0.1	0	0.1	-0.6
"dominula"	80	34	77	2	38.1	0.2	0.2	0	0.1	-0.5
"dominula"	80	35	77	1	31.4	0.3	0.3	0	0.2	0
"dominula"	80	36	216	1	57.3	0.2	0.2	0	0.2	0.2
"dominula"	80	37	80	1	28.6	0.2	0.2	0	0.2	0.1
"dominula"	80	38	166	1	52.5	0.1	0.1	0	0.1	-0.6
"dominula"	80	39	283	1	59.1	0.3	0.3	0	0.1	0
"dominula"	80	40	86	1	25.5	0.4	0.4	0	0.2	0.2
"dominula"	80	41	89	2	29.2	0.3	0.3	0	0.2	-0.1
"dominula"	80	42	133	2	41.1	0.3	0.3	0	0.2	0.1
"dominula"	80	43	65	2	24.3	0.3	0.3	0	0.1	-0.3
"dominula"	80	44	83	1	18.8	0.2	0.2	0	0.1	0.1
"dominula"	80	45	53	1	20	0.2	0.2	0	0.2	-0.3
"dominula"	80	46	78	3	31	0.3	0.3	0	0.1	-0.3
"dominula"	80	47	100	2	40.7	0.2	0.2	0	0.1	-0.5
"dominula"	80	48	89	2	25.2	0.3	0.3	0	0.1	-0.3
"dominula"	80	49	139	2	64.2	0.3	0.3	0	0.1	-0.2
"dominula"	80	50	44	1	19.9	0.3	0.3	0	0.3	0.2
"dominula"	80	51	108	2	32.7	0.2	0.2	0	0.2	-0.3
"dominula"	80	52	78	1	25.5	0.3	0.3	0	0.3	0.4
"dominula"	80	53	171	1	65.8	0.2	0.2	0	0.2	0.1
"dominula"	80	54	135	3	50.8	0.2	0.2	0	0.1	-0.4
"dominula"	80	55	117	3	40	0.3	0.3	0	0.2	0
"dominula"	80	56	110	1	51	0.3	0.3	0	0.2	0.3
"dominula"	80	57	117	1	41.8	0.2	0.2	0	0.1	0.2
"dominula"	80	58	242	2	60.4	0.2	0.2	0	0.2	-0.2
"dominula"	80	59	49	3	26.2	0.3	0.3	0	0.2	0.3
"dominula"	80	60	234	1	33.3	0.3	0.3	0	0.3	0.5
"dominula"	80	61	70	4	35.2	0.2	0.2	0	0.2	0.3
"dominula"	80	62	89	1	35.4	0.2	0.2	0	0.1	0
"dominula"	80	63	72	3	28.6	0.2	0.2	0	0.1	0.1
"dominula"	80	64	111	1	34.1	0.3	0.3	0	0.3	0.7
"dominula"	80	65	152	1	40.1	0.3	0.3	0	0.3	0.4
"dominula"	80	66	108	1	30.8	0.2	0.2	0	0.2	0.6
"dominula"	80	67	57	2	19.5	0.1	0.1	0	0.1	-0.5
"dominula"	80	68	44	1	15.7	0.2	0.2	0	0.2	0.2
"dominula"	80	69	100	2	26.2	0.3	0.3	0	0.2	0
"dominula"	80	70	236	1	40.7	0.2	0.2	0	0.2	0.4
"dominula"	80	71	213	2	76.1	0.1	0.1	0	0.1	-0.4
"dominula"	80	72	193	1	40.5	0.3	0.3	0	0.2	0.3
"dominula"	80	73	101	2	32	0.2	0.2	0	0.1	0
"dominula"	80	74	102	2	42.1	0.2	0.2	0	0.2	0.2
"dominula"	80	75	95	2	28.6	0.2	0.2	0	0.2	0.8
"dominula"	80	76	72	3	32.9	0.1	0.1	0	0.1	0.2
"dominula"	80	77	167	5	62.8	0.3	0.3	0	0.3	0
"dominula"	80	78	94	1	30.2	0.1	0.1	0	0.1	0
"dominula"	80	79	195	1	36.8	0.2	0.2	0	0.2	0.9
"dominula"	80	80	78	1	48.2	0.2	0.2	0	0.2	0.5
"dominula"	90	1	144	1	30	0.4	0.4	0	0	-0.2
"dominula"	90	2	101	1	28.5	0.2	0.2	0	0	-0.6
"dominula"	90	3	91	1	30.2	0.3	0.3	0	0	-0.4
"dominula"	90	4	141	1	40.9	0.2	0.2	0	0	-0.6
"dominula"	90	5	75	2	26.1	0.3	0.3	0	0	-0.4
"dominula"	90	6	184	1	34.8	0.1	0.1	0	0.1	-0.7
"dominula"	90	7	347	3	70.3	0.2	0.2	0	0	-0.6
"dominula"	90	8	135	1	45.1	0.1	0.1	0	0.1	-0.7
"dominula"	90	9	192	1	46.5	0.2	0.2	0	0	-0.4
"dominula"	90	10	111	2	35.2	0.3	0.3	0	0	-0.4
"dominula"	90	11	54	2	19.8	0.1	0.1	0	0	-0.8
"dominula"	90	12	92	2	38.4	0.3	0.3	0	0.2	-0.2
"dominula"	90	13	59	2	32.5	0.2	0.2	0	0.2	-0.3
"dominula"	90	14	144	1	56.1	0.1	0.1	0	0.1	-0.6
"dominula"	90	15	106	1	32.3	0.2	0.2	0	0.1	-0.3
"dominula"	90	16	77	2	39.8	0.3	0.3	0	0	-0.4
"dominula"	90	17	344	2	104.1	0.2	0.2	0	0.1	-0.5
"dominula"	90	18	84	1	28.3	0.2	0.2	0	0.1	-0.3
"dominula"	90	19	91	3	36.6	0.2	0.2	0	0.2	-0.1
"dominula"	90	20	182	2	39.9	0.2	0.2	0	0.2	-0.3
"dominula"	90	21	113	1	53.6	0.2	0.2	0	0.1	-0.4
"dominula"	90	22	168	1	46.1	0.4	0.4	0	0	-0.2
"dominula"	90	23	112	1	32.4	0.2	0.2	0	0.1	-0.5
"dominula"	90	24	154	1	62.5	0.1	0.1	0	0	-0.5
"dominula"	90	25	46	1	22.9	0.2	0.2	0	0.1	-0.5
"dominula"	90	26	101	1	34.2	0.4	0.4	0	0.3	0.6
"dominula"	90	27	204	1	53.3	0.2	0.2	0	0.1	-0.4
"dominula"	90	28	122	1	25.4	0.3	0.3	0	0.2	0.3
"dominula"	90	29	99	2	31.6	0.1	0.1	0	0	-0.8
"dominula"	90	30	130	1	41.4	0.2	0.2	0	0.1	-0.3
"dominula"	90	31	97	1	49.7	0.3	0.3	0	0.1	-0.3
"dominula"	90	32	89	1	35.1	0.2	0.2	0	0.2	-0.3
"dominula"	90	33	71	1	28.4	0.2	0.2	0	0.1	-0.3
"dominula"	90	34	130	1	45.1	0.2	0.2	0	0.1	0.1
"dominula"	90	35	108	1	31.3	0.3	0.3	0	0.2	0.1
"dominula"	90	36	106	3	44.4	0.1	0.1	0	0.1	-0.6
"dominula"	90	37	83	1	30.6	0.3	0.3	0	0.1	0.1
"dominula"	90	38	139	1	41	0.3	0.3	0	0.3	0.4
"dominula"	90	39	180	1	66.1	0.2	0.2	0	0.2	0.5
"dominula"	90	40	87	1	24.2	0.3	0.3	0	0.2	0.2
"dominula"	90	41	133	1	47.7	0.2	0.2	0	0.2	0.7
"dominula"	90	42	241	1	56.4	0.2	0.2	0	0.2	0.2
"dominula"	90	43	279	1	64.6	0.2	0.2	0	0	-0.6
"dominula"	90	44	77	1	26.1	0.1	0.1	0	0.1	-0.1
"dominula"	90	45	134	1	52.2	0.1	0.1	0	0.1	-0.5
"dominula"	90	46	137	1	31.3	0.1	0.1	0	0.1	-0.4
"dominula"	90	47	57	1	34.6	0.2	0.2	0	0.1	-0.1
"dominula"	90	48	66	1	37.6	0.1	0.1	0	0.1	0.2
"dominula"	90	49	92	2	27.5	0.3	0.3	0	0.2	-0.1
"dominula"	90	50	64	1	17.4	0.2	0.2	0	0.2	0.9
"dominula"	90	51	79	1	22.5	0.3	0.3	0	0.2	0.3
"dominula"	90	52	47	1	23	0.2	0.2	0	0.1	0.2
"dominula"	90	53	71	2	32.1	0.2	0.2	0.1	0	0.4
"dominula"	90	54	82	1	32	0.3	0.3	0	0.2	0.3
"dominula"	90	55	87	1	39.2	0.3	0.3	0	0.3	0.6
"dominula"	90	56	112	2	33.8	0.1	0.1	0	0	-0.8
"dominula"	90	57	88	1	34.8	0.4	0.4	0	0.2	0.9
"dominula"	90	58	66	1	25.3	0.2	0.2	0	0.1	0.1
"dominula"	90	59	92	3	30.6	0.2	0.2	0	0	-0.6
"dominula"	90	60	181	1	34.2	0.1	0.1	0	0.1	0.4
"dominula"	90	61	82	1	38.2	0.1	0.1	0	0.1	-0.3
"dominula"	90	62	230	1	48.3	0.2	0.2	0	0.2	0.8
"dominula"	90	63	82	1	21.9	0.2	0.2	0	0.2	0.4
"dominula"	90	64	79	2	23.1	0.3	0.3	0	0.2	0.3
"dominula"	90	65	84	1	32.7	0.2	0.2	0	0.2	0.8
"dominula"	90	66	117	1	47	0.3	0.3	0	0.3	0.2
"dominula"	90	67	81	2	42.4	0.3	0.3	0	0.2	-0.1
"dominula"	90	68	99	1	23.4	0.1	0.1	0	0.1	0.6
"dominula"	90	69	209	2	54.5	0.3	0.3	0	0.1	-0.2
"dominula"	90	70	96	1	35.7	0.3	0.3	0	0.3	0.5
"dominula"	90	71	180	1	43.7	0.2	0.2	0	0.2	0.4
"dominula"	90	72	102	7	41.4	0.2	0.2	0	0.1	-0.5
"dominula"	90	73	115	2	54.5	0.2	0.2	0	0.1	0.2
"dominula"	90	74	140	2	53.7	0.3	0.3	0	0.1	-0.1
"dominula"	90	75	149	3	35.9	0.2	0.2	0	0.2	0
"dominula"	90	76	161	4	28.9	0.2	0.2	0	0.2	0.2
"dominula"	90	77	104	1	31.8	0.3	0.3	0	0.3	0.7
"dominula"	90	78	112	3	41.4	0.4	0.4	0	0.3	0.7
"dominula"	90	79	99	4	44	0.2	0.2	0	0.2	0.1
"dominula"	90	80	100	1	51.4	0.1	0.1	0	0.1	0.2
"dominula"	90	81	92	1	31.8	0.2	0.2	0	0	-0.6
"dominula"	90	82	116	3	40.2	0.1	0.1	0	0	-0.8
"dominula"	90	83	103	2	23.6	0.4	0.4	0	0.3	0.4
"dominula"	90	84	81	2	15.7	0.1	0.1	0	0.1	-0.2
"dominula"	90	85	121	2	43.5	0.2	0.2	0	0	-0.6
"dominula"	90	86	109	2	51.8	0.3	0.3	0	0.2	-0.1
"dominula"	90	87	148	1	41.1	0.2	0.2	0	0.1	0.3
"dominula"	90	88	134	1	43.1	0.3	0.3	0	0.1	-0.2
"dominula"	90	89	103	3	29.6	0.3	0.3	0	0.3	0.4
"dominula"	90	90	139	3	35.2	0.1	0.1	0	0.1	-0.5
"dominula"	100	1	234	1	60.2	0.2	0.2	0	0	-0.6
"dominula"	100	2	132	1	35.3	0.3	0.3	0	0	-0.4
"dominula"	100	3	268	2	75.3	0.3	0.3	0	0	-0.4
"dominula"	100	4	138	1	40.7	0.2	0.2	0	0	-0.6
"dominula"	100	5	58	2	19.6	0.3	0.3	0	0	-0.4
"dominula"	100	6	126	2	35.5	0.4	0.4	0	0	-0.2
"dominula"	100	7	119	2	49.8	0.3	0.3	0	0	-0.4
"dominula"	100	8	162	2	45.7	0.4	0.4	0	0.2	0
"dominula"	100	9	135	1	37.1	0.1	0.1	0	0	-0.8
"dominula"	100	10	93	1	26.8	0.3	0.3	0	0.2	-0.1
"dominula"	100	11	69	1	32.7	0.3	0.3	0	0.2	-0.2
"dominula"	100	12	132	1	49	0.3	0.3	0	0	-0.4
"dominula"	100	13	187	1	48.3	0.3	0.3	0	0.1	-0.2
"dominula"	100	14	173	2	45.2	0.3	0.3	0	0.1	-0.3
"dominula"	100	15	69	3	41	0.3	0.3	0	0.3	0.2
"dominula"	100	16	145	1	34.1	0.2	0.2	0	0.2	-0.4
"dominula"	100	17	143	1	42.2	0.2	0.2	0.1	0	-0.6
"dominula"	100	18	107	1	49.7	0.3	0.3	0	0.1	-0.3
"dominula"	100	19	168	1	52	0.2	0.2	0	0.1	-0.3
"dominula"	100	20	95	1	34	0.1	0.1	0	0.1	-0.4
"dominula"	100	21	81	2	33.9	0.2	0.2	0	0	-0.6
"dominula"	100	22	61	1	16.8	0.3	0.3	0	0.1	-0.3
"dominula"	100	23	144	1	37.9	0.2	0.2	0	0.2	-0.3
"dominula"	100	24	111	1	38	0.1	0.1	0	0.1	-0.5
"dominula"	100	25	166	2	34.5	0.3	0.3	0	0.2	0.1
"dominula"	100	26	212	2	46.9	0.1	0.1	0	0	-0.8
"dominula"	100	27	177	1	51	0.1	0.1	0	0.1	-0.5
"dominula"	100	28	122	2	33	0.1	0.1	0	0.1	-0.6
"dominula"	100	29	106	2	45.5	0.3	0.3	0	0.2	0.2
"dominula"	100	30	70	1	32.5	0.3	0.3	0	0.1	0
"dominula"	100	31	203	1	41.5	0.3	0.3	0	0.3	0.6
"dominula"	100	32	283	1	82	0.3	0.3	0	0.3	0.3
"dominula"	100	33	144	1	36.7	0.3	0.3	0.1	0	-0.4
"dominula"	100	34	184	1	66.5	0.4	0.4	0	0.3	0.3
"dominula"	100	35	62	1	17.9	0.2	0.2	0.1	0.1	-0.4
"dominula"	100	36	159	1	65.2	0.1	0.1	0	0.1	-0.3
"dominula"	100	37	98	1	42.8	0.3	0.3	0	0.2	-0.1
"dominula"	100	38	209	1	35.4	0.2	0.2	0	0.1	0
"dominula"	100	39	141	1	39	0.3	0.3	0	0.2	0.2
"dominula"	100	40	87	4	29.3	0.3	0.3	0	0.2	-0.1
"dominula"	100	41	238	1	76.6	0.3	0.3	0	0.3	0.8
"dominula"	100	42	110	1	35	0.3	0.3	0	0.1	0.3
"dominula"	100	43	162	1	37.9	0.2	0.2	0	0.2	0
"dominula"	100	44	150	2	42.5	0.2	0.2	0	0.1	-0.5
"dominula"	100	45	64	2	29.1	0.2	0.2	0	0.1	-0.4
"dominula"	100	46	124	1	37.4	0.3	0.3	0	0.1	0.2
"dominula"	100	47	58	1	22.9	0.1	0.1	0	0.1	-0.5
"dominula"	100	48	57	2	18.2	0.2	0.2	0	0.2	-0.4
"dominula"	100	49	108	1	28.5	0.3	0.3	0	0.3	1.3
"dominula"	100	50	81	1	42	0.3	0.3	0	0.3	0.2
"dominula"	100	51	66	1	18.3	0.1	0.1	0	0.1	-0.5
"dominula"	100	52	93	1	29	0.3	0.3	0	0.3	0.7
"dominula"	100	53	230	2	55.9	0.2	0.2	0	0.1	-0.5
"dominula"	100	54	85	1	27.6	0.1	0.1	0	0.1	-0.2
"dominula"	100	55	109	1	38.3	0.3	0.3	0	0.2	0.4
"dominula"	100	56	122	2	25.9	0.2	0.2	0	0.2	0.1
"dominula"	100	57	139	2	47.1	0.2	0.2	0	0.1	-0.2
"dominula"	100	58	64	1	18.7	0.3	0.3	0	0.2	0.5
"dominula"	100	59	146	1	37.9	0.2	0.2	0	0.2	0.7
"dominula"	100	60	102	1	54.6	0.2	0.2	0	0.2	0.2
"dominula"	100	61	144	3	26.8	0.3	0.3	0	0.2	0.4
"dominula"	100	62	83	1	24.2	0.2	0.2	0	0.1	0.1
"dominula"	100	63	118	2	21.7	0.3	0.3	0	0.3	1
"dominula"	100	64	100	1	28.4	0.3	0.3	0	0.3	1.2
"dominula"	100	65	110	3	37.1	0.1	0.1	0	0.1	-0.6
"dominula"	100	66	227	2	52.4	0.2	0.2	0	0.1	-0.4
"dominula"	100	67	190	3	49.3	0.4	0.4	0	0.2	0.1
"dominula"	100	68	58	3	30.1	0.2	0.2	0	0.2	0.3
"dominula"	100	69	122	3	39.9	0.3	0.3	0	0.3	0.2
"dominula"	100	70	180	2	59.2	0.3	0.3	0	0.1	-0.1
"dominula"	100	71	142	4	51.7	0.2	0.2	0	0	-0.6
"dominula"	100	72	134	1	37.6	0.3	0.3	0	0.2	0.2
"dominula"	100	73	102	1	25	0.2	0.2	0	0.1	-0.2
"dominula"	100	74	135	2	40.2	0.2	0.2	0	0.2	0.4
"dominula"	100	75	32	1	18.3	0.2	0.2	0	0.2	0.2
"dominula"	100	76	55	1	25.4	0.3	0.3	0	0.3	1.5
"dominula"	100	77	130	1	39.6	0.2	0.2	0	0.1	-0.5
"dominula"	100	78	115	7	52.4	0.1	0.1	0	0.1	-0.4
"dominula"	100	79	108	2	28.4	0.2	0.2	0	0.2	0.4
"dominula"	100	80	78	3	45.7	0.1	0.1	0	0	-0.8
"dominula"	100	81	169	2	45.1	0.2	0.2	0	0.2	0.8
"dominula"	100	82	151	1	43.5	0.2	0.2	0	0.1	-0.1
"dominula"	100	83	109	2	33.3	0.1	0.1	0	0	-0.8
"dominula"	100	84	174	2	40.5	0.2	0.2	0	0.2	-0.1
"dominula"	100	85	152	1	40.6	0.2	0.2	0	0.2	0.2
"dominula"	100	86	90	1	32.4	0.1	0.1	0	0.1	0.1
"dominula"	100	87	65	5	30.2	0.2	0.2	0	0.2	0.1
"dominula"	100	88	61	3	22.9	0.2	0.2	0	0.2	-0.3
"dominula"	100	89	109	1	49.4	0.4	0.4	0	0.1	0.5
"dominula"	100	90	143	1	52.4	0.2	0.2	0	0.2	0.5
"dominula"	100	91	49	2	23.4	0.2	0.2	0	0.2	0.4
"dominula"	100	92	82	1	29.2	0	0	0	0	-0.3
"dominula"	100	93	76	2	34.6	0.3	0.3	0	0.3	0.1
"dominula"	100	94	123	1	44.9	0.2	0.2	0	0.2	0.8
"dominula"	100	95	93	2	40.9	0.2	0.2	0	0.1	0.2
"dominula"	100	96	233	4	67.3	0.3	0.3	0	0.1	0
"dominula"	100	97	83	1	28.3	0.2	0.2	0	0.2	-0.3
"dominula"	100	98	132	1	33.3	0.2	0.2	0	0.2	0.1
"dominula"	100	99	167	1	39.1	0.1	0.1	0	0.1	0.6
"dominula"	100	100	160	2	46.5	0.4	0.4	0	0.3	1.3
"dominula"	110	1	105	1	47.6	0.3	0.3	0	0	-0.4
"dominula"	110	2	57	1	20.7	0.2	0.2	0	0	-0.6
"dominula"	110	3	118	1	43.1	0.2	0.2	0	0.1	-0.5
"dominula"	110	4	113	1	36.9	0.2	0.2	0	0.1	-0.5
"dominula"	110	5	211	1	48.1	0.1	0.1	0	0	-0.8
"dominula"	110	6	104	1	46.1	0.2	0.2	0	0.1	-0.4
"dominula"	110	7	155	1	49.9	0.2	0.2	0	0.1	-0.5
"dominula"	110	8	73	1	30.9	0.3	0.3	0	0	-0.4
"dominula"	110	9	67	2	22.6	0.2	0.2	0	0	-0.6
"dominula"	110	10	277	2	49	0.4	0.4	0.1	0	-0.2
"dominula"	110	11	142	1	38.6	0.2	0.2	0	0.2	-0.3
"dominula"	110	12	107	1	39.7	0.4	0.4	0	0	-0.2
"dominula"	110	13	93	1	36.7	0.1	0.1	0	0.1	-0.5
"dominula"	110	14	55	2	22.7	0.2	0.2	0	0	-0.6
"dominula"	110	15	158	1	52.2	0.2	0.2	0	0	-0.6
"dominula"	110	16	132	2	52.3	0.1	0.1	0	0	-0.8
"dominula"	110	17	100	2	43.8	0.2	0.2	0.1	0	-0.6
"dominula"	110	18	86	4	35.5	0.3	0.3	0	0.1	-0.1
"dominula"	110	19	150	1	49.6	0.2	0.2	0	0.1	-0.2
"dominula"	110	20	150	1	45.9	0.3	0.3	0	0.1	-0.3
"dominula"	110	21	224	2	40.8	0.2	0.2	0	0.1	-0.5
"dominula"	110	22	54	1	25.1	0.2	0.2	0	0.2	0
"dominula"	110	23	49	2	21.6	0.2	0.2	0	0.1	-0.5
"dominula"	110	24	103	1	28.7	0.2	0.2	0	0.1	-0.1
"dominula"	110	25	88	1	32.2	0.3	0.3	0	0.1	0.2
"dominula"	110	26	131	1	43.4	0.2	0.2	0	0.1	-0.5
"dominula"	110	27	103	1	28.5	0.4	0.4	0	0.4	0.8
"dominula"	110	28	84	2	40.1	0.3	0.3	0	0.2	-0.1
"dominula"	110	29	204	1	53.8	0.3	0.3	0	0.1	0
"dominula"	110	30	97	1	34.4	0.1	0.1	0	0.1	-0.6
"dominula"	110	31	79	1	30.2	0.2	0.2	0	0.1	-0.4
"dominula"	110	32	70	1	23.7	0.2	0.2	0	0.1	-0.1
"dominula"	110	33	68	1	32.7	0.3	0.3	0	0.2	0.1
"dominula"	110	34	134	1	32.4	0.1	0.1	0	0.1	-0.2
"dominula"	110	35	181	1	45.6	0.2	0.2	0	0.2	0.2
"dominula"	110	36	82	2	17.1	0.2	0.2	0	0	-0.6
"dominula"	110	37	119	3	47.4	0.1	0.1	0	0	-0.8
"dominula"	110	38	198	1	40.9	0.1	0.1	0	0.1	-0.1
"dominula"	110	39	188	2	37.7	0.3	0.3	0	0.2	0
"dominula"	110	40	69	1	23.8	0.2	0.2	0	0.2	-0.2
"dominula"	110	41	148	1	45.2	0.2	0.2	0	0.1	-0.3
"dominula"	110	42	87	1	30.3	0.1	0.1	0	0.1	-0.4
"dominula"	110	43	109	1	35.4	0.3	0.3	0	0.2	0.3
"dominula"	110	44	76	1	27.7	0.1	0.1	0	0.1	0
"dominula"	110	45	295	1	62.6	0.2	0.2	0	0.2	0.2
"dominula"	110	46	192	1	41.8	0.3	0.3	0	0.2	0.1
"dominula"	110	47	196	1	40	0.2	0.2	0	0.2	-0.4
"dominula"	110	48	46	1	15	0.3	0.3	0	0.3	0.4
"dominula"	110	49	258	1	69.5	0.2	0.2	0	0.1	0
"dominula"	110	50	78	1	42.6	0.2	0.2	0	0.1	-0.2
"dominula"	110	51	150	1	44.6	0.3	0.3	0	0.2	0.8
"dominula"	110	52	104	1	42.1	0.2	0.2	0	0.2	0.3
"dominula"	110	53	96	1	45.4	0.3	0.3	0	0.2	0.7
"dominula"	110	54	124	1	30.7	0.2	0.2	0	0	-0.4
"dominula"	110	55	67	1	22.7	0.2	0.2	0	0.1	0.1
"dominula"	110	56	150	1	36	0.1	0.1	0	0.1	-0.3
"dominula"	110	57	291	1	45.1	0.2	0.2	0	0.2	0.1
"dominula"	110	58	87	1	29.1	0.3	0.3	0	0.2	0.3
"dominula"	110	59	113	1	47.5	0.2	0.2	0	0.1	0.4
"dominula"	110	60	107	2	42.5	0.2	0.2	0	0.1	-0.4
"dominula"	110	61	91	1	28.7	0.3	0.3	0	0.3	0.3
"dominula"	110	62	125	2	51.1	0.2	0.2	0	0.2	-0.3
"dominula"	110	63	94	1	34	0.2	0.2	0	0.2	-0.2
"dominula"	110	64	199	1	57.8	0.4	0.4	0	0.3	1.1
"dominula"	110	65	100	2	44.5	0.1	0.1	0	0	-0.8
"dominula"	110	66	220	1	58.5	0.2	0.2	0	0.1	-0.3
"dominula"	110	67	90	1	38.4	0.4	0.4	0	0.3	1.3
"dominula"	110	68	187	1	44.8	0.3	0.3	0	0.2	0.3
"dominula"	110	69	185	2	68.9	0.4	0.4	0	0.3	0.7
"dominula"	110	70	118	1	56.6	0.2	0.2	0	0.2	0.2
"dominula"	110	71	87	1	36.6	0.3	0.3	0	0.2	0.9
"dominula"	110	72	181	1	54	0.2	0.2	0.1	0.1	0
"dominula"	110	73	125	3	38.4	0.2	0.2	0	0	-0.6
"dominula"	110	74	133	1	45.1	0.2	0.2	0	0.2	0.5
"dominula"	110	75	92	2	27.9	0.1	0.1	0	0.1	-0.7
"dominula"	110	76	124	2	39	0.2	0.2	0	0.2	1.1
"dominula"	110	77	171	2	43.7	0.3	0.3	0	0.2	0
"dominula"	110	78	164	2	56.6	0.3	0.3	0	0.2	0
"dominula"	110	79	137	3	35.4	0.2	0.2	0	0.1	-0.3
"dominula"	110	80	59	1	25.9	0.1	0.1	0	0.1	-0.1
"dominula"	110	81	188	2	68.5	0.1	0.1	0	0.1	-0.6
"dominula"	110	82	445	2	70.7	0.2	0.2	0	0.2	0.7
"dominula"	110	83	156	2	51.4	0.4	0.4	0	0	-0.2
"dominula"	110	84	96	1	36	0.2	0.2	0	0.1	0.2
"dominula"	110	85	90	1	36	0.1	0.1	0	0.1	0.3
"dominula"	110	86	56	2	23.2	0.2	0.2	0	0.2	-0.1
"dominula"	110	87	108	2	36.3	0.3	0.3	0	0.2	0.5
"dominula"	110	88	96	1	28.4	0.3	0.3	0	0.3	2.1
"dominula"	110	89	219	3	47.5	0.2	0.2	0	0.2	0.3
"dominula"	110	90	80	2	42.1	0.3	0.3	0	0.1	0.2
"dominula"	110	91	82	1	25.5	0.3	0.3	0	0.3	0.6
"dominula"	110	92	122	1	32.5	0.2	0.2	0	0.1	-0.5
"dominula"	110	93	93	4	35.4	0.1	0.1	0	0	-0.8
"dominula"	110	94	136	1	49	0.1	0.1	0	0.1	-0.6
"dominula"	110	95	158	2	41.8	0.2	0.2	0	0.2	0.3
"dominula"	110	96	133	3	24.9	0.3	0.3	0	0.2	-0.1
"dominula"	110	97	89	1	31.1	0.2	0.2	0	0.1	0.6
"dominula"	110	98	73	2	20.9	0.2	0.2	0	0.2	0.1
"dominula"	110	99	184	3	58.8	0.2	0.2	0	0.1	0.2
"dominula"	110	100	151	2	46.8	0.2	0.2	0	0.2	0.5
"dominula"	110	101	92	1	26.8	0.3	0.3	0	0.2	0.7
"dominula"	110	102	100	1	29.2	0.2	0.2	0	0.1	0.7
"dominula"	110	103	259	1	73.2	0.3	0.3	0	0.2	0.8
"dominula"	110	104	116	2	33	0.1	0.1	0	0.1	0.9
"dominula"	110	105	102	5	31.8	0.2	0.2	0	0.1	-0.5
"dominula"	110	106	169	5	50.8	0.2	0.2	0	0.1	0.1
"dominula"	110	107	106	1	27.3	0.3	0.3	0	0.2	0.6
"dominula"	110	108	65	1	23.2	0.2	0.2	0	0.2	0.8
"dominula"	110	109	103	1	28.6	0.3	0.3	0	0.3	1.4
"dominula"	110	110	105	1	42.3	0.3	0.3	0	0.3	0.3
"dominula"	120	1	93	1	38.9	0.3	0.3	0	0	-0.4
"dominula"	120	2	132	1	39.9	0.2	0.2	0	0	-0.6
"dominula"	120	3	101	1	35.5	0.2	0.2	0	0	-0.6
"dominula"	120	4	120	1	29.7	0.3	0.3	0	0.1	-0.3
"dominula"	120	5	80	2	16.8	0.3	0.3	0	0.1	-0.3
"dominula"	120	6	225	1	47	0.4	0.4	0	0	-0.2
"dominula"	120	7	138	1	52.6	0.3	0.3	0	0.1	-0.3
"dominula"	120	8	85	2	26.5	0.3	0.3	0	0.2	-0.1
"dominula"	120	9	192	1	36.4	0.1	0.1	0	0.1	-0.6
"dominula"	120	10	94	1	39	0.2	0.2	0	0.1	-0.3
"dominula"	120	11	135	1	34.3	0.2	0.2	0	0.2	-0.4
"dominula"	120	12	88	1	39	0.2	0.2	0.1	0.1	-0.5
"dominula"	120	13	139	1	39.5	0.2	0.2	0	0.1	-0.2
"dominula"	120	14	112	2	34.6	0.3	0.3	0	0.1	-0.3
"dominula"	120	15	120	1	38.5	0.2	0.2	0.1	0.1	-0.3
"dominula"	120	16	98	1	42.6	0.4	0.4	0	0	-0.2
"dominula"	120	17	153	1	52.2	0.4	0.4	0	0.1	0
"dominula"	120	18	146	2	46.7	0.2	0.2	0	0	-0.4
"dominula"	120	19	105	1	30.8	0.2	0.2	0	0.1	-0.5
"dominula"	120	20	94	1	36.4	0.3	0.3	0	0.2	0.2
"dominula"	120	21	84	1	33.1	0.3	0.3	0	0.3	0.1
"dominula"	120	22	177	1	40.9	0.3	0.3	0	0.1	-0.3
"dominula"	120	23	165	1	56.4	0.1	0.1	0	0.1	-0.2
"dominula"	120	24	72	1	23.9	0.3	0.3	0	0.2	-0.2
"dominula"	120	25	72	1	27.7	0.3	0.3	0	0.2	0
"dominula"	120	26	112	1	29.3	0.2	0.2	0	0.1	-0.4
"dominula"	120	27	66	3	25.4	0.2	0.2	0	0.1	0.1
"dominula"	120	28	86	2	23.4	0.1	0.1	0	0	-0.8
"dominula"	120	29	75	1	23.9	0.2	0.2	0	0.2	0
"dominula"	120	30	83	2	21.6	0.2	0.2	0	0.1	-0.5
"dominula"	120	31	59	2	22.5	0.3	0.3	0	0.1	-0.3
"dominula"	120	32	213	2	50.1	0.3	0.3	0	0	-0.4
"dominula"	120	33	128	1	46.8	0.4	0.4	0	0.4	0.7
"dominula"	120	34	111	3	35.8	0.2	0.2	0	0.1	-0.5
"dominula"	120	35	163	3	50.7	0.2	0.2	0	0.1	-0.4
"dominula"	120	36	147	1	69	0.3	0.3	0	0.1	-0.3
"dominula"	120	37	50	1	24.7	0.2	0.2	0	0.2	0.1
"dominula"	120	38	124	1	45.7	0.3	0.3	0	0.2	0.1
"dominula"	120	39	205	1	51.8	0.2	0.2	0	0.2	-0.2
"dominula"	120	40	37	1	12.8	0.2	0.2	0	0.2	0.1
"dominula"	120	41	475	1	87.2	0.2	0.2	0	0.2	-0.2
"dominula"	120	42	197	1	69.8	0.2	0.2	0	0.2	0.4
"dominula"	120	43	84	1	31.8	0.1	0.1	0	0.1	-0.4
"dominula"	120	44	137	1	26.5	0.2	0.2	0	0.1	-0.1
"dominula"	120	45	121	1	40.6	0.1	0.1	0	0.1	-0.2
"dominula"	120	46	204	1	37.8	0.1	0.1	0	0.1	-0.5
"dominula"	120	47	187	2	36.7	0.2	0.2	0	0.2	0
"dominula"	120	48	134	2	43.1	0.3	0.3	0	0.1	-0.3
"dominula"	120	49	187	3	41.9	0.3	0.3	0	0	-0.4
"dominula"	120	50	228	1	57.1	0.2	0.2	0.1	0.1	0
"dominula"	120	51	46	1	19.5	0.3	0.3	0	0.2	0.4
"dominula"	120	52	159	2	47.3	0.2	0.2	0	0.1	-0.1
"dominula"	120	53	150	1	29.3	0.3	0.3	0	0.2	0.6
"dominula"	120	54	47	1	22.6	0.2	0.2	0	0.2	0.2
"dominula"	120	55	173	2	45.8	0.2	0.2	0	0.1	0
"dominula"	120	56	121	1	45.8	0.2	0.2	0	0.2	0
"dominula"	120	57	123	2	59.9	0.2	0.2	0	0.1	-0.5
"dominula"	120	58	65	1	20.1	0.1	0.1	0.1	0	-0.8
"dominula"	120	59	73	1	23.1	0.3	0.3	0	0.3	1.3
"dominula"	120	60	18	1	9.9	0.2	0.2	0	0.2	0.9
"dominula"	120	61	102	2	40.7	0.1	0.1	0	0.1	-0.1
"dominula"	120	62	48	1	19.2	0.1	0.1	0	0.1	0.1
"dominula"	120	63	193	3	65.5	0.3	0.3	0	0.1	0
"dominula"	120	64	118	1	44.5	0.3	0.3	0	0.2	0.5
"dominula"	120	65	247	2	52.5	0.3	0.3	0	0.2	0.1
"dominula"	120	66	183	1	45.9	0.1	0.1	0	0.1	0.1
"dominula"	120	67	64	1	21.8	0.3	0.3	0	0.2	1.2
"dominula"	120	68	103	1	39.7	0.2	0.2	0	0.2	0.6
"dominula"	120	69	36	2	18.9	0.2	0.2	0	0	-0.6
"dominula"	120	70	66	4	27.2	0.1	0.1	0	0.1	0.5
"dominula"	120	71	163	1	74	0.1	0.1	0	0.1	0.1
"dominula"	120	72	260	1	65.8	0.3	0.3	0	0.3	0.7
"dominula"	120	73	52	1	26.4	0.2	0.2	0	0.2	0.6
"dominula"	120	74	92	1	33.4	0.2	0.2	0	0.2	0.5
"dominula"	120	75	68	2	18.9	0.3	0.3	0	0.2	-0.2
"dominula"	120	76	92	2	32.4	0.3	0.3	0	0.3	1.6
"dominula"	120	77	276	2	81.7	0.2	0.2	0	0.1	-0.5
"dominula"	120	78	81	1	33.7	0.3	0.3	0	0.3	1.3
"dominula"	120	79	94	1	31.6	0.2	0.2	0	0.1	-0.1
"dominula"	120	80	103	1	38.7	0.2	0.2	0	0.1	0.1
"dominula"	120	81	286	2	70.3	0.2	0.2	0	0.2	-0.3
"dominula"	120	82	92	2	37.3	0.1	0.1	0	0.1	-0.5
"dominula"	120	83	111	1	56.7	0.1	0.1	0	0.1	0
"dominula"	120	84	99	1	30.9	0.3	0.3	0	0.3	0.9
"dominula"	120	85	77	2	38	0.1	0.1	0	0	0.4
"dominula"	120	86	156	2	64.1	0.2	0.2	0	0.2	0
"dominula"	120	87	74	3	26.1	0.2	0.2	0	0.1	-0.5
"dominula"	120	88	151	2	48.7	0.3	0.3	0	0.3	0.6
"dominula"	120	89	95	2	28.4	0.2	0.2	0	0.2	-0.2
"dominula"	120	90	83	2	24.3	0.2	0.2	0	0.1	-0.1
"dominula"	120	91	145	2	49.3	0.1	0.1	0	0.1	-0.5
"dominula"	120	92	73	1	32.6	0.2	0.2	0	0.1	0
"dominula"	120	93	75	2	30.8	0.2	0.2	0	0.2	0.5
"dominula"	120	94	101	1	30.2	0.3	0.3	0	0.2	1.1
"dominula"	120	95	232	1	65.3	0.4	0.4	0	0.4	1.4
"dominula"	120	96	78	3	36.8	0.2	0.2	0	0.2	0
"dominula"	120	97	90	2	25	0.3	0.3	0.1	0.2	0.3
"dominula"	120	98	59	1	18.7	0.2	0.2	0	0.2	1.2
"dominula"	120	99	170	1	69.5	0.4	0.4	0	0.3	0.4
"dominula"	120	100	252	1	60.7	0.2	0.2	0	0.1	0.6
"dominula"	120	101	98	1	39.2	0.2	0.2	0	0.2	-0.2
"dominula"	120	102	72	2	23.9	0.3	0.3	0	0.2	0.7
"dominula"	120	103	82	1	39.1	0.3	0.3	0.1	0.2	0.1
"dominula"	120	104	202	3	54.9	0.2	0.2	0	0.2	0.1
"dominula"	120	105	67	4	32.3	0.3	0.3	0	0.2	0.9
"dominula"	120	106	85	2	28.9	0.2	0.2	0	0.2	0.4
"dominula"	120	107	115	3	37.8	0.3	0.3	0	0.2	0.2
"dominula"	120	108	166	4	55.7	0.2	0.2	0	0	-0.6
"dominula"	120	109	65	2	28.2	0.2	0.2	0	0.2	1.1
"dominula"	120	110	124	2	38.7	0.2	0.2	0	0.1	0
"dominula"	120	111	115	3	37.6	0.3	0.3	0	0.3	0.9
"dominula"	120	112	107	3	38.1	0.2	0.2	0	0.2	-0.1
"dominula"	120	113	136	1	29.5	0.3	0.3	0	0.2	0.9
"dominula"	120	114	80	2	18.9	0.2	0.2	0	0.1	-0.5
"dominula"	120	115	181	7	41.1	0.1	0.1	0	0	-0.8
"dominula"	120	116	153	2	48.1	0.3	0.3	0	0.2	0.6
"dominula"	120	117	317	6	50.4	0.2	0.2	0	0.2	0.1
"dominula"	120	118	67	3	24.2	0.1	0.1	0	0	-0.8
"dominula"	120	119	241	1	60.1	0.2	0.2	0	0.2	0.9
"dominula"	120	120	123	2	48	0.2	0.2	0	0.1	-0.5
"dominula"	130	1	141	1	57.8	0.3	0.3	0	0	-0.4
"dominula"	130	2	126	1	39.7	0.3	0.3	0	0	-0.4
"dominula"	130	3	326	1	68.8	0.2	0.2	0	0	-0.6
"dominula"	130	4	158	1	60	0.2	0.2	0	0.1	-0.5
"dominula"	130	5	112	2	44.9	0.4	0.4	0	0	-0.2
"dominula"	130	6	151	1	39.3	0.3	0.3	0	0.2	-0.2
"dominula"	130	7	159	1	33.6	0.3	0.3	0	0.1	-0.3
"dominula"	130	8	167	2	41	0.3	0.3	0	0.1	-0.2
"dominula"	130	9	57	1	21.2	0.2	0.2	0	0	-0.6
"dominula"	130	10	55	3	26.3	0.1	0.1	0	0	-0.8
"dominula"	130	11	81	2	32.4	0.2	0.2	0	0.1	-0.5
"dominula"	130	12	40	1	19.1	0.3	0.3	0	0.3	-0.1
"dominula"	130	13	123	1	42	0.1	0.1	0	0.1	-0.6
"dominula"	130	14	122	1	44.5	0.2	0.2	0	0.1	-0.4
"dominula"	130	15	112	2	29.8	0.3	0.3	0.1	0	-0.4
"dominula"	130	16	138	2	34.5	0.1	0.1	0	0	-0.8
"dominula"	130	17	70	1	27	0.1	0.1	0	0.1	-0.5
"dominula"	130	18	85	1	26.9	0.2	0.2	0	0.1	-0.5
"dominula"	130	19	73	1	36.9	0.2	0.2	0	0.1	-0.4
"dominula"	130	20	95	1	26.8	0.2	0.2	0.1	0.1	-0.2
"dominula"	130	21	128	1	50.2	0.2	0.2	0	0.1	-0.3
"dominula"	130	22	83	1	39.6	0.2	0.2	0	0.1	-0.3
"dominula"	130	23	126	2	47.6	0.2	0.2	0	0	-0.6
"dominula"	130	24	244	2	71.7	0.3	0.3	0	0.1	-0.3
"dominula"	130	25	93	1	29.3	0.3	0.3	0	0.1	-0.2
"dominula"	130	26	79	1	28.3	0.1	0.1	0	0.1	-0.4
"dominula"	130	27	175	2	57.2	0.3	0.3	0	0.2	0.2
"dominula"	130	28	124	1	37.3	0.3	0.3	0	0.1	0
"dominula"	130	29	76	1	39	0.2	0.2	0	0	-0.6
"dominula"	130	30	139	1	49.1	0.3	0.3	0	0.1	-0.3
"dominula"	130	31	88	2	26.1	0.1	0.1	0	0	-0.8
"dominula"	130	32	136	2	38.8	0.3	0.3	0	0.2	0
"dominula"	130	33	268	2	69.7	0.2	0.2	0	0.1	-0.4
"dominula"	130	34	256	3	64.7	0.2	0.2	0	0	-0.6
"dominula"	130	35	96	1	29.8	0.3	0.3	0	0.2	0
"dominula"	130	36	58	1	24.7	0.1	0.1	0	0.1	-0.4
"dominula"	130	37	52	1	22.4	0.3	0.3	0	0.3	0.5
"dominula"	130	38	175	1	47.5	0.2	0.2	0	0.1	0
"dominula"	130	39	72	1	25.4	0.2	0.2	0	0.1	-0.1
"dominula"	130	40	118	1	31.8	0.2	0.2	0	0.2	0.2
"dominula"	130	41	63	1	25.3	0.2	0.2	0	0.2	0
"dominula"	130	42	82	2	39	0.3	0.3	0	0.2	0.1
"dominula"	130	43	43	1	17.7	0.2	0.2	0.1	0.1	-0.3
"dominula"	130	44	108	2	50	0.4	0.4	0	0.1	-0.1
"dominula"	130	45	218	1	79.1	0.2	0.2	0	0.1	0
"dominula"	130	46	188	1	53.2	0.2	0.2	0	0.1	-0.2
"dominula"	130	47	189	1	35.6	0.4	0.4	0	0.2	0
"dominula"	130	48	84	1	35.1	0.1	0.1	0	0.1	-0.6
"dominula"	130	49	161	2	35.9	0.1	0.1	0	0.1	-0.7
"dominula"	130	50	113	2	33.6	0.4	0.4	0	0.4	0.3
"dominula"	130	51	87	1	31.7	0.4	0.4	0	0.4	1.2
"dominula"	130	52	46	2	21.6	0.3	0.3	0.1	0.2	0.3
"dominula"	130	53	86	2	26.1	0.2	0.2	0	0.1	-0.2
"dominula"	130	54	133	1	30.5	0.2	0.2	0	0.1	-0.4
"dominula"	130	55	82	3	34.3	0.4	0.4	0	0.1	0
"dominula"	130	56	123	2	45.9	0.3	0.3	0	0.3	0.1
"dominula"	130	57	215	1	49.8	0.1	0.1	0	0.1	-0.1
"dominula"	130	58	107	2	35	0.3	0.3	0	0.2	0.3
"dominula"	130	59	131	3	41.5	0.1	0.1	0	0.1	-0.4
"dominula"	130	60	132	2	47.6	0.2	0.2	0	0.2	-0.2
"dominula"	130	61	167	1	38.3	0.1	0.1	0	0.1	-0.1
"dominula"	130	62	100	2	31.9	0.2	0.2	0	0.2	0.3
"dominula"	130	63	103	1	40.2	0.2	0.2	0	0.2	0
"dominula"	130	64	127	1	41.6	0.2	0.2	0	0.1	-0.1
"dominula"	130	65	188	1	66	0.1	0.1	0	0.1	0
"dominula"	130	66	194	1	35.2	0.3	0.3	0	0.3	1
"dominula"	130	67	57	3	24.3	0.2	0.2	0	0.2	-0.1
"dominula"	130	68	155	2	50.9	0.3	0.3	0	0.2	0.1
"dominula"	130	69	142	3	51.4	0.3	0.3	0	0.2	0.2
"dominula"	130	70	95	1	28.7	0.1	0.1	0	0.1	-0.6
"dominula"	130	71	152	4	57.4	0.2	0.2	0	0.1	-0.5
"dominula"	130	72	69	2	31.4	0.1	0.1	0.1	0	-0.8
"dominula"	130	73	134	3	53.6	0.2	0.2	0	0.2	-0.2
"dominula"	130	74	145	3	55.8	0.3	0.3	0	0.2	0.8
"dominula"	130	75	134	2	45.2	0.3	0.3	0	0.2	0.1
"dominula"	130	76	96	1	29.6	0.1	0.1	0	0.1	-0.3
"dominula"	130	77	102	2	37.8	0.3	0.3	0	0.3	0.7
"dominula"	130	78	92	1	27.1	0.1	0.1	0	0.1	-0.2
"dominula"	130	79	167	1	43.5	0.3	0.3	0	0.3	0.6
"dominula"	130	80	39	2	18.5	0.2	0.2	0	0.2	0.3
"dominula"	130	81	167	1	38.1	0.4	0.4	0	0.3	1
"dominula"	130	82	150	4	39.2	0.2	0.2	0	0.2	0.5
"dominula"	130	83	218	2	61.4	0.2	0.2	0	0.1	-0.3
"dominula"	130	84	55	1	25.5	0.2	0.2	0	0.2	0.4
"dominula"	130	85	201	1	45.5	0.3	0.3	0	0.3	1.1
"dominula"	130	86	141	1	27.8	0.3	0.3	0	0.1	-0.1
"dominula"	130	87	208	1	47.7	0.2	0.2	0	0.2	0.3
"dominula"	130	88	206	1	54.4	0.2	0.2	0	0.2	0.6
"dominula"	130	89	59	4	27	0.3	0.3	0	0.2	0.7
"dominula"	130	90	70	1	23.3	0.4	0.4	0	0.2	0.5
"dominula"	130	91	97	4	33	0.2	0.2	0	0.1	0.4
"dominula"	130	92	209	2	63.9	0.2	0.2	0	0.1	-0.2
"dominula"	130	93	156	1	38.1	0.2	0.2	0	0.2	0.9
"dominula"	130	94	102	2	35.8	0.1	0.1	0	0	-0.8
"dominula"	130	95	66	2	22.5	0.3	0.3	0	0.2	0.5
"dominula"	130	96	148	4	51.7	0.2	0.2	0	0.2	0.1
"dominula"	130	97	40	3	18.9	0.3	0.3	0	0.2	0.2
"dominula"	130	98	99	2	29.8	0.1	0.1	0	0.1	-0.4
"dominula"	130	99	187	2	47.2	0.1	0.1	0	0.1	-0.7
"dominula"	130	100	127	1	46.3	0.1	0.1	0	0.1	0.2
"dominula"	130	101	76	2	25.6	0.2	0.2	0	0.2	0.2
"dominula"	130	102	120	4	44.1	0.1	0.1	0	0.1	-0.7
"dominula"	130	103	76	2	22.6	0.2	0.2	0	0.2	0.9
"dominula"	130	104	97	2	25.1	0.3	0.3	0	0.2	0.7
"dominula"	130	105	61	1	27.7	0.2	0.2	0	0.2	-0.4
"dominula"	130	106	47	1	17	0.1	0.1	0	0.1	0.1
"dominula"	130	107	68	2	29.2	0.2	0.2	0	0.1	0
"dominula"	130	108	254	8	56	0.1	0.1	0	0.1	-0.3
"dominula"	130	109	114	2	41	0.2	0.2	0	0.2	-0.1
"dominula"	130	110	117	3	41.9	0.3	0.3	0	0.1	-0.2
"dominula"	130	111	118	2	27.7	0.1	0.1	0	0	-0.8
"dominula"	130	112	59	2	21.3	0.3	0.3	0	0.3	1.3
"dominula"	130	113	115	1	42.6	0.1	0.1	0	0.1	1
"dominula"	130	114	112	1	42.4	0.2	0.2	0	0.2	0.4
"dominula"	130	115	132	2	40	0.2	0.2	0	0.2	0.7
"dominula"	130	116	415	1	69.8	0.1	0.1	0	0.1	0.1
"dominula"	130	117	82	3	18.3	0.2	0.2	0	0.2	0.2
"dominula"	130	118	163	3	41.4	0.2	0.2	0	0.2	0.4
"dominula"	130	119	106	5	37.5	0.3	0.3	0	0.3	1.5
"dominula"	130	120	80	2	28.8	0.3	0.3	0	0.3	1.4
"dominula"	130	121	93	1	29.1	0.3	0.3	0	0.2	1.1
"dominula"	130	122	134	4	50	0.2	0.2	0	0.2	-0.3
"dominula"	130	123	127	1	47.2	0.2	0.2	0	0.1	-0.5
"dominula"	130	124	77	1	28.5	0.1	0.1	0	0.1	0.1
"dominula"	130	125	219	1	43.2	0.2	0.2	0	0.2	1.3
"dominula"	130	126	145	3	52.7	0.2	0.2	0	0.1	-0.5
"dominula"	130	127	203	2	66.7	0.1	0.1	0	0.1	-0.1
"dominula"	130	128	70	2	18.9	0.2	0.2	0	0.1	-0.1
"dominula"	130	129	100	1	35.6	0.1	0.1	0	0.1	0.1
"dominula"	130	130	177	3	38.9	0.1	0.1	0	0.1	0.2
"dominula"	140	1	113	1	39	0.3	0.3	0	0	-0.4
"dominula"	140	2	165	1	52.1	0.3	0.3	0	0	-0.4
"dominula"	140	3	21	1	12.1	0.3	0.3	0	0	-0.4
"dominula"	140	4	217	1	59.1	0.2	0.2	0	0.1	-0.5
"dominula"	140	5	178	1	47.7	0.2	0.2	0	0	-0.6
"dominula"	140	6	66	2	19.5	0.4	0.4	0	0.1	-0.1
"dominula"	140	7	98	2	48	0.3	0.3	0	0.2	-0.2
"dominula"	140	8	162	2	47.2	0.1	0.1	0	0	-0.8
"dominula"	140	9	214	1	47.4	0.1	0.1	0	0.1	-0.7
"dominula"	140	10	95	1	32.5	0.3	0.3	0	0	-0.4
"dominula"	140	11	149	1	21.3	0.2	0.2	0	0.1	-0.5
"dominula"	140	12	35	2	17.4	0.3	0.3	0	0.1	-0.3
"dominula"	140	13	308	1	65.2	0.3	0.3	0	0.1	-0.2
"dominula"	140	14	108	2	46.3	0.1	0.1	0	0	-0.8
"dominula"	140	15	98	1	33.8	0.3	0.3	0	0.1	-0.1
"dominula"	140	16	169	1	49	0.3	0.3	0	0.2	-0.2
"dominula"	140	17	24	2	11.3	0.2	0.2	0	0	-0.6
"dominula"	140	18	165	1	40.1	0.2	0.2	0	0.1	-0.4
"dominula"	140	19	122	1	42.4	0.3	0.3	0	0.1	-0.2
"dominula"	140	20	68	1	33.6	0.3	0.3	0	0.1	-0.3
"dominula"	140	21	100	3	42.5	0.3	0.3	0	0.2	0.1
"dominula"	140	22	171	1	50.1	0.2	0.2	0	0.2	-0.3
"dominula"	140	23	147	1	51.8	0.1	0.1	0	0.1	-0.5
"dominula"	140	24	111	1	21.7	0.2	0.2	0	0.2	-0.1
"dominula"	140	25	64	1	27.5	0.2	0.2	0	0.2	-0.3
"dominula"	140	26	124	1	40.2	0.3	0.3	0.1	0.2	0
"dominula"	140	27	37	2	22.2	0.2	0.2	0	0.1	-0.5
"dominula"	140	28	228	2	61.9	0.2	0.2	0	0.1	-0.5
"dominula"	140	29	81	1	28.8	0.2	0.2	0	0.1	-0.2
"dominula"	140	30	60	1	29.9	0.3	0.3	0.1	0.1	0
"dominula"	140	31	75	1	32.7	0.1	0.1	0	0.1	-0.4
"dominula"	140	32	147	1	45.1	0.2	0.2	0	0.1	0
"dominula"	140	33	87	1	21.1	0.2	0.2	0	0.1	-0.2
"dominula"	140	34	48	1	19.6	0.2	0.2	0	0.2	0.3
"dominula"	140	35	167	1	43.9	0.2	0.2	0	0.1	-0.1
"dominula"	140	36	61	2	26.9	0.3	0.3	0	0.1	-0.3
"dominula"	140	37	69	1	28.7	0.2	0.2	0	0.2	0.2
"dominula"	140	38	247	2	48.6	0.1	0.1	0	0	-0.8
"dominula"	140	39	131	1	38	0.3	0.3	0	0.1	0.3
"dominula"	140	40	113	2	39.5	0.4	0.4	0	0.1	0.1
"dominula"	140	41	66	1	20.3	0.1	0.1	0	0.1	-0.4
"dominula"	140	42	80	2	36.2	0.2	0.2	0	0.2	-0.4
"dominula"	140	43	49	1	19.1	0.1	0.1	0	0.1	-0.3
"dominula"	140	44	95	1	36.3	0.3	0.3	0	0.3	0.5
"dominula"	140	45	99	1	41.5	0.2	0.2	0.1	0.1	-0.1
"dominula"	140	46	98	1	40.2	0.2	0.2	0	0.2	0.1
"dominula"	140	47	125	1	46.7	0.2	0.2	0	0.2	0.2
"dominula"	140	48	86	2	27.6	0.3	0.3	0	0.2	0.3
"dominula"	140	49	118	1	33.9	0	0	0	0	-0.8
"dominula"	140	50	117	1	39.5	0.4	0.4	0	0.2	0.9
"dominula"	140	51	128	1	31.9	0.3	0.3	0	0.2	0.6
"dominula"	140	52	95	1	29.1	0.3	0.3	0	0.2	0.4
"dominula"	140	53	140	2	51.7	0.3	0.3	0	0.1	-0.2
"dominula"	140	54	180	1	38.6	0.2	0.2	0	0.2	-0.4
"dominula"	140	55	164	3	65.4	0.3	0.3	0	0.3	0.7
"dominula"	140	56	110	1	28.9	0.3	0.3	0	0.3	1.1
"dominula"	140	57	99	1	37.4	0.2	0.2	0	0.1	0
"dominula"	140	58	193	1	38.8	0.2	0.2	0	0.1	0.1
"dominula"	140	59	132	1	60.4	0.3	0.3	0	0.1	0.3
"dominula"	140	60	138	1	30.8	0.2	0.2	0	0.1	0.4
"dominula"	140	61	96	2	39.4	0.2	0.2	0	0.1	-0.4
"dominula"	140	62	167	1	38.9	0.3	0.3	0	0.3	0.4
"dominula"	140	63	96	2	35.2	0.3	0.3	0	0	-0.4
"dominula"	140	64	174	3	44.3	0.1	0.1	0	0	-0.8
"dominula"	140	65	121	3	34.8	0.4	0.4	0	0.3	0.3
"dominula"	140	66	118	1	22	0.1	0.1	0	0.1	0
"dominula"	140	67	76	1	31.1	0.4	0.4	0	0.1	0.2
"dominula"	140	68	192	1	68.6	0.1	0.1	0	0.1	0.1
"dominula"	140	69	122	1	35.8	0.2	0.2	0	0.2	0.7
"dominula"	140	70	100	2	40.6	0.2	0.2	0	0.2	-0.3
"dominula"	140	71	108	1	46.1	0.2	0.2	0	0.2	0.2
"dominula"	140	72	71	2	28	0.3	0.3	0.1	0.2	0.4
"dominula"	140	73	46	1	14.9	0.2	0.2	0	0.1	0
"dominula"	140	74	116	1	57.1	0.2	0.2	0	0.2	0.6
"dominula"	140	75	111	2	54.2	0.2	0.2	0	0.2	-0.2
"dominula"	140	76	160	3	47.3	0.2	0.2	0	0.2	0.4
"dominula"	140	77	233	1	42.5	0.1	0.1	0	0.1	-0.7
"dominula"	140	78	72	1	35.1	0.3	0.3	0	0.2	1
"dominula"	140	79	111	3	55.4	0.1	0.1	0	0.1	-0.5
"dominula"	140	80	108	1	30.8	0.2	0.2	0	0.2	0.8
"dominula"	140	81	197	1	39.6	0.2	0.2	0	0.1	0.5
"dominula"	140	82	85	2	35.7	0.1	0.1	0	0.1	-0.4
"dominula"	140	83	75	1	24.2	0.4	0.4	0	0.4	1.6
"dominula"	140	84	119	2	42.9	0.1	0.1	0	0.1	0.5
"dominula"	140	85	102	3	22.9	0.1	0.1	0	0	0
"dominula"	140	86	148	1	48.6	0.3	0.3	0	0.2	0.8
"dominula"	140	87	108	2	32.6	0.2	0.2	0	0.2	1.3
"dominula"	140	88	71	3	21.9	0.1	0.1	0	0.1	-0.2
"dominula"	140	89	224	3	50.4	0.2	0.2	0	0.2	1.1
"dominula"	140	90	121	2	36.8	0.1	0.1	0	0.1	-0.6
"dominula"	140	91	110	1	37.7	0.1	0.1	0	0.1	0.6
"dominula"	140	92	104	2	28.4	0.1	0.1	0	0.1	0.8
"dominula"	140	93	68	2	32.5	0.3	0.3	0	0.3	0.8
"dominula"	140	94	97	2	23.8	0.3	0.3	0	0.3	0.4
"dominula"	140	95	160	4	58.1	0.2	0.2	0	0.1	-0.5
"dominula"	140	96	91	1	32.8	0.2	0.2	0	0.1	0.4
"dominula"	140	97	178	7	56.4	0.2	0.2	0	0	-0.6
"dominula"	140	98	206	1	57.8	0.3	0.3	0	0.3	0.9
"dominula"	140	99	158	3	47.4	0.3	0.3	0	0.1	-0.3
"dominula"	140	100	121	1	32.6	0.3	0.3	0	0.2	0.7
"dominula"	140	101	127	1	45.2	0.2	0.2	0	0.2	1
"dominula"	140	102	164	1	46.5	0.1	0.1	0	0.1	0.2
"dominula"	140	103	85	1	25.8	0.2	0.2	0	0.1	0.9
"dominula"	140	104	204	4	61.2	0.1	0.1	0	0.1	-0.4
"dominula"	140	105	74	2	25	0.3	0.3	0.1	0.2	-0.2
"dominula"	140	106	105	2	28.4	0.1	0.1	0	0.1	-0.5
"dominula"	140	107	34	2	15.1	0.3	0.3	0	0.3	0.8
"dominula"	140	108	69	4	31.7	0.3	0.3	0	0.3	0.6
"dominula"	140	109	141	2	34.3	0.1	0.1	0	0.1	-0.2
"dominula"	140	110	132	1	37.2	0.2	0.2	0	0	-0.6
"dominula"	140	111	149	1	40.3	0.2	0.2	0	0.2	0.8
"dominula"	140	112	159	1	49.5	0.3	0.3	0	0.2	1.2
"dominula"	140	113	143	2	37.2	0.3	0.3	0	0.2	0.5
"dominula"	140	114	325	3	57.3	0.2	0.2	0	0.1	1
"dominula"	140	115	193	1	44	0.2	0.2	0	0.1	0.5
"dominula"	140	116	144	2	33.8	0.1	0.1	0	0.1	-0.2
"dominula"	140	117	116	1	53.7	0.3	0.3	0	0.1	0.7
"dominula"	140	118	93	2	39	0.3	0.3	0	0.3	1.1
"dominula"	140	119	123	3	50.5	0.1	0.1	0	0.1	-0.5
"dominula"	140	120	80	1	26	0.4	0.4	0	0.4	2
"dominula"	140	121	149	1	32.5	0.3	0.3	0	0.2	1.3
"dominula"	140	122	77	4	34.7	0.1	0.1	0	0.1	-0.4
"dominula"	140	123	242	2	67.9	0.3	0.3	0	0.2	-0.1
"dominula"	140	124	60	1	20.6	0.2	0.2	0	0.2	0.7
"dominula"	140	125	82	5	30.5	0.3	0.3	0	0.3	1.1
"dominula"	140	126	152	2	36.2	0.3	0.3	0	0.2	0.6
"dominula"	140	127	78	1	24.4	0.2	0.2	0.1	0.1	1.2
"dominula"	140	128	111	2	35.3	0.1	0.1	0	0.1	-0.7
"dominula"	140	129	125	1	43.2	0.3	0.3	0	0.2	1
"dominula"	140	130	39	1	15.1	0.2	0.2	0	0.2	0.4
"dominula"	140	131	33	1	16.6	0.1	0.1	0	0.1	1
"dominula"	140	132	267	1	51.1	0.2	0.2	0	0.2	0.9
"dominula"	140	133	55	1	23.8	0.2	0.2	0	0.2	0.9
"dominula"	140	134	24	1	8.2	0.1	0.1	0	0.1	-0.6
"dominula"	140	135	278	3	63.9	0.4	0.4	0	0.1	1.2
"dominula"	140	136	161	1	75.4	0.2	0.2	0	0.1	0.8
"dominula"	140	137	89	4	31.1	0.2	0.2	0	0.1	-0.5
"dominula"	140	138	75	5	32.4	0.3	0.3	0	0.3	1.1
"dominula"	140	139	135	1	53.4	0.3	0.3	0	0.2	1.2
"dominula"	140	140	85	6	39.8	0.2	0.2	0	0.1	-0.5
"dominula"	150	1	139	1	32.4	0.3	0.3	0	0	-0.4
"dominula"	150	2	152	1	44.8	0.1	0.1	0	0	-0.8
"dominula"	150	3	102	1	33.9	0.2	0.2	0	0.1	-0.5
"dominula"	150	4	102	1	41.1	0.3	0.3	0	0	-0.4
"dominula"	150	5	142	1	42.9	0.1	0.1	0	0	-0.8
"dominula"	150	6	55	2	27.3	0.1	0.1	0	0	-0.8
"dominula"	150	7	118	1	42.4	0.2	0.2	0	0.1	-0.5
"dominula"	150	8	45	1	14.7	0.2	0.2	0	0	-0.6
"dominula"	150	9	162	1	46	0.4	0.4	0	0.1	-0.1
"dominula"	150	10	171	2	39.5	0.2	0.2	0	0	-0.6
"dominula"	150	11	99	1	30	0.1	0.1	0	0	-0.8
"dominula"	150	12	190	1	39.6	0.2	0.2	0	0.1	-0.5
"dominula"	150	13	149	1	66.1	0	0	0	0	-0.8
"dominula"	150	14	57	1	25.7	0.3	0.3	0	0.1	-0.3
"dominula"	150	15	95	2	37.7	0.3	0.3	0	0.1	-0.2
"dominula"	150	16	191	1	69.1	0.4	0.4	0	0.3	0.3
"dominula"	150	17	56	3	30.1	0.4	0.4	0	0.2	0
"dominula"	150	18	59	2	20.5	0.1	0.1	0	0.1	-0.4
"dominula"	150	19	115	2	38.8	0.2	0.2	0	0.1	-0.4
"dominula"	150	20	141	1	54.4	0.2	0.2	0	0.1	-0.5
"dominula"	150	21	148	1	49.4	0.3	0.3	0	0.2	-0.1
"dominula"	150	22	78	1	30.8	0.2	0.2	0	0.2	-0.3
"dominula"	150	23	203	1	60.7	0.2	0.2	0	0.1	-0.5
"dominula"	150	24	117	1	40.5	0.3	0.3	0	0.2	0
"dominula"	150	25	46	1	20.7	0.2	0.2	0	0.1	-0.1
"dominula"	150	26	139	1	38.7	0.3	0.3	0	0.1	-0.1
"dominula"	150	27	198	1	40.4	0.1	0.1	0	0.1	-0.2
"dominula"	150	28	198	2	54.8	0.1	0.1	0	0	-0.8
"dominula"	150	29	113	1	31.6	0.3	0.3	0	0.3	0.2
"dominula"	150	30	105	1	32.9	0.2	0.2	0	0.2	0.2
"dominula"	150	31	75	3	30.8	0.3	0.3	0	0.3	0.3
"dominula"	150	32	105	1	46.6	0.2	0.2	0	0.1	-0.4
"dominula"	150	33	146	2	49.1	0.2	0.2	0	0.1	-0.5
"dominula"	150	34	86	1	26.8	0.2	0.2	0	0.1	-0.2
"dominula"	150	35	213	1	45.1	0.4	0.4	0	0.3	0.4
"dominula"	150	36	93	1	35.4	0.2	0.2	0	0.2	-0.1
"dominula"	150	37	150	1	41.5	0.2	0.2	0	0.2	0.1
"dominula"	150	38	125	4	35.4	0.3	0.3	0	0.2	0.2
"dominula"	150	39	150	2	44.5	0.4	0.4	0	0.2	0.5
"dominula"	150	40	165	1	38.8	0.1	0.1	0	0.1	-0.6
"dominula"	150	41	140	2	56.7	0.2	0.2	0	0.1	-0.1
"dominula"	150	42	95	1	40.1	0.2	0.2	0	0.2	0.2
"dominula"	150	43	122	3	33.8	0.1	0.1	0	0	-0.8
"dominula"	150	44	118	2	31.1	0.3	0.3	0	0.2	0.1
"dominula"	150	45	202	1	32.5	0.3	0.3	0	0.3	0.8
"dominula"	150	46	103	2	39.5	0.2	0.2	0	0.1	-0.3
"dominula"	150	47	137	1	53.2	0.1	0.1	0	0.1	-0.5
"dominula"	150	48	46	2	23.2	0.2	0.2	0	0.1	-0.1
"dominula"	150	49	91	3	35.7	0.1	0.1	0	0.1	-0.4
"dominula"	150	50	55	2	21.8	0.3	0.3	0	0.2	0.1
"dominula"	150	51	106	1	35.7	0.3	0.3	0	0.3	0.8
"dominula"	150	52	136	1	32.7	0.2	0.2	0	0.1	-0.1
"dominula"	150	53	118	1	38.2	0.3	0.3	0	0.2	0.4
"dominula"	150	54	69	2	21.6	0.3	0.3	0	0.1	-0.2
"dominula"	150	55	110	1	41.5	0.2	0.2	0	0.2	0.2
"dominula"	150	56	78	1	40.7	0.2	0.2	0	0.2	0.4
"dominula"	150	57	242	2	68.9	0.3	0.3	0	0	-0.4
"dominula"	150	58	87	1	31.2	0.2	0.2	0	0.2	0.6
"dominula"	150	59	134	1	36.4	0.3	0.3	0	0.1	-0.1
"dominula"	150	60	107	1	43.8	0.4	0.4	0	0.3	1
"dominula"	150	61	80	1	25.1	0.2	0.2	0	0.1	0.1
"dominula"	150	62	109	1	30.1	0.1	0.1	0	0.1	-0.1
"dominula"	150	63	90	1	34.7	0.2	0.2	0	0.1	0.1
"dominula"	150	64	87	2	21.6	0.3	0.3	0	0.2	1
"dominula"	150	65	157	2	52.3	0.3	0.3	0	0.1	-0.3
"dominula"	150	66	247	1	63.4	0.1	0.1	0	0.1	-0.4
"dominula"	150	67	104	4	39.6	0.2	0.2	0	0.2	0.1
"dominula"	150	68	85	1	24.5	0.3	0.3	0	0.2	0.4
"dominula"	150	69	114	1	40.1	0.1	0.1	0	0	-0.8
"dominula"	150	70	251	1	76.5	0.1	0.1	0	0.1	0.1
"dominula"	150	71	199	2	55.1	0.2	0.2	0	0.2	0.3
"dominula"	150	72	83	2	31.4	0.2	0.2	0	0.2	-0.1
"dominula"	150	73	93	1	24.9	0.1	0.1	0	0.1	-0.2
"dominula"	150	74	107	1	34.8	0.2	0.2	0	0.2	0.5
"dominula"	150	75	174	2	43.3	0.2	0.2	0	0.1	0
"dominula"	150	76	175	2	44.1	0.1	0.1	0	0.1	-0.1
"dominula"	150	77	64	2	21.2	0.2	0.2	0	0.1	-0.2
"dominula"	150	78	278	2	55	0.2	0.2	0	0.1	-0.4
"dominula"	150	79	86	3	28.4	0.2	0.2	0	0.2	-0.1
"dominula"	150	80	191	1	51.8	0.2	0.2	0	0.2	0.4
"dominula"	150	81	182	1	43.1	0.2	0.2	0	0.1	0.2
"dominula"	150	82	87	2	35.6	0.3	0.3	0.1	0.2	0.5
"dominula"	150	83	132	2	50.2	0.3	0.3	0	0.2	0.1
"dominula"	150	84	143	2	48.4	0.3	0.3	0	0.2	-0.2
"dominula"	150	85	98	1	44.1	0.1	0.1	0	0.1	-0.1
"dominula"	150	86	87	1	21.7	0.3	0.3	0	0.3	1
"dominula"	150	87	43	1	20.6	0.2	0.2	0	0.2	0.5
"dominula"	150	88	113	1	30.8	0.2	0.2	0	0.2	0.4
"dominula"	150	89	111	3	37.5	0.2	0.2	0	0.2	-0.2
"dominula"	150	90	53	2	17.3	0.1	0.1	0	0	-0.8
"dominula"	150	91	148	3	30.3	0.3	0.3	0	0.3	0.7
"dominula"	150	92	123	2	41.6	0.2	0.2	0	0.2	0.9
"dominula"	150	93	77	3	31.7	0.3	0.3	0	0.2	1
"dominula"	150	94	65	3	21	0.1	0.1	0	0.1	0.1
"dominula"	150	95	116	1	38	0.3	0.3	0	0.2	0.8
"dominula"	150	96	91	1	38.1	0.1	0.1	0	0.1	0.2
"dominula"	150	97	132	1	36.3	0.2	0.2	0	0.1	0.5
"dominula"	150	98	227	2	46.1	0.2	0.2	0	0.1	0.1
"dominula"	150	99	177	2	48.1	0.3	0.3	0	0.3	2.3
"dominula"	150	100	117	1	43.7	0.2	0.2	0	0.2	0.7
"dominula"	150	101	115	1	36.3	0.3	0.3	0	0.2	0
"dominula"	150	102	113	2	45.8	0.2	0.2	0	0.2	0.8
"dominula"	150	103	106	2	32.8	0.2	0.2	0	0.2	1
"dominula"	150	104	151	2	44.4	0.3	0.3	0	0.2	0
"dominula"	150	105	139	1	34.4	0.4	0.4	0	0.2	1.5
"dominula"	150	106	155	2	50.1	0.2	0.2	0	0.2	0.8
"dominula"	150	107	121	1	31.5	0.2	0.2	0	0.1	0.6
"dominula"	150	108	133	1	41.2	0.2	0.2	0	0.1	0.5
"dominula"	150	109	93	2	37.7	0.3	0.3	0	0.2	0.1
"dominula"	150	110	97	1	26.3	0.2	0.2	0	0.2	1
"dominula"	150	111	77	2	36.1	0.4	0.4	0	0.2	0.6
"dominula"	150	112	90	1	39.6	0.1	0.1	0	0.1	0
"dominula"	150	113	187	3	71.3	0.2	0.2	0	0	-0.6
"dominula"	150	114	79	2	30.8	0.1	0.1	0	0.1	0.3
"dominula"	150	115	107	2	47.8	0.3	0.3	0	0.2	1.1
"dominula"	150	116	128	1	59	0.4	0.4	0	0.3	1.6
"dominula"	150	117	119	3	50.2	0.1	0.1	0	0.1	-0.7
"dominula"	150	118	114	1	41.9	0.1	0.1	0	0.1	0.1
"dominula"	150	119	114	3	36.2	0.3	0.3	0	0.3	1.6
"dominula"	150	120	77	2	42.4	0.2	0.2	0	0.2	1.1
"dominula"	150	121	134	2	45.3	0.1	0.1	0	0.1	0.4
"dominula"	150	122	68	3	33	0.2	0.2	0.1	0.1	-0.3
"dominula"	150	123	132	1	34.7	0.2	0.2	0	0.1	-0.2
"dominula"	150	124	205	2	50.9	0.2	0.2	0	0.2	0.3
"dominula"	150	125	104	1	32.7	0.3	0.3	0	0.3	0.6
"dominula"	150	126	142	7	44	0.3	0.3	0	0.2	1.5
"dominula"	150	127	62	1	24.7	0.2	0.2	0	0.2	1.8
"dominula"	150	128	148	1	29.7	0.1	0.1	0	0.1	-0.7
"dominula"	150	129	173	2	50.9	0.3	0.3	0	0.2	0.7
"dominula"	150	130	141	1	60.3	0.3	0.3	0	0.3	1
"dominula"	150	131	96	1	38.9	0.4	0.4	0	0.3	2.2
"dominula"	150	132	133	1	47.9	0.4	0.4	0	0.3	1.3
"dominula"	150	133	141	4	49.3	0.3	0.3	0.1	0.1	-0.3
"dominula"	150	134	56	1	24.3	0.2	0.2	0	0.2	0.9
"dominula"	150	135	164	3	48.1	0.3	0.3	0	0.2	1.3
"dominula"	150	136	164	1	46.4	0.2	0.2	0	0.1	0.7
"dominula"	150	137	84	2	31.9	0.1	0.1	0	0	-0.8
"dominula"	150	138	101	1	41.3	0.1	0.1	0	0.1	0.5
"dominula"	150	139	129	3	35.1	0.2	0.2	0	0.2	0.2
"dominula"	150	140	102	3	28.7	0.2	0.2	0	0.1	0.2
"dominula"	150	141	91	2	26.5	0.2	0.2	0	0.1	-0.4
"dominula"	150	142	154	2	58.6	0.4	0.4	0	0.2	0.4
"dominula"	150	143	100	5	39.4	0.2	0.2	0	0.2	0.4
"dominula"	150	144	146	3	46.1	0.2	0.2	0	0	-0.6
"dominula"	150	145	48	1	22.4	0.2	0.2	0	0.2	0.9
"dominula"	150	146	65	2	29.2	0.3	0.3	0.1	0.1	0
"dominula"	150	147	78	2	29.5	0.3	0.3	0	0.3	1.1
"dominula"	150	148	252	4	51.8	0.2	0.2	0	0.2	-0.1
"dominula"	150	149	130	2	38.1	0.2	0.2	0.1	0.1	0.4
"dominula"	150	150	107	2	27.2	0.3	0.3	0	0.3	1.8
"dominula"	160	1	48	1	17.8	0.2	0.2	0	0	-0.6
"dominula"	160	2	75	1	29.9	0.2	0.2	0	0	-0.6
"dominula"	160	3	167	1	45.2	0.3	0.3	0	0	-0.4
"dominula"	160	4	75	1	29	0.3	0.3	0	0.1	-0.3
"dominula"	160	5	111	1	35.9	0.1	0.1	0	0.1	-0.7
"dominula"	160	6	159	1	44.2	0.2	0.2	0	0.1	-0.5
"dominula"	160	7	120	1	41.8	0.3	0.3	0	0	-0.4
"dominula"	160	8	66	1	17.3	0.2	0.2	0	0	-0.6
"dominula"	160	9	50	1	24	0.2	0.2	0	0.1	-0.5
"dominula"	160	10	86	1	24.9	0.1	0.1	0	0.1	-0.6
"dominula"	160	11	179	1	51.1	0.4	0.4	0	0.2	0.2
"dominula"	160	12	101	2	39.8	0.3	0.3	0	0.1	-0.3
"dominula"	160	13	83	1	46.4	0.3	0.3	0	0.1	-0.3
"dominula"	160	14	125	1	46	0.4	0.4	0	0.1	0
"dominula"	160	15	104	1	29.7	0.2	0.2	0	0.1	-0.2
"dominula"	160	16	88	1	38.9	0.3	0.3	0	0.1	0.1
"dominula"	160	17	136	1	45.5	0.3	0.3	0	0.3	0.1
"dominula"	160	18	103	2	32.7	0.2	0.2	0	0	-0.6
"dominula"	160	19	61	1	23.9	0.3	0.3	0	0.2	0.1
"dominula"	160	20	278	1	50.6	0.2	0.2	0	0.1	-0.4
"dominula"	160	21	96	2	25.2	0.3	0.3	0	0.1	-0.2
"dominula"	160	22	116	2	49.3	0.2	0.2	0	0	-0.6
"dominula"	160	23	56	1	26.1	0.2	0.2	0	0.2	-0.1
"dominula"	160	24	185	1	44.6	0.3	0.3	0	0.1	0
"dominula"	160	25	74	1	27.4	0.3	0.3	0	0.2	0.4
"dominula"	160	26	257	1	69.8	0.2	0.2	0	0.1	-0.4
"dominula"	160	27	157	2	50.2	0.3	0.3	0	0.1	-0.3
"dominula"	160	28	97	2	28.3	0.1	0.1	0	0	-0.1
"dominula"	160	29	180	1	76.4	0.3	0.3	0	0.2	0.3
"dominula"	160	30	61	1	22.2	0.3	0.3	0	0.3	0
"dominula"	160	31	59	1	18.9	0.2	0.2	0	0.2	0.2
"dominula"	160	32	156	1	52.5	0.4	0.4	0	0.2	0.4
"dominula"	160	33	114	1	26.1	0.3	0.3	0	0.2	-0.2
"dominula"	160	34	189	2	51.6	0.1	0.1	0	0	-0.8
"dominula"	160	35	92	1	34.3	0.2	0.2	0	0.2	-0.2
"dominula"	160	36	74	1	25.4	0.2	0.2	0	0.2	-0.1
"dominula"	160	37	148	1	49.9	0.1	0.1	0	0.1	-0.1
"dominula"	160	38	183	2	36	0.1	0.1	0	0.1	-0.6
"dominula"	160	39	170	2	39.1	0.1	0.1	0	0	-0.8
"dominula"	160	40	74	2	36.3	0.2	0.2	0	0.2	-0.1
"dominula"	160	41	311	1	85.4	0.2	0.2	0	0.2	-0.1
"dominula"	160	42	108	3	41.2	0.1	0.1	0	0	-0.8
"dominula"	160	43	126	1	29	0.1	0.1	0	0.1	-0.1
"dominula"	160	44	154	2	60.1	0.3	0.3	0	0.2	0.1
"dominula"	160	45	148	1	73.3	0.2	0.2	0	0.2	0
"dominula"	160	46	115	1	32	0.1	0.1	0	0.1	0
"dominula"	160	47	74	2	26.9	0.3	0.3	0	0.1	-0.1
"dominula"	160	48	109	1	28	0.1	0.1	0	0.1	-0.2
"dominula"	160	49	116	1	38.5	0.2	0.2	0	0.2	0
"dominula"	160	50	137	3	52	0	0	0	0	-0.8
"dominula"	160	51	175	1	49.7	0.2	0.2	0	0.2	0.3
"dominula"	160	52	60	3	24.3	0.2	0.2	0	0	-0.6
"dominula"	160	53	152	1	32.5	0.3	0.3	0	0.3	1
"dominula"	160	54	152	2	48.5	0.3	0.3	0	0.2	0.1
"dominula"	160	55	154	1	46.9	0.3	0.3	0	0.3	0.8
"dominula"	160	56	62	2	27.2	0.3	0.3	0	0.2	-0.2
"dominula"	160	57	123	1	33.1	0.1	0.1	0	0.1	-0.1
"dominula"	160	58	200	2	45.1	0.2	0.2	0	0	-0.6
"dominula"	160	59	285	1	68.9	0.1	0.1	0	0.1	0
"dominula"	160	60	115	2	32.5	0.2	0.2	0	0	-0.6
"dominula"	160	61	132	2	49.1	0.3	0.3	0	0.3	0.2
"dominula"	160	62	121	1	52.9	0.1	0.1	0	0.1	-0.2
"dominula"	160	63	167	2	47.1	0.3	0.3	0.1	0.2	0.4
"dominula"	160	64	81	3	31.5	0.2	0.2	0	0.2	0.2
"dominula"	160	65	189	2	49.2	0.3	0.3	0	0.2	0.7
"dominula"	160	66	122	2	29.6	0.3	0.3	0	0.2	-0.2
"dominula"	160	67	131	2	35.9	0.2	0.2	0	0.1	-0.3
"dominula"	160	68	90	3	31.6	0.1	0.1	0	0.1	-0.4
"dominula"	160	69	141	2	27.9	0.2	0.2	0	0.2	-0.3
"dominula"	160	70	126	3	32.3	0.2	0.2	0	0.2	0.5
"dominula"	160	71	266	1	77.7	0.1	0.1	0	0.1	-0.5
"dominula"	160	72	94	1	21.5	0.3	0.3	0	0.3	1.1
"dominula"	160	73	86	2	29.8	0.3	0.3	0	0.1	-0.3
"dominula"	160	74	74	1	21.7	0.1	0.1	0.1	0	-0.8
"dominula"	160	75	159	3	45.9	0.2	0.2	0	0.1	-0.5
"dominula"	160	76	154	2	45.3	0.1	0.1	0	0.1	-0.6
"dominula"	160	77	241	2	60.9	0.2	0.2	0	0.2	-0.3
"dominula"	160	78	101	1	40.6	0.2	0.2	0	0.1	-0.5
"dominula"	160	79	95	3	28.8	0.2	0.2	0	0.1	-0.3
"dominula"	160	80	86	3	25.2	0.2	0.2	0	0.1	-0.5
"dominula"	160	81	60	3	27.3	0.2	0.2	0	0	-0.6
"dominula"	160	82	137	2	37.7	0.1	0.1	0	0.1	-0.6
"dominula"	160	83	73	1	23.5	0.3	0.3	0	0.2	0.8
"dominula"	160	84	136	1	40.9	0.3	0.3	0	0.3	0.6
"dominula"	160	85	158	1	36.3	0.2	0.2	0	0.2	0.3
"dominula"	160	86	152	2	41.8	0.3	0.3	0	0.3	0.8
"dominula"	160	87	101	1	44.5	0.2	0.2	0	0.2	0.5
"dominula"	160	88	141	1	43.9	0.2	0.2	0	0.1	0.4
"dominula"	160	89	120	1	39.5	0.2	0.2	0	0.2	0.5
"dominula"	160	90	103	2	36.9	0.3	0.3	0.1	0.1	-0.2
"dominula"	160	91	132	2	48.4	0.2	0.2	0	0.1	-0.4
"dominula"	160	92	71	5	26.3	0.2	0.2	0	0.1	-0.5
"dominula"	160	93	135	2	33.2	0.3	0.3	0	0.3	0.6
"dominula"	160	94	159	5	47.5	0.2	0.2	0	0	-0.6
"dominula"	160	95	137	1	30.1	0.1	0.1	0	0.1	0.3
"dominula"	160	96	179	3	62.7	0.3	0.3	0	0.3	0.8
"dominula"	160	97	137	2	38.2	0.3	0.3	0	0.3	0.1
"dominula"	160	98	120	1	31.1	0.2	0.2	0	0.2	0.5
"dominula"	160	99	122	1	22.5	0.1	0.1	0	0.1	0.1
"dominula"	160	100	105	4	41.2	0.2	0.2	0	0.1	-0.3
"dominula"	160	101	79	2	29.2	0.2	0.2	0	0.1	-0.5
"dominula"	160	102	109	2	43.3	0.2	0.2	0	0.1	0.4
"dominula"	160	103	176	6	61.3	0.3	0.3	0	0.3	0.4
"dominula"	160	104	102	2	40.8	0.4	0.4	0	0.2	0.5
"dominula"	160	105	108	1	28.9	0.1	0.1	0	0.1	-0.1
"dominula"	160	106	117	2	35.3	0.1	0.1	0	0.1	-0.4
"dominula"	160	107	108	2	32	0.3	0.3	0	0.3	1.2
"dominula"	160	108	259	2	53.1	0.3	0.3	0	0.2	0.3
"dominula"	160	109	101	1	30	0.1	0.1	0	0.1	-0.1
"dominula"	160	110	81	1	23	0.3	0.3	0	0.3	1.4
"dominula"	160	111	132	1	44.7	0.3	0.3	0	0.3	0.6
"dominula"	160	112	60	2	21.6	0.2	0.2	0	0.2	0.4
"dominula"	160	113	164	3	49.2	0.3	0.3	0	0.3	0.6
"dominula"	160	114	333	1	62.4	0.3	0.3	0	0.3	0.4
"dominula"	160	115	274	3	55.1	0.2	0.2	0	0.1	0.5
"dominula"	160	116	117	3	32.4	0.2	0.2	0	0.2	0.9
"dominula"	160	117	100	3	27.8	0.4	0.4	0	0.3	0.8
"dominula"	160	118	114	1	28.4	0.2	0.2	0	0.2	1
"dominula"	160	119	120	2	43.2	0.3	0.3	0	0.3	0.9
"dominula"	160	120	166	1	60.3	0.3	0.3	0	0.2	0.8
"dominula"	160	121	98	3	46.3	0.3	0.3	0	0.3	0.6
"dominula"	160	122	146	2	44.3	0.2	0.2	0	0.2	0.3
"dominula"	160	123	267	2	47.3	0.2	0.2	0	0.2	0.2
"dominula"	160	124	90	5	36.4	0.3	0.3	0	0.2	0
"dominula"	160	125	157	2	32.8	0.1	0.1	0	0.1	-0.6
"dominula"	160	126	104	2	38.6	0.1	0.1	0	0.1	-0.6
"dominula"	160	127	54	1	19.4	0.2	0.2	0	0.2	1
"dominula"	160	128	166	1	51.5	0.3	0.3	0	0.3	0.6
"dominula"	160	129	81	1	15.5	0.2	0.2	0.1	0.1	0.5
"dominula"	160	130	69	1	20.5	0.1	0.1	0	0.1	0
"dominula"	160	131	156	4	42.8	0.2	0.2	0	0.2	0.3
"dominula"	160	132	79	2	32.4	0.2	0.2	0	0.2	0.5
"dominula"	160	133	125	3	57.5	0.3	0.3	0	0.2	0.2
"dominula"	160	134	59	1	20.6	0.3	0.3	0	0.2	1.1
"dominula"	160	135	58	1	15.5	0.1	0.1	0	0.1	0.1
"dominula"	160	136	80	2	38.2	0.2	0.2	0	0.1	1.2
"dominula"	160	137	119	4	38	0.3	0.3	0	0.2	0.3
"dominula"	160	138	96	1	38.8	0.3	0.3	0	0.3	0.6
"dominula"	160	139	59	2	20.9	0.1	0.1	0	0.1	0.6
"dominula"	160	140	251	2	59.2	0.2	0.2	0	0.2	-0.1
"dominula"	160	141	57	3	18.9	0.2	0.2	0	0.2	1.1
"dominula"	160	142	124	3	36.5	0.4	0.4	0	0.2	0.9
"dominula"	160	143	67	2	31.7	0.1	0.1	0	0.1	-0.6
"dominula"	160	144	49	2	20.7	0.2	0.2	0	0.2	1.3
"dominula"	160	145	85	1	27.3	0.4	0.4	0	0.4	2.3
"dominula"	160	146	126	1	44.1	0.2	0.2	0	0.1	-0.1
"dominula"	160	147	57	1	25.5	0.3	0.3	0	0.2	1
"dominula"	160	148	107	2	41.3	0.3	0.3	0	0.2	0.3
"dominula"	160	149	175	3	36.8	0.4	0.4	0	0.4	2
"dominula"	160	150	92	2	33.7	0.2	0.2	0	0.1	0
"dominula"	160	151	209	1	44.1	0	0	0	0	0.2
"dominula"	160	152	157	3	63.4	0.3	0.3	0	0.2	0.2
"dominula"	160	153	149	1	33.8	0.2	0.2	0	0.2	0.2
"dominula"	160	154	27	1	9.5	0.1	0.1	0	0.1	-0.5
"dominula"	160	155	130	1	51.8	0.2	0.2	0	0.2	0.6
"dominula"	160	156	61	2	29.1	0.3	0.3	0	0.2	0.8
"dominula"	160	157	54	2	16.6	0.3	0.3	0	0.3	1.5
"dominula"	160	158	114	3	49.6	0.3	0.3	0	0.2	0.3
"dominula"	160	159	139	1	62	0.2	0.2	0	0.1	0.5
"dominula"	160	160	108	1	33.4	0.1	0.1	0	0.1	0.4
"dominula"	170	1	70	1	26.6	0.2	0.2	0	0	-0.6
"dominula"	170	2	144	1	49.6	0.2	0.2	0	0	-0.6
"dominula"	170	3	88	1	35.8	0.2	0.2	0	0	-0.6
"dominula"	170	4	188	2	51.4	0.1	0.1	0	0	-0.8
"dominula"	170	5	114	1	45.3	0.4	0.4	0	0	-0.2
"dominula"	170	6	76	1	20.1	0.1	0.1	0	0.1	-0.7
"dominula"	170	7	62	2	28.8	0.3	0.3	0	0	-0.4
"dominula"	170	8	85	1	33.6	0.4	0.4	0	0	-0.2
"dominula"	170	9	238	1	46.1	0.2	0.2	0	0.1	-0.5
"dominula"	170	10	43	1	21.1	0.2	0.2	0	0.1	-0.5
"dominula"	170	11	118	1	34.5	0.3	0.3	0	0.1	-0.3
"dominula"	170	12	89	1	27.1	0.1	0.1	0	0	-0.8
"dominula"	170	13	187	1	39.1	0.3	0.3	0	0	-0.4
"dominula"	170	14	180	1	52	0.2	0.2	0	0.1	-0.4
"dominula"	170	15	119	2	57.7	0.2	0.2	0	0.2	-0.4
"dominula"	170	16	94	2	34.2	0.1	0.1	0	0.1	-0.6
"dominula"	170	17	65	1	23.4	0.1	0.1	0	0	-0.8
"dominula"	170	18	162	1	46.6	0.3	0.3	0	0.1	-0.2
"dominula"	170	19	110	2	38.6	0.3	0.3	0	0.1	-0.3
"dominula"	170	20	241	1	65.2	0.3	0.3	0	0	0
"dominula"	170	21	276	2	61.7	0.1	0.1	0	0	-0.8
"dominula"	170	22	127	1	34.1	0.2	0.2	0	0.2	-0.4
"dominula"	170	23	104	3	41	0.3	0.3	0	0	-0.4
"dominula"	170	24	149	1	69.4	0.4	0.4	0.2	0.1	0
"dominula"	170	25	64	1	26.3	0.4	0.4	0	0.4	0.4
"dominula"	170	26	60	2	25.4	0.1	0.1	0	0	-0.8
"dominula"	170	27	73	1	28.1	0.2	0.2	0	0.2	-0.3
"dominula"	170	28	108	2	43.7	0.4	0.4	0	0.4	0.4
"dominula"	170	29	98	3	35.3	0.2	0.2	0	0.1	-0.2
"dominula"	170	30	36	1	20.1	0.2	0.2	0	0.1	-0.5
"dominula"	170	31	73	1	27	0.1	0.1	0	0.1	-0.3
"dominula"	170	32	70	1	27.7	0.2	0.2	0	0.2	-0.1
"dominula"	170	33	124	1	48	0.3	0.3	0	0.2	0.4
"dominula"	170	34	60	1	27.3	0.1	0.1	0	0	-0.2
"dominula"	170	35	176	1	58.5	0.2	0.2	0	0.1	0.1
"dominula"	170	36	102	2	44.9	0.1	0.1	0	0.1	-0.3
"dominula"	170	37	49	3	21.6	0.2	0.2	0	0.1	-0.4
"dominula"	170	38	81	1	35.5	0.1	0.1	0.1	0	-0.8
"dominula"	170	39	185	4	50.9	0.1	0.1	0	0	-0.8
"dominula"	170	40	67	2	28.6	0.2	0.2	0	0	-0.6
"dominula"	170	41	149	1	49.9	0.4	0.4	0	0.3	0.4
"dominula"	170	42	97	1	33.1	0.2	0.2	0	0.1	-0.3
"dominula"	170	43	113	1	27.4	0.3	0.3	0	0.1	-0.2
"dominula"	170	44	71	4	33.8	0.2	0.2	0	0	-0.4
"dominula"	170	45	118	1	31.7	0.1	0.1	0	0.1	-0.5
"dominula"	170	46	136	1	58.5	0.2	0.2	0	0.2	-0.2
"dominula"	170	47	63	1	25.8	0.1	0.1	0	0.1	-0.4
"dominula"	170	48	147	2	43.2	0.2	0.2	0.1	0.1	-0.5
"dominula"	170	49	129	3	40	0.2	0.2	0	0.1	-0.5
"dominula"	170	50	162	2	34.7	0.3	0.3	0.1	0.2	-0.1
"dominula"	170	51	81	1	22.6	0.3	0.3	0.1	0.2	-0.1
"dominula"	170	52	179	1	56.8	0.2	0.2	0	0.2	-0.1
"dominula"	170	53	163	1	37.4	0.1	0.1	0	0.1	-0.4
"dominula"	170	54	133	1	48.7	0.3	0.3	0	0.3	0.4
"dominula"	170	55	125	1	45.5	0.2	0.2	0	0.2	0
"dominula"	170	56	125	1	39.8	0.3	0.3	0	0.2	0.5
"dominula"	170	57	61	1	27.2	0.3	0.3	0	0.2	0.1
"dominula"	170	58	145	1	43.1	0.1	0.1	0	0.1	-0.7
"dominula"	170	59	109	2	26.5	0.2	0.2	0	0.1	-0.4
"dominula"	170	60	105	1	33.6	0.3	0.3	0	0.1	0.1
"dominula"	170	61	56	1	25.5	0.1	0.1	0	0.1	-0.2
"dominula"	170	62	67	1	27.5	0.3	0.3	0	0.3	0.6
"dominula"	170	63	133	1	48.6	0.2	0.2	0	0.2	0.4
"dominula"	170	64	78	1	23.4	0.2	0.2	0	0.2	0.3
"dominula"	170	65	131	2	35.5	0.2	0.2	0	0.1	-0.1
"dominula"	170	66	146	2	44.6	0.2	0.2	0	0.2	0.2
"dominula"	170	67	243	1	68	0.1	0.1	0	0.1	-0.1
"dominula"	170	68	74	1	29.5	0.4	0.4	0	0.3	1.1
"dominula"	170	69	56	1	19.7	0.2	0.2	0	0.1	-0.5
"dominula"	170	70	165	1	37.6	0.3	0.3	0	0.3	0.5
"dominula"	170	71	49	1	13.9	0.1	0.1	0	0.1	-0.2
"dominula"	170	72	125	1	28.1	0.3	0.3	0	0.2	0.4
"dominula"	170	73	87	2	34.4	0.2	0.2	0	0.2	-0.2
"dominula"	170	74	90	3	37.8	0.3	0.3	0	0.3	0.3
"dominula"	170	75	182	1	49.6	0.4	0.4	0	0.2	0.6
"dominula"	170	76	279	2	60.1	0.4	0.4	0	0.3	0.9
"dominula"	170	77	76	1	30.7	0.1	0.1	0	0.1	0
"dominula"	170	78	65	4	29.7	0.2	0.2	0	0.2	-0.3
"dominula"	170	79	165	1	38.9	0.3	0.3	0	0.2	0
"dominula"	170	80	147	1	53.2	0.2	0.2	0	0.1	0.6
"dominula"	170	81	178	1	49.1	0.2	0.2	0	0.2	0.6
"dominula"	170	82	94	1	27.4	0.2	0.2	0	0	-0.6
"dominula"	170	83	65	1	20.4	0.1	0.1	0	0.1	-0.5
"dominula"	170	84	220	2	56	0.2	0.2	0	0.1	-0.4
"dominula"	170	85	243	1	57.9	0.2	0.2	0	0.1	-0.2
"dominula"	170	86	85	2	29.9	0.3	0.3	0	0.1	-0.1
"dominula"	170	87	66	2	22.3	0.2	0.2	0	0.2	-0.4
"dominula"	170	88	151	1	42.2	0.2	0.2	0	0.2	0
"dominula"	170	89	45	1	22.3	0.3	0.3	0	0.3	0.8
"dominula"	170	90	131	5	40.1	0.2	0.2	0	0.1	-0.3
"dominula"	170	91	120	1	38.4	0.3	0.3	0	0.3	0.8
"dominula"	170	92	88	2	33.7	0.3	0.3	0	0.3	0.7
"dominula"	170	93	100	2	36.4	0.3	0.3	0	0.3	0.6
"dominula"	170	94	65	1	30.5	0.3	0.3	0	0.2	0.4
"dominula"	170	95	64	1	23.2	0.1	0.1	0	0	-0.8
"dominula"	170	96	74	1	18.7	0.3	0.3	0	0.2	0.8
"dominula"	170	97	107	2	36.5	0.2	0.2	0	0.2	-0.2
"dominula"	170	98	122	2	44.9	0.3	0.3	0	0.3	1.2
"dominula"	170	99	188	4	49.6	0.2	0.2	0	0.1	-0.2
"dominula"	170	100	73	4	24.4	0.3	0.3	0	0.3	1
"dominula"	170	101	145	3	50.3	0.2	0.2	0	0.2	0.6
"dominula"	170	102	153	1	53.5	0.3	0.3	0	0.2	0.9
"dominula"	170	103	166	2	37.5	0.2	0.2	0	0.2	-0.1
"dominula"	170	104	152	2	45.8	0.2	0.2	0	0.1	-0.5
"dominula"	170	105	87	2	37.5	0.3	0.3	0	0.3	0.6
"dominula"	170	106	94	2	30.7	0.2	0.2	0	0.2	-0.4
"dominula"	170	107	69	1	25.1	0.1	0.1	0	0.1	-0.3
"dominula"	170	108	35	3	17.9	0.3	0.3	0	0.3	0.4
"dominula"	170	109	156	2	43	0.2	0.2	0	0.2	0.1
"dominula"	170	110	190	1	66.7	0.1	0.1	0	0.1	0
"dominula"	170	111	164	2	50.3	0.1	0.1	0	0.1	1.1
"dominula"	170	112	96	3	39.2	0.2	0.2	0	0.2	0.4
"dominula"	170	113	160	1	54.1	0.3	0.3	0	0.2	0.6
"dominula"	170	114	95	1	39.2	0.1	0.1	0	0.1	-0.5
"dominula"	170	115	148	3	45.5	0.2	0.2	0	0.1	0.2
"dominula"	170	116	152	3	35.3	0.1	0.1	0	0.1	-0.4
"dominula"	170	117	110	2	41.4	0.2	0.2	0	0.2	0.8
"dominula"	170	118	113	1	47.3	0.1	0.1	0	0	-0.8
"dominula"	170	119	114	1	35.2	0.1	0.1	0	0.1	-0.2
"dominula"	170	120	82	2	31.8	0.4	0.4	0	0.2	0.1
"dominula"	170	121	120	1	37.4	0.2	0.2	0	0.1	0.5
"dominula"	170	122	94	1	35	0.3	0.3	0	0.2	0.7
"dominula"	170	123	162	2	46.7	0.2	0.2	0	0.1	0.4
"dominula"	170	124	127	3	57.1	0.4	0.4	0	0.3	0.8
"dominula"	170	125	105	3	35.8	0.2	0.2	0	0.2	0.4
"dominula"	170	126	80	1	37.9	0.3	0.3	0	0.3	1.7
"dominula"	170	127	104	2	25.9	0.1	0.1	0	0.1	0.4
"dominula"	170	128	164	1	42.4	0.3	0.3	0	0.2	0.7
"dominula"	170	129	173	3	52.8	0.1	0.1	0	0.1	-0.1
"dominula"	170	130	103	3	30.7	0.2	0.2	0	0.1	-0.5
"dominula"	170	131	139	3	41.6	0.2	0.2	0	0.1	-0.3
"dominula"	170	132	105	1	38.6	0.2	0.2	0	0.2	-0.1
"dominula"	170	133	185	3	64.6	0.3	0.3	0	0.1	1.1
"dominula"	170	134	165	1	39.7	0.2	0.2	0	0.2	0.6
"dominula"	170	135	132	2	39	0.2	0.2	0	0.2	0.3
"dominula"	170	136	145	3	50.8	0.1	0.1	0	0.1	-0.7
"dominula"	170	137	90	1	35.9	0.2	0.2	0	0.2	0.2
"dominula"	170	138	121	3	43.8	0.3	0.3	0	0.2	0.7
"dominula"	170	139	182	2	38.7	0.2	0.2	0	0.1	-0.1
"dominula"	170	140	109	3	26	0.2	0.2	0	0.2	0.9
"dominula"	170	141	190	3	61.5	0.2	0.2	0	0.1	-0.3
"dominula"	170	142	77	4	35.3	0.3	0.3	0	0.1	0.4
"dominula"	170	143	210	1	73.6	0.2	0.2	0	0.2	1.3
"dominula"	170	144	27	1	9.5	0.1	0.1	0	0.1	-0.7
"dominula"	170	145	96	1	31.5	0.1	0.1	0	0.1	0.5
"dominula"	170	146	348	2	53.9	0.2	0.2	0	0.2	0.2
"dominula"	170	147	81	1	29.9	0.1	0.1	0	0.1	0.1
"dominula"	170	148	107	3	31.3	0.1	0.1	0	0.1	-0.2
"dominula"	170	149	56	1	20.4	0.2	0.2	0	0.2	0.5
"dominula"	170	150	88	2	35.1	0.1	0.1	0	0.1	-0.5
"dominula"	170	151	169	5	41.9	0.3	0.3	0	0.1	0.5
"dominula"	170	152	94	1	28.1	0.2	0.2	0	0.2	1.4
"dominula"	170	153	107	3	53.5	0.2	0.2	0	0.2	0.6
"dominula"	170	154	158	1	54.7	0.3	0.3	0	0.2	1.3
"dominula"	170	155	159	1	40.3	0.2	0.2	0	0.2	0.9
"dominula"	170	156	122	7	31.3	0.3	0.3	0	0.2	0.1
"dominula"	170	157	107	2	37.6	0.2	0.2	0	0.2	-0.2
"dominula"	170	158	146	4	44.6	0.3	0.3	0	0.3	0.4
"dominula"	170	159	104	2	33.6	0.2	0.2	0	0.1	1.4
"dominula"	170	160	104	2	26.2	0.1	0.1	0	0.1	0.5
"dominula"	170	161	135	1	36.5	0.4	0.4	0	0.3	0.5
"dominula"	170	162	142	2	55.1	0.2	0.2	0	0.2	0.3
"dominula"	170	163	140	1	45.9	0.2	0.2	0	0.2	1.3
"dominula"	170	164	272	1	74.3	0.2	0.2	0	0.2	0.6
"dominula"	170	165	77	1	32.3	0.2	0.2	0	0.2	0.9
"dominula"	170	166	56	7	17.3	0.3	0.3	0	0.2	0.5
"dominula"	170	167	100	6	33.4	0.4	0.4	0.1	0.2	0.4
"dominula"	170	168	96	1	37.5	0.2	0.2	0	0.2	1
"dominula"	170	169	163	1	30.1	0.1	0.1	0	0.1	-0.6
"dominula"	170	170	201	3	49	0.3	0.3	0	0.3	1.5
"dominula"	180	1	79	1	33.1	0.1	0.1	0	0	-0.8
"dominula"	180	2	345	2	69.8	0.1	0.1	0	0	-0.8
"dominula"	180	3	194	1	43.7	0.1	0.1	0	0	-0.8
"dominula"	180	4	60	1	35.5	0.1	0.1	0	0	-0.8
"dominula"	180	5	125	1	40.7	0.2	0.2	0	0.1	-0.5
"dominula"	180	6	89	1	30.8	0.1	0.1	0	0	-0.8
"dominula"	180	7	88	1	24.4	0.2	0.2	0	0	-0.6
"dominula"	180	8	65	2	29	0.1	0.1	0	0.1	-0.7
"dominula"	180	9	72	1	19.2	0.4	0.4	0.1	0	-0.2
"dominula"	180	10	198	1	25.9	0.3	0.3	0	0	-0.4
"dominula"	180	11	191	1	50.9	0.2	0.2	0	0.1	-0.4
"dominula"	180	12	206	2	39.5	0.1	0.1	0	0	-0.8
"dominula"	180	13	113	2	41.6	0.2	0.2	0	0	-0.6
"dominula"	180	14	36	1	15.5	0.2	0.2	0	0.1	-0.5
"dominula"	180	15	90	1	35.7	0.2	0.2	0	0.1	-0.5
"dominula"	180	16	53	1	22.4	0.1	0.1	0	0.1	-0.5
"dominula"	180	17	180	1	70.6	0.2	0.2	0	0.1	-0.2
"dominula"	180	18	147	1	55	0.3	0.3	0	0	-0.4
"dominula"	180	19	93	3	45	0.2	0.2	0	0.1	-0.5
"dominula"	180	20	240	1	56.1	0.2	0.2	0	0.2	-0.3
"dominula"	180	21	79	2	42.9	0.4	0.4	0	0.1	-0.1
"dominula"	180	22	156	1	49.5	0.3	0.3	0	0.2	0.2
"dominula"	180	23	144	1	31	0.2	0.2	0	0	-0.6
"dominula"	180	24	223	3	67.9	0.3	0.3	0	0.2	0
"dominula"	180	25	111	3	35.2	0.2	0.2	0	0.2	-0.4
"dominula"	180	26	133	1	41.4	0.3	0.3	0	0.1	-0.2
"dominula"	180	27	177	3	48.7	0.2	0.2	0	0.1	-0.2
"dominula"	180	28	180	3	50.2	0.3	0.3	0	0.1	-0.2
"dominula"	180	29	78	1	34.2	0.3	0.3	0	0.1	-0.2
"dominula"	180	30	44	2	17.6	0.1	0.1	0.1	0	-0.8
"dominula"	180	31	126	2	36	0.2	0.2	0	0	-0.6
"dominula"	180	32	225	1	57.8	0.1	0.1	0	0.1	-0.5
"dominula"	180	33	113	1	38.1	0.3	0.3	0	0.1	-0.1
"dominula"	180	34	133	2	48	0.3	0.3	0	0.2	0.3
"dominula"	180	35	88	1	31.3	0.3	0.3	0	0.2	0.5
"dominula"	180	36	125	1	40.9	0.3	0.3	0	0.3	0.8
"dominula"	180	37	126	1	31.1	0.2	0.2	0	0.2	0
"dominula"	180	38	88	1	33.2	0.2	0.2	0	0.1	-0.2
"dominula"	180	39	76	1	23.3	0.1	0.1	0	0.1	0.1
"dominula"	180	40	117	1	48.3	0.2	0.2	0	0.2	-0.1
"dominula"	180	41	230	1	48.3	0.2	0.2	0	0.2	0.2
"dominula"	180	42	164	5	45.6	0.3	0.3	0	0.2	0.6
"dominula"	180	43	229	2	69.4	0.2	0.2	0	0.2	-0.2
"dominula"	180	44	114	1	39.8	0.2	0.2	0	0	-0.6
"dominula"	180	45	148	2	44.4	0.1	0.1	0	0	-0.8
"dominula"	180	46	87	3	35.3	0.1	0.1	0	0.1	-0.7
"dominula"	180	47	75	3	35.8	0.2	0.2	0	0	-0.6
"dominula"	180	48	176	1	31.5	0.2	0.2	0	0.2	-0.2
"dominula"	180	49	129	1	39.2	0.1	0.1	0	0.1	-0.5
"dominula"	180	50	89	1	30.6	0.2	0.2	0	0.1	-0.5
"dominula"	180	51	121	2	47.4	0.1	0.1	0	0.1	-0.6
"dominula"	180	52	145	1	36.8	0.2	0.2	0	0.2	0
"dominula"	180	53	78	2	33	0.1	0.1	0	0.1	-0.5
"dominula"	180	54	202	1	33.1	0.2	0.2	0	0.2	0.1
"dominula"	180	55	59	2	17.1	0.2	0.2	0	0.1	-0.2
"dominula"	180	56	86	1	40.8	0.3	0.3	0	0.2	0.3
"dominula"	180	57	156	3	42.1	0.1	0.1	0	0.1	-0.6
"dominula"	180	58	190	3	41	0.2	0.2	0	0.1	-0.4
"dominula"	180	59	193	1	41	0.3	0.3	0	0.3	0.1
"dominula"	180	60	99	1	40	0.1	0.1	0	0.1	0
"dominula"	180	61	66	1	21	0.1	0.1	0	0.1	0
"dominula"	180	62	67	1	25	0.3	0.3	0	0.3	0.9
"dominula"	180	63	81	2	24.5	0.4	0.4	0	0.2	0.8
"dominula"	180	64	78	2	36.4	0.4	0.4	0	0.1	0.1
"dominula"	180	65	117	1	26.1	0.3	0.3	0	0.2	0.1
"dominula"	180	66	116	1	26.2	0.2	0.2	0	0.2	0.5
"dominula"	180	67	201	1	65.2	0.3	0.3	0	0.2	0.4
"dominula"	180	68	98	1	32	0.1	0.1	0	0.1	0
"dominula"	180	69	189	3	42	0.3	0.3	0	0.2	0
"dominula"	180	70	61	2	32.8	0.2	0.2	0	0.2	-0.4
"dominula"	180	71	130	1	39.7	0.2	0.2	0	0.2	0.7
"dominula"	180	72	112	1	32.7	0.2	0.2	0	0.1	0.4
"dominula"	180	73	119	3	35.2	0.3	0.3	0	0.1	-0.2
"dominula"	180	74	168	2	39.6	0.2	0.2	0	0.2	0.2
"dominula"	180	75	172	1	34.3	0.2	0.2	0	0.2	0.3
"dominula"	180	76	202	1	45.6	0.2	0.2	0	0.2	1
"dominula"	180	77	173	2	34.9	0.2	0.2	0	0.1	0
"dominula"	180	78	71	3	37.3	0.2	0.2	0	0	-0.6
"dominula"	180	79	97	2	23.5	0.2	0.2	0	0.2	0
"dominula"	180	80	126	1	49.8	0.3	0.3	0	0.3	1.1
"dominula"	180	81	92	1	26.1	0.3	0.3	0	0.3	0.7
"dominula"	180	82	126	2	31.5	0.2	0.2	0	0.2	0
"dominula"	180	83	83	1	37.4	0.2	0.2	0	0.2	0.4
"dominula"	180	84	110	3	32.4	0.3	0.3	0	0.3	1.4
"dominula"	180	85	122	1	31.5	0.2	0.2	0	0.2	0.1
"dominula"	180	86	74	1	18	0.3	0.3	0	0.2	0.9
"dominula"	180	87	255	1	50.4	0.2	0.2	0	0.2	0.7
"dominula"	180	88	113	1	25.6	0.2	0.2	0	0.2	0.3
"dominula"	180	89	271	1	63.5	0	0	0	0	-0.3
"dominula"	180	90	269	1	75.9	0.2	0.2	0	0.2	0.7
"dominula"	180	91	93	1	33.5	0.2	0.2	0	0.1	0.6
"dominula"	180	92	86	3	26.9	0.2	0.2	0	0.2	0.6
"dominula"	180	93	90	2	34.7	0.2	0.2	0	0.1	0.1
"dominula"	180	94	183	1	45.4	0.1	0.1	0	0	-0.8
"dominula"	180	95	102	2	26.5	0.3	0.3	0	0.3	1.2
"dominula"	180	96	101	3	44.7	0.2	0.2	0	0.2	-0.4
"dominula"	180	97	78	3	29.7	0.1	0.1	0	0.1	-0.7
"dominula"	180	98	84	2	26.3	0.2	0.2	0	0.1	0.3
"dominula"	180	99	212	1	49.5	0.3	0.3	0	0.2	0.9
"dominula"	180	100	145	3	39.3	0.2	0.2	0	0.2	1.3
"dominula"	180	101	241	1	61.9	0.2	0.2	0	0.1	0.7
"dominula"	180	102	222	3	44.1	0.3	0.3	0	0.2	0.5
"dominula"	180	103	103	3	47.9	0.2	0.2	0	0.2	-0.3
"dominula"	180	104	173	1	55.4	0.1	0.1	0	0.1	-0.7
"dominula"	180	105	40	1	18.2	0.2	0.2	0	0.2	0.4
"dominula"	180	106	194	2	48	0.4	0.4	0	0.3	0.4
"dominula"	180	107	105	2	29.7	0.2	0.2	0	0.2	-0.1
"dominula"	180	108	165	3	35.6	0.3	0.3	0	0.2	0.1
"dominula"	180	109	160	1	34.3	0.1	0.1	0	0.1	0
"dominula"	180	110	231	2	58.9	0.2	0.2	0	0.1	0.8
"dominula"	180	111	171	3	35	0.3	0.3	0	0.3	1.2
"dominula"	180	112	116	1	52.4	0.3	0.3	0	0.2	1.1
"dominula"	180	113	163	1	59.8	0.2	0.2	0	0.2	0.7
"dominula"	180	114	141	2	39.4	0.2	0.2	0	0.2	0.3
"dominula"	180	115	165	2	48.9	0.3	0.3	0	0.3	1.2
"dominula"	180	116	142	1	29.7	0.2	0.2	0	0.2	0.3
"dominula"	180	117	74	1	24.8	0.2	0.2	0	0.2	0.4
"dominula"	180	118	156	1	30.3	0.2	0.2	0	0	-0.6
"dominula"	180	119	98	1	35.2	0.1	0.1	0	0	-0.8
"dominula"	180	120	71	4	19.6	0.2	0.2	0	0.2	0.1
"dominula"	180	121	223	2	62.2	0.2	0.2	0	0.1	-0.3
"dominula"	180	122	110	1	33	0.3	0.3	0	0.3	1.9
"dominula"	180	123	142	2	40.8	0.2	0.2	0	0.1	-0.4
"dominula"	180	124	134	1	33.2	0.2	0.2	0	0.2	-0.2
"dominula"	180	125	95	1	22.1	0.1	0.1	0	0.1	-0.2
"dominula"	180	126	156	2	57.9	0.4	0.4	0	0.3	1.4
"dominula"	180	127	232	2	44.2	0.2	0.2	0.1	0.1	-0.3
"dominula"	180	128	149	1	55.6	0.1	0.1	0	0.1	0.1
"dominula"	180	129	57	1	17.1	0.2	0.2	0	0.2	2.1
"dominula"	180	130	102	1	25.8	0.1	0.1	0	0.1	0.1
"dominula"	180	131	90	1	35.4	0.1	0.1	0	0.1	-0.7
"dominula"	180	132	112	3	28.3	0.3	0.3	0.1	0.2	0.6
"dominula"	180	133	85	3	34.1	0.3	0.3	0	0.2	-0.1
"dominula"	180	134	235	4	51.8	0.3	0.3	0	0.3	1
"dominula"	180	135	87	1	30.8	0.2	0.2	0	0.2	0.1
"dominula"	180	136	233	3	57.8	0.1	0.1	0	0.1	-0.5
"dominula"	180	137	154	1	49	0.2	0.2	0	0.2	-0.1
"dominula"	180	138	47	3	28.7	0.3	0.3	0	0.3	0.6
"dominula"	180	139	267	1	43.9	0.2	0.2	0	0.2	0.6
"dominula"	180	140	90	4	38	0.2	0.2	0	0.2	0.5
"dominula"	180	141	64	1	19.4	0.1	0.1	0	0.1	0.5
"dominula"	180	142	42	3	24.2	0.2	0.2	0	0.2	1.1
"dominula"	180	143	55	1	27.6	0.2	0.2	0	0.2	0.7
"dominula"	180	144	67	2	20.3	0.2	0.2	0	0.1	-0.5
"dominula"	180	145	229	1	60.9	0.2	0.2	0	0.1	0.5
"dominula"	180	146	53	1	27.4	0.2	0.2	0	0.2	1.2
"dominula"	180	147	149	2	38.1	0.4	0.4	0	0.3	1.3
"dominula"	180	148	179	2	49.2	0.2	0.2	0	0.2	0.1
"dominula"	180	149	130	2	37.7	0.2	0.2	0	0.1	1.6
"dominula"	180	150	122	3	42.4	0.2	0.2	0	0.2	0.2
"dominula"	180	151	133	1	64.4	0.2	0.2	0	0.1	0.6
"dominula"	180	152	112	2	25.9	0.2	0.2	0	0.1	0.4
"dominula"	180	153	101	3	42	0.4	0.4	0	0.3	2.2
"dominula"	180	154	50	4	22.8	0.2	0.2	0.1	0.1	0.2
"dominula"	180	155	145	2	33	0.2	0.2	0	0.2	1.4
"dominula"	180	156	129	1	36.7	0.3	0.3	0	0.3	0.8
"dominula"	180	157	184	1	61.3	0.2	0.2	0	0.2	0.3
"dominula"	180	158	109	4	34.2	0.3	0.3	0	0.2	0.7
"dominula"	180	159	139	2	48	0.3	0.3	0	0.2	0.8
"dominula"	180	160	103	4	44.4	0.2	0.2	0	0.2	0
"dominula"	180	161	118	2	26.6	0.3	0.3	0	0.3	1.3
"dominula"	180	162	100	1	30.8	0.2	0.2	0	0.2	2
"dominula"	180	163	80	1	29.3	0.4	0.4	0	0.4	2.5
"dominula"	180	164	108	1	31.9	0.2	0.2	0	0.2	0.5
"dominula"	180	165	103	1	33	0.3	0.3	0	0.2	1.1
"dominula"	180	166	224	3	69	0.3	0.3	0	0.3	2.3
"dominula"	180	167	156	2	33.7	0.3	0.3	0	0.1	0
"dominula"	180	168	60	2	26.5	0.1	0.1	0	0.1	-0.3
"dominula"	180	169	85	2	27.4	0.1	0.1	0	0.1	0
"dominula"	180	170	120	5	63.6	0.1	0.1	0	0.1	-0.7
"dominula"	180	171	55	1	20.1	0	0	0	0	-0.1
"dominula"	180	172	59	1	16	0.1	0.1	0	0	-0.8
"dominula"	180	173	233	2	65.7	0.2	0.2	0	0.1	-0.4
"dominula"	180	174	72	3	24.5	0.3	0.3	0.1	0.2	1
"dominula"	180	175	136	1	37.1	0.2	0.2	0	0.2	0.7
"dominula"	180	176	105	2	43.9	0.4	0.4	0	0.4	2.7
"dominula"	180	177	175	1	56.4	0.3	0.3	0	0.3	2.3
"dominula"	180	178	52	1	26.7	0.2	0.2	0	0.2	1.4
"dominula"	180	179	101	2	40.1	0.3	0.3	0	0.3	1.7
"dominula"	180	180	123	4	58	0.2	0.2	0	0.2	0.6
"dominula"	190	1	78	1	25.4	0.3	0.3	0	0	-0.4
"dominula"	190	2	138	1	42.8	0.2	0.2	0	0	-0.6
"dominula"	190	3	77	1	21	0.3	0.3	0	0	-0.4
"dominula"	190	4	207	1	68.6	0.3	0.3	0	0	-0.4
"dominula"	190	5	102	1	26.3	0.2	0.2	0	0	-0.6
"dominula"	190	6	73	1	34	0.3	0.3	0	0	-0.4
"dominula"	190	7	84	3	27.4	0.3	0.3	0	0	-0.4
"dominula"	190	8	135	1	49.9	0.2	0.2	0	0	-0.6
"dominula"	190	9	136	2	29.9	0.2	0.2	0	0	-0.6
"dominula"	190	10	58	1	32.9	0.1	0.1	0	0	-0.8
"dominula"	190	11	186	2	41.4	0.3	0.3	0	0	-0.4
"dominula"	190	12	173	1	64.4	0.3	0.3	0	0.1	-0.3
"dominula"	190	13	94	2	38.1	0.2	0.2	0	0	-0.6
"dominula"	190	14	218	1	55.4	0.2	0.2	0	0.1	-0.5
"dominula"	190	15	99	1	40.7	0.1	0.1	0	0.1	-0.6
"dominula"	190	16	82	1	28.5	0.1	0.1	0	0.1	-0.5
"dominula"	190	17	85	1	33.4	0.1	0.1	0	0.1	-0.6
"dominula"	190	18	156	2	35.6	0.3	0.3	0	0.2	-0.2
"dominula"	190	19	195	2	37.9	0.1	0.1	0.1	0	-0.8
"dominula"	190	20	85	1	26.9	0.2	0.2	0	0.1	-0.5
"dominula"	190	21	65	1	32	0.2	0.2	0	0.1	-0.5
"dominula"	190	22	75	3	30.1	0.2	0.2	0	0	-0.6
"dominula"	190	23	181	1	63.3	0.3	0.3	0	0.1	-0.2
"dominula"	190	24	97	1	43.6	0.3	0.3	0	0.3	0.1
"dominula"	190	25	118	1	38.9	0.3	0.3	0	0.2	0.1
"dominula"	190	26	137	2	37	0.1	0.1	0	0	-0.8
"dominula"	190	27	109	1	45.5	0.1	0.1	0	0.1	-0.6
"dominula"	190	28	124	1	36.2	0.1	0.1	0	0.1	-0.7
"dominula"	190	29	176	1	43.1	0.3	0.3	0	0.2	0.2
"dominula"	190	30	97	1	35.8	0.2	0.2	0	0.2	-0.2
"dominula"	190	31	190	1	62.1	0.2	0.2	0	0.2	0.1
"dominula"	190	32	115	1	32.1	0.2	0.2	0	0.1	-0.1
"dominula"	190	33	106	2	40.3	0.3	0.3	0.1	0	-0.4
"dominula"	190	34	107	2	42.5	0.2	0.2	0	0.1	-0.5
"dominula"	190	35	94	1	42.2	0.2	0.2	0	0.1	-0.1
"dominula"	190	36	134	2	34.9	0.1	0.1	0	0.1	-0.4
"dominula"	190	37	135	1	36.9	0.2	0.2	0	0.2	0.1
"dominula"	190	38	74	2	32.3	0.2	0.2	0	0.1	-0.5
"dominula"	190	39	80	1	20.1	0.2	0.2	0	0.2	-0.2
"dominula"	190	40	73	1	40.2	0.4	0.4	0	0.2	0.5
"dominula"	190	41	53	2	27.3	0.3	0.3	0	0.2	0.3
"dominula"	190	42	96	1	32.6	0.2	0.2	0	0.2	0.2
"dominula"	190	43	210	1	50.9	0.2	0.2	0	0.1	-0.2
"dominula"	190	44	105	1	33	0.2	0.2	0	0.1	0.1
"dominula"	190	45	184	1	52.2	0.3	0.3	0	0.2	0.7
"dominula"	190	46	134	2	45	0.2	0.2	0	0.2	-0.3
"dominula"	190	47	304	1	52.8	0.3	0.3	0	0.2	0.6
"dominula"	190	48	191	2	50.7	0.1	0.1	0	0.1	-0.7
"dominula"	190	49	120	2	48.6	0.1	0.1	0	0	-0.8
"dominula"	190	50	73	1	34.5	0.2	0.2	0	0.1	-0.5
"dominula"	190	51	170	1	32.1	0.3	0.3	0	0.2	0.2
"dominula"	190	52	214	1	57.4	0.2	0.2	0	0.2	0.1
"dominula"	190	53	130	4	56.3	0.1	0.1	0	0	-0.8
"dominula"	190	54	106	3	31	0.2	0.2	0	0	-0.6
"dominula"	190	55	93	1	30	0.1	0.1	0	0.1	-0.2
"dominula"	190	56	149	1	27.2	0.3	0.3	0	0.2	0.6
"dominula"	190	57	98	1	40.4	0.4	0.4	0	0.1	0.3
"dominula"	190	58	58	3	27.7	0.3	0.3	0	0.3	0.1
"dominula"	190	59	141	2	60	0.3	0.3	0	0.1	-0.3
"dominula"	190	60	120	1	29.2	0.1	0.1	0	0.1	0.1
"dominula"	190	61	120	2	32.3	0.2	0.2	0	0.2	-0.3
"dominula"	190	62	91	3	34.2	0.3	0.3	0	0.1	0.3
"dominula"	190	63	88	3	29.2	0.2	0.2	0	0	-0.6
"dominula"	190	64	110	1	37.7	0.2	0.2	0	0.2	0.5
"dominula"	190	65	115	1	32.7	0.4	0.4	0	0.3	1.2
"dominula"	190	66	93	1	43.7	0.2	0.2	0	0.2	0.4
"dominula"	190	67	91	1	30.8	0.3	0.3	0	0.3	0.3
"dominula"	190	68	123	1	29.3	0.1	0.1	0	0.1	-0.1
"dominula"	190	69	91	3	25.4	0.4	0.4	0	0.1	0
"dominula"	190	70	65	3	21.6	0.3	0.3	0	0.3	0.4
"dominula"	190	71	131	3	44.8	0.1	0.1	0	0	-0.8
"dominula"	190	72	85	3	40.1	0.2	0.2	0.1	0.1	-0.4
"dominula"	190	73	105	3	34.9	0.2	0.2	0	0.1	-0.3
"dominula"	190	74	135	1	34.2	0.3	0.3	0	0.3	0.2
"dominula"	190	75	105	1	30.5	0.2	0.2	0	0.1	0.2
"dominula"	190	76	198	1	64.4	0.2	0.2	0	0.1	-0.3
"dominula"	190	77	80	1	31.4	0.2	0.2	0	0.2	-0.1
"dominula"	190	78	101	2	36.6	0.3	0.3	0	0.2	0
"dominula"	190	79	158	1	42.2	0.1	0.1	0	0.1	-0.3
"dominula"	190	80	61	1	25.7	0.1	0.1	0	0.1	0
"dominula"	190	81	147	6	44.7	0.2	0.2	0	0.1	-0.5
"dominula"	190	82	76	1	20.5	0.2	0.2	0	0.2	0.3
"dominula"	190	83	127	2	44.8	0.2	0.2	0	0.1	0
"dominula"	190	84	61	4	23.9	0.3	0.3	0	0.3	0.3
"dominula"	190	85	123	3	34.9	0.3	0.3	0	0.3	0.5
"dominula"	190	86	75	1	28.4	0.1	0.1	0	0.1	0.1
"dominula"	190	87	236	2	48.3	0.3	0.3	0	0.2	0.8
"dominula"	190	88	285	2	46.3	0.1	0.1	0	0.1	-0.5
"dominula"	190	89	61	2	25.4	0.1	0.1	0	0.1	0.1
"dominula"	190	90	179	1	51	0.3	0.3	0	0.3	1.5
"dominula"	190	91	84	3	23.4	0.3	0.3	0	0.1	-0.3
"dominula"	190	92	96	2	51.1	0.2	0.2	0	0.2	-0.3
"dominula"	190	93	93	4	22.7	0.3	0.3	0	0.2	0.4
"dominula"	190	94	126	2	50.6	0.4	0.4	0	0.3	0.6
"dominula"	190	95	105	1	47.6	0	0	0	0	-0.6
"dominula"	190	96	47	2	20.2	0.2	0.2	0	0.2	0
"dominula"	190	97	172	1	65.4	0.2	0.2	0	0.1	0
"dominula"	190	98	101	3	38	0.3	0.3	0	0	-0.4
"dominula"	190	99	176	3	48	0.1	0.1	0	0	0.3
"dominula"	190	100	75	2	26.3	0.2	0.2	0	0.2	0.1
"dominula"	190	101	212	2	50.9	0.2	0.2	0.1	0.1	0
"dominula"	190	102	94	2	43.5	0.2	0.2	0	0.2	0.1
"dominula"	190	103	140	3	38.3	0.3	0.3	0	0.3	1
"dominula"	190	104	45	1	20	0.3	0.3	0	0.3	1.2
"dominula"	190	105	67	1	34.7	0.2	0.2	0	0.1	0.4
"dominula"	190	106	271	2	84.6	0.2	0.2	0	0.2	0.6
"dominula"	190	107	69	3	29.4	0.1	0.1	0	0.1	-0.4
"dominula"	190	108	209	1	58	0.2	0.2	0	0.2	1.1
"dominula"	190	109	198	3	72.3	0.2	0.2	0	0.2	0.7
"dominula"	190	110	86	1	34.1	0.3	0.3	0	0.3	1.3
"dominula"	190	111	174	2	44.6	0.3	0.3	0	0.3	0.7
"dominula"	190	112	145	1	41.9	0.1	0.1	0	0	-0.2
"dominula"	190	113	143	1	56.5	0.2	0.2	0	0.2	0.8
"dominula"	190	114	186	2	36	0.1	0.1	0	0.1	0.6
"dominula"	190	115	85	2	38	0.3	0.3	0	0.2	-0.2
"dominula"	190	116	98	2	28.8	0.2	0.2	0	0.2	1
"dominula"	190	117	175	2	70.2	0.3	0.3	0	0.3	0.2
"dominula"	190	118	110	2	48.8	0.3	0.3	0	0.2	2.4
"dominula"	190	119	154	2	35.2	0.1	0.1	0	0	-0.8
"dominula"	190	120	71	1	21.8	0.1	0.1	0	0.1	-0.5
"dominula"	190	121	96	1	28.7	0.3	0.3	0	0.3	0.9
"dominula"	190	122	120	2	49.6	0.2	0.2	0	0.1	0
"dominula"	190	123	130	1	35.4	0.3	0.3	0	0.3	0.9
"dominula"	190	124	91	2	27.8	0.3	0.3	0	0.2	0.4
"dominula"	190	125	129	1	43.4	0.1	0.1	0	0.1	0.7
"dominula"	190	126	57	1	22.2	0.2	0.2	0	0.2	1.1
"dominula"	190	127	50	3	25.3	0.2	0.2	0	0.2	0.3
"dominula"	190	128	146	2	44.3	0.3	0.3	0	0.3	0.8
"dominula"	190	129	406	5	70.3	0.2	0.2	0	0.2	0
"dominula"	190	130	223	2	36.6	0.2	0.2	0	0.2	0.3
"dominula"	190	131	141	2	52.6	0.3	0.3	0	0.2	1.3
"dominula"	190	132	185	2	38.9	0.2	0.2	0	0.2	-0.2
"dominula"	190	133	228	1	39.4	0.3	0.3	0	0.2	0.4
"dominula"	190	134	126	1	39.3	0.2	0.2	0	0.2	0.3
"dominula"	190	135	135	3	28.8	0.1	0.1	0	0.1	0.8
"dominula"	190	136	88	3	27.4	0.2	0.2	0	0.2	0.2
"dominula"	190	137	89	2	24	0.3	0.3	0	0.3	1.6
"dominula"	190	138	344	1	51	0.3	0.3	0	0.3	1.9
"dominula"	190	139	82	4	32.3	0.2	0.2	0	0.1	-0.5
"dominula"	190	140	84	1	27.8	0.1	0.1	0	0.1	0.9
"dominula"	190	141	59	3	33.7	0.1	0.1	0	0.1	-0.4
"dominula"	190	142	90	2	39.9	0.4	0.4	0	0.4	1.2
"dominula"	190	143	131	2	42.4	0.2	0.2	0	0.2	0.8
"dominula"	190	144	110	3	39.8	0.1	0.1	0	0.1	-0.1
"dominula"	190	145	102	3	37.6	0.1	0.1	0	0.1	-0.7
"dominula"	190	146	58	3	16	0.2	0.2	0	0.1	0.2
"dominula"	190	147	43	2	27.8	0.3	0.3	0	0.1	-0.2
"dominula"	190	148	149	4	48.1	0.1	0.1	0	0.1	-0.6
"dominula"	190	149	191	1	65.7	0.2	0.2	0	0.1	0.4
"dominula"	190	150	180	4	49.4	0.2	0.2	0	0.2	0.3
"dominula"	190	151	156	3	53.7	0.1	0.1	0	0.1	-0.2
"dominula"	190	152	126	1	29.5	0	0	0	0	0
"dominula"	190	153	155	2	46.8	0.2	0.2	0	0.2	-0.1
"dominula"	190	154	133	1	33.4	0.3	0.3	0.1	0.1	0.5
"dominula"	190	155	124	1	37.2	0.3	0.3	0	0.3	1.1
"dominula"	190	156	40	1	11.8	0.2	0.2	0	0.2	0.4
"dominula"	190	157	236	1	48.5	0.1	0.1	0	0	-0.8
"dominula"	190	158	85	2	35.8	0.1	0.1	0	0	0.5
"dominula"	190	159	85	4	31.2	0.3	0.3	0	0.2	1.1
"dominula"	190	160	149	2	35.2	0.2	0.2	0	0.2	0.7
"dominula"	190	161	123	2	29.7	0.3	0.3	0	0.3	2.5
"dominula"	190	162	121	4	41.5	0.4	0.4	0	0.4	1.2
"dominula"	190	163	98	1	24.1	0.1	0.1	0	0	-0.8
"dominula"	190	164	157	3	39.6	0.1	0.1	0	0.1	1
"dominula"	190	165	64	2	31.1	0.2	0.2	0	0.1	1.5
"dominula"	190	166	226	1	51.8	0.2	0.2	0	0.2	1.8
"dominula"	190	167	40	2	19.1	0.3	0.3	0	0.3	1.4
"dominula"	190	168	174	2	58.1	0.4	0.4	0	0.3	1.1
"dominula"	190	169	118	2	23.4	0.3	0.3	0	0.2	1.3
"dominula"	190	170	64	2	27.8	0.2	0.2	0	0.2	0.2
"dominula"	190	171	182	2	51.8	0.2	0.2	0	0.2	-0.1
"dominula"	190	172	198	2	46.5	0.2	0.2	0	0.2	0.5
"dominula"	190	173	192	1	37.1	0.2	0.2	0	0.1	0.6
"dominula"	190	174	69	1	33.8	0.1	0.1	0	0.1	0.2
"dominula"	190	175	71	1	29.5	0.2	0.2	0	0.2	0.8
"dominula"	190	176	203	3	63.1	0.3	0.3	0	0.3	0.3
"dominula"	190	177	109	2	36.6	0.2	0.2	0	0.1	0.8
"dominula"	190	178	53	3	24.8	0.1	0.1	0	0	-0.8
"dominula"	190	179	115	2	52.9	0.3	0.3	0	0.3	0.4
"dominula"	190	180	154	2	38.6	0.3	0.3	0.1	0.2	0.4
"dominula"	190	181	110	5	30.5	0.2	0.2	0	0.2	0.3
"dominula"	190	182	143	1	40.7	0.3	0.3	0.1	0.1	0.1
"dominula"	190	183	111	1	38.4	0.2	0.2	0	0.1	0.8
"dominula"	190	184	95	1	36.7	0.1	0.1	0	0.1	0.6
"dominula"	190	185	37	1	18.7	0.1	0.1	0	0.1	-0.5
"dominula"	190	186	128	3	36.4	0.1	0.1	0	0.1	-0.6
"dominula"	190	187	59	3	23.5	0.2	0.2	0	0.2	-0.2
"dominula"	190	188	113	1	31.8	0.3	0.3	0	0.3	1.4
"dominula"	190	189	222	2	46.6	0.4	0.4	0	0.4	2.4
"dominula"	190	190	109	3	34.5	0.4	0.4	0	0.4	2
"dominula"	200	1	112	1	33.1	0.3	0.3	0	0	-0.4
"dominula"	200	2	80	1	32	0.2	0.2	0	0	-0.6
"dominula"	200	3	288	1	67	0.1	0.1	0	0.1	-0.7
"dominula"	200	4	123	1	43.3	0.3	0.3	0	0	-0.4
"dominula"	200	5	121	1	33.9	0.2	0.2	0.1	0	-0.6
"dominula"	200	6	181	1	30.6	0.1	0.1	0	0	-0.8
"dominula"	200	7	149	1	32.9	0.2	0.2	0	0	-0.6
"dominula"	200	8	83	1	24.5	0.3	0.3	0.1	0.1	-0.3
"dominula"	200	9	109	2	48.1	0.2	0.2	0	0	-0.6
"dominula"	200	10	87	2	37.9	0.3	0.3	0	0.1	-0.3
"dominula"	200	11	130	1	48.3	0.1	0.1	0	0.1	-0.7
"dominula"	200	12	69	2	22.5	0.2	0.2	0	0.1	-0.5
"dominula"	200	13	78	1	33.8	0.3	0.3	0	0	-0.4
"dominula"	200	14	76	3	37.7	0.3	0.3	0	0.1	-0.3
"dominula"	200	15	79	2	25.7	0.3	0.3	0	0.1	-0.2
"dominula"	200	16	87	1	33.4	0.2	0.2	0	0.2	-0.3
"dominula"	200	17	183	2	48.9	0.3	0.3	0	0	-0.4
"dominula"	200	18	82	1	23.4	0.2	0.2	0	0.2	-0.4
"dominula"	200	19	43	1	19.5	0.3	0.3	0	0.2	-0.1
"dominula"	200	20	70	2	36.6	0.2	0.2	0	0	-0.6
"dominula"	200	21	139	1	48.7	0.1	0.1	0	0.1	-0.5
"dominula"	200	22	193	1	42.6	0.2	0.2	0	0.1	-0.5
"dominula"	200	23	235	1	48.2	0.2	0.2	0	0.2	-0.2
"dominula"	200	24	78	1	32.8	0.2	0.2	0	0.1	-0.4
"dominula"	200	25	212	1	41.2	0.3	0.3	0	0.2	0.1
"dominula"	200	26	216	1	48.1	0.2	0.2	0.1	0.1	-0.2
"dominula"	200	27	157	1	47.1	0.2	0.2	0	0.1	-0.5
"dominula"	200	28	66	1	16.4	0.2	0.2	0	0.1	-0.2
"dominula"	200	29	159	1	52.2	0.2	0.2	0	0.1	-0.5
"dominula"	200	30	68	1	25	0.3	0.3	0	0	-0.4
"dominula"	200	31	79	1	29.8	0.3	0.3	0	0.1	-0.3
"dominula"	200	32	104	1	49.3	0.3	0.3	0	0.2	0.2
"dominula"	200	33	94	1	32	0.1	0.1	0	0.1	-0.5
"dominula"	200	34	207	2	38	0.2	0.2	0	0.1	-0.4
"dominula"	200	35	95	1	39.1	0.2	0.2	0	0.2	-0.1
"dominula"	200	36	176	2	34	0.1	0.1	0	0	-0.8
"dominula"	200	37	142	1	56.5	0.1	0.1	0	0.1	-0.3
"dominula"	200	38	111	1	49.3	0.1	0.1	0	0.1	-0.3
"dominula"	200	39	85	2	25.9	0.3	0.3	0	0.3	0.6
"dominula"	200	40	68	1	24.6	0.2	0.2	0	0.1	0
"dominula"	200	41	115	5	46	0.3	0.3	0	0.1	-0.3
"dominula"	200	42	103	1	36.2	0.2	0.2	0	0.2	0.4
"dominula"	200	43	147	1	57.5	0.1	0.1	0	0.1	-0.6
"dominula"	200	44	79	1	22.6	0.1	0.1	0	0.1	-0.1
"dominula"	200	45	100	1	28	0.3	0.3	0	0.2	0.2
"dominula"	200	46	114	1	24.8	0.1	0.1	0	0.1	-0.4
"dominula"	200	47	196	2	35.8	0.2	0.2	0	0.1	-0.5
"dominula"	200	48	144	3	44.3	0.2	0.2	0	0.1	-0.3
"dominula"	200	49	41	1	19.5	0.2	0.2	0	0.2	-0.2
"dominula"	200	50	96	1	39.5	0.2	0.2	0	0.2	0.2
"dominula"	200	51	140	2	47.3	0.2	0.2	0	0.1	-0.3
"dominula"	200	52	113	1	42.3	0.2	0.2	0	0.2	0.3
"dominula"	200	53	94	1	39.6	0.2	0.2	0	0.2	-0.2
"dominula"	200	54	68	2	24.1	0.2	0.2	0	0.1	-0.5
"dominula"	200	55	187	1	55.1	0.1	0.1	0	0.1	-0.3
"dominula"	200	56	156	1	37.7	0.3	0.3	0	0.3	0.9
"dominula"	200	57	309	4	73.6	0.1	0.1	0	0.1	-0.6
"dominula"	200	58	33	2	11	0.1	0.1	0	0	-0.8
"dominula"	200	59	230	1	40.3	0.1	0.1	0	0.1	-0.1
"dominula"	200	60	94	3	33.3	0.3	0.3	0	0.2	0.1
"dominula"	200	61	43	2	14.1	0.3	0.3	0	0.3	1.1
"dominula"	200	62	56	1	26.3	0.2	0.2	0	0.2	0.9
"dominula"	200	63	44	3	22.4	0.2	0.2	0	0.2	-0.3
"dominula"	200	64	210	4	46.7	0.3	0.3	0	0.2	0
"dominula"	200	65	227	3	47.3	0.2	0.2	0	0.1	-0.3
"dominula"	200	66	100	1	50.9	0.1	0.1	0	0.1	0
"dominula"	200	67	86	1	30.5	0.1	0.1	0	0.1	0
"dominula"	200	68	101	1	34.1	0.3	0.3	0	0.1	0
"dominula"	200	69	52	1	25.3	0.3	0.3	0	0.2	0.2
"dominula"	200	70	71	1	22.2	0.1	0.1	0	0.1	-0.3
"dominula"	200	71	76	1	22.1	0.2	0.2	0	0.1	-0.5
"dominula"	200	72	191	2	62.9	0.4	0.4	0	0.2	0.5
"dominula"	200	73	218	3	54.8	0.3	0.3	0	0.2	0.6
"dominula"	200	74	96	1	28.9	0.2	0.2	0	0.2	0
"dominula"	200	75	140	1	34.6	0.3	0.3	0	0.3	1.4
"dominula"	200	76	122	1	50.6	0.2	0.2	0	0.2	0.2
"dominula"	200	77	269	1	59.8	0.4	0.4	0	0.3	1.1
"dominula"	200	78	152	1	50.3	0.3	0.3	0	0.2	0.7
"dominula"	200	79	94	1	34.9	0.2	0.2	0	0.2	0.2
"dominula"	200	80	207	3	59	0.3	0.3	0	0.2	0.6
"dominula"	200	81	189	1	60.3	0.2	0.2	0	0.1	0.1
"dominula"	200	82	106	2	26.6	0.4	0.4	0	0.2	0
"dominula"	200	83	76	1	24.1	0.2	0.2	0	0.2	0.5
"dominula"	200	84	37	1	17.2	0.2	0.2	0	0.2	0.9
"dominula"	200	85	306	2	43.7	0.3	0.3	0	0.2	0.4
"dominula"	200	86	128	3	45.7	0.3	0.3	0	0.2	0.2
"dominula"	200	87	123	1	40	0.2	0.2	0	0.1	0
"dominula"	200	88	103	1	39.8	0	0	0	0	-0.6
"dominula"	200	89	270	2	69.7	0.3	0.3	0	0.2	-0.2
"dominula"	200	90	87	2	32.6	0.3	0.3	0	0.3	0.3
"dominula"	200	91	196	2	46.9	0.2	0.2	0	0.2	0.8
"dominula"	200	92	96	2	31.4	0.2	0.2	0	0.2	-0.2
"dominula"	200	93	159	3	45.9	0.3	0.3	0	0.3	1.6
"dominula"	200	94	43	2	17.8	0.2	0.2	0	0.1	-0.5
"dominula"	200	95	72	1	33.3	0.3	0.3	0	0.3	0.8
"dominula"	200	96	100	2	37.7	0.2	0.2	0	0.1	-0.2
"dominula"	200	97	205	3	53.1	0.1	0.1	0	0.1	-0.5
"dominula"	200	98	85	1	23.6	0.2	0.2	0	0.2	0.5
"dominula"	200	99	112	3	39.3	0.2	0.2	0	0.1	-0.3
"dominula"	200	100	97	2	46.2	0.2	0.2	0	0.1	-0.3
"dominula"	200	101	170	1	46.8	0.2	0.2	0	0.2	1.1
"dominula"	200	102	155	1	51.4	0.3	0.3	0	0.3	0.9
"dominula"	200	103	30	1	9.8	0.2	0.2	0	0.2	0.4
"dominula"	200	104	140	1	39.2	0.1	0.1	0	0.1	0.3
"dominula"	200	105	74	3	27.7	0.3	0.3	0	0.2	1.1
"dominula"	200	106	103	2	26.8	0.1	0.1	0	0.1	-0.4
"dominula"	200	107	146	1	39.1	0.1	0.1	0	0.1	0.3
"dominula"	200	108	152	2	52	0.2	0.2	0	0.1	0.2
"dominula"	200	109	137	1	46.5	0.3	0.3	0	0.1	-0.2
"dominula"	200	110	81	5	28.6	0.1	0.1	0	0	-0.8
"dominula"	200	111	77	1	32.2	0.2	0.2	0	0.2	1.1
"dominula"	200	112	60	1	21.1	0.2	0.2	0	0.1	0.6
"dominula"	200	113	86	2	32.3	0.1	0.1	0	0.1	-0.1
"dominula"	200	114	183	3	68.9	0.1	0.1	0	0.1	-0.7
"dominula"	200	115	138	1	47.4	0.1	0.1	0	0.1	0.2
"dominula"	200	116	161	7	54.9	0.2	0.2	0	0.2	0.3
"dominula"	200	117	58	2	25.7	0.2	0.2	0	0.2	0.6
"dominula"	200	118	160	1	32.1	0.3	0.3	0	0.3	1
"dominula"	200	119	210	2	59.3	0.2	0.2	0	0.2	1.5
"dominula"	200	120	94	3	41	0.1	0.1	0	0.1	-0.4
"dominula"	200	121	112	2	35.8	0.1	0.1	0	0	0.3
"dominula"	200	122	118	4	50.5	0.2	0.2	0	0.2	-0.1
"dominula"	200	123	76	3	38.8	0.1	0.1	0	0	-0.8
"dominula"	200	124	49	2	23.7	0.1	0.1	0	0.1	-0.5
"dominula"	200	125	212	3	54.4	0.2	0.2	0	0.1	-0.5
"dominula"	200	126	327	2	81	0.2	0.2	0	0.1	0.3
"dominula"	200	127	181	2	42.1	0.1	0.1	0	0.1	0.2
"dominula"	200	128	89	5	27.4	0.3	0.3	0	0.3	0.8
"dominula"	200	129	280	3	86.4	0.2	0.2	0	0	-0.6
"dominula"	200	130	120	6	51.1	0.2	0.2	0	0.1	-0.5
"dominula"	200	131	161	2	61.1	0.3	0.3	0	0.3	0.8
"dominula"	200	132	202	3	34	0.2	0.2	0	0.2	1
"dominula"	200	133	196	2	68.4	0.2	0.2	0	0.1	-0.1
"dominula"	200	134	49	1	20	0.1	0.1	0	0.1	-0.1
"dominula"	200	135	103	2	30.5	0.3	0.3	0	0.3	0.7
"dominula"	200	136	102	1	49.1	0.2	0.2	0	0.2	1.6
"dominula"	200	137	109	2	41.5	0.1	0.1	0	0.1	1
"dominula"	200	138	169	2	46.2	0.3	0.3	0	0.2	0.9
"dominula"	200	139	127	2	39.3	0.1	0.1	0	0.1	-0.4
"dominula"	200	140	84	1	36	0.4	0.4	0	0.2	1.6
"dominula"	200	141	87	3	34.6	0.2	0.2	0	0.2	1
"dominula"	200	142	149	2	55.8	0.2	0.2	0	0.1	0.3
"dominula"	200	143	83	3	38.1	0.3	0.3	0	0.2	0.3
"dominula"	200	144	157	2	63.1	0.1	0.1	0	0.1	-0.2
"dominula"	200	145	79	3	34.7	0.3	0.3	0	0.2	0.6
"dominula"	200	146	104	3	52.8	0.4	0.4	0	0.1	-0.1
"dominula"	200	147	183	1	53.2	0.1	0.1	0	0.1	0.7
"dominula"	200	148	152	2	50.4	0.3	0.3	0	0.2	1.4
"dominula"	200	149	80	2	34	0.1	0.1	0	0.1	-0.7
"dominula"	200	150	75	1	29.4	0.2	0.2	0	0.2	0.7
"dominula"	200	151	71	4	26.6	0.3	0.3	0	0.2	0.6
"dominula"	200	152	136	4	28.4	0.3	0.3	0	0.2	0.8
"dominula"	200	153	320	6	72.2	0.1	0.1	0	0.1	-0.1
"dominula"	200	154	63	3	21.7	0.4	0.4	0	0.4	1.5
"dominula"	200	155	193	3	59.9	0.2	0.2	0	0.1	0.9
"dominula"	200	156	73	3	27.8	0.2	0.2	0	0.2	0.6
"dominula"	200	157	171	2	64.1	0.1	0.1	0	0.1	-0.4
"dominula"	200	158	159	6	51.9	0.3	0.3	0	0.1	0.2
"dominula"	200	159	79	3	26.8	0.1	0.1	0	0.1	-0.4
"dominula"	200	160	93	3	26.4	0.1	0.1	0	0.1	0.9
"dominula"	200	161	264	3	57.6	0.2	0.2	0	0.2	0.7
"dominula"	200	162	263	1	57	0.1	0.1	0	0.1	0.4
"dominula"	200	163	195	1	49.5	0.2	0.2	0	0.2	0.5
"dominula"	200	164	91	3	32.1	0.2	0.2	0	0.2	-0.3
"dominula"	200	165	140	1	28.8	0.1	0.1	0	0.1	1.2
"dominula"	200	166	104	1	37.3	0.1	0.1	0	0.1	0
"dominula"	200	167	66	2	32	0.1	0.1	0	0.1	0
"dominula"	200	168	123	1	37.2	0.2	0.2	0	0.2	-0.3
"dominula"	200	169	149	2	44.3	0.3	0.3	0	0.2	1.1
"dominula"	200	170	89	3	35.6	0.3	0.3	0	0.2	0.1
"dominula"	200	171	179	1	60.3	0.2	0.2	0	0.2	1.3
"dominula"	200	172	71	2	20	0.1	0.1	0	0.1	-0.1
"dominula"	200	173	57	3	23.9	0.3	0.3	0.1	0.2	0.4
"dominula"	200	174	128	5	34.9	0.4	0.4	0	0.3	1.2
"dominula"	200	175	159	1	32.4	0.2	0.2	0	0.2	0.5
"dominula"	200	176	157	3	53.8	0.2	0.2	0	0.2	0.9
"dominula"	200	177	53	1	18.3	0.1	0.1	0	0.1	0.1
"dominula"	200	178	63	2	28.3	0.1	0.1	0	0.1	-0.1
"dominula"	200	179	75	1	36.4	0.2	0.2	0	0.2	1.2
"dominula"	200	180	100	3	42.8	0.2	0.2	0	0.2	0.2
"dominula"	200	181	96	2	24.2	0.1	0.1	0	0.1	0
"dominula"	200	182	190	3	49.8	0.3	0.3	0	0.2	0.9
"dominula"	200	183	285	2	60.9	0.2	0.2	0	0.2	0.7
"dominula"	200	184	160	3	52.6	0.2	0.2	0	0.1	1.2
"dominula"	200	185	106	2	42.6	0.2	0.2	0	0.2	0.9
"dominula"	200	186	133	2	48.9	0.3	0.3	0.1	0.1	0.9
"dominula"	200	187	165	5	54.4	0.1	0.1	0	0.1	-0.7
"dominula"	200	188	57	1	33.8	0.2	0.2	0	0.1	0.6
"dominula"	200	189	194	2	67.4	0.3	0.3	0	0.3	1.1
"dominula"	200	190	109	1	37.8	0.1	0.1	0	0.1	0.5
"dominula"	200	191	76	5	29.6	0.2	0.2	0	0.2	1.9
"dominula"	200	192	99	1	27.9	0.2	0.2	0	0.2	1.7
"dominula"	200	193	27	1	9.9	0.2	0.2	0	0.1	0.7
"dominula"	200	194	51	2	19.4	0.3	0.3	0	0.3	1.3
"dominula"	200	195	95	2	43	0.1	0.1	0	0.1	0.6
"dominula"	200	196	150	2	42.5	0.3	0.3	0	0.2	0.3
"dominula"	200	197	119	1	32.3	0.3	0.3	0	0.2	1.2
"dominula"	200	198	73	2	38.9	0.2	0.2	0	0.2	0.5
"dominula"	200	199	124	2	30.5	0.3	0.3	0	0.3	2.4
"dominula"	200	200	108	1	44.9	0.2	0.2	0	0.2	1.9
