"Species"	"number_wasps"	"w"	"max_steps"	"min_steps"	"mean_steps"	"mean_survival"	"mean_nested"	"mean_usurp"	"mean_coNested"	"mean_coNesters"
"dominula"	50	1	111	1	19.9	0.5	0.5	0	0	0
"dominula"	50	2	301	1	34.5	0.6	0.6	0	0.1	0.3
"dominula"	50	3	44	1	13.1	0.7	0.7	0	0.1	0.5
"dominula"	50	4	148	1	24.4	0.7	0.7	0	0.3	0.7
"dominula"	50	5	139	1	21.7	0.6	0.6	0	0.1	0.4
"dominula"	50	6	73	1	20.7	0.5	0.5	0	0.1	0.1
"dominula"	50	7	81	1	16.7	0.7	0.7	0.1	0.2	0.7
"dominula"	50	8	104	1	23.9	0.5	0.5	0	0.2	0.4
"dominula"	50	9	99	1	17.5	0.6	0.6	0	0.2	0.4
"dominula"	50	10	31	1	10.4	0.6	0.6	0	0.4	1.1
"dominula"	50	11	43	1	14.4	0.6	0.6	0.1	0.2	0.6
"dominula"	50	12	62	1	14.9	0.7	0.7	0	0.3	1.2
"dominula"	50	13	56	1	14.8	0.7	0.7	0	0.3	0.8
"dominula"	50	14	130	1	17.3	0.5	0.5	0	0.5	1
"dominula"	50	15	58	1	12.6	0.6	0.6	0	0.5	1.4
"dominula"	50	16	88	1	19.9	0.8	0.8	0	0.5	1.8
"dominula"	50	17	36	1	10.2	0.6	0.6	0.1	0.2	0.4
"dominula"	50	18	44	1	12.9	0.7	0.7	0	0.6	1.5
"dominula"	50	19	62	1	19	0.7	0.7	0	0.4	1.3
"dominula"	50	20	54	1	17.4	0.6	0.6	0	0.4	1.1
"dominula"	50	21	48	1	14.2	0.6	0.6	0.1	0.3	1.1
"dominula"	50	22	47	1	13.6	0.6	0.6	0	0.4	1.2
"dominula"	50	23	67	1	12.4	0.7	0.7	0	0.4	1.2
"dominula"	50	24	58	1	13.6	0.6	0.6	0	0.5	1.6
"dominula"	50	25	64	1	19.5	0.8	0.8	0	0.3	1.3
"dominula"	50	26	62	1	16.8	0.5	0.5	0	0.5	1.1
"dominula"	50	27	119	1	22.4	0.7	0.7	0	0.7	1.9
"dominula"	50	28	42	1	12.8	0.6	0.6	0.1	0.3	1.2
"dominula"	50	29	48	1	15.6	0.7	0.7	0	0.5	2.1
"dominula"	50	30	39	1	12.4	0.5	0.5	0	0.3	0.8
"dominula"	50	31	48	1	10.2	0.7	0.7	0	0.7	3.4
"dominula"	50	32	55	1	18.3	0.6	0.6	0	0.5	1.7
"dominula"	50	33	39	1	9.6	0.7	0.7	0	0.5	1.8
"dominula"	50	34	21	1	9.2	0.6	0.6	0	0.6	2.3
"dominula"	50	35	28	1	5.5	0.6	0.6	0	0.6	3.3
"dominula"	50	36	66	1	19.3	0.7	0.7	0	0.6	2.8
"dominula"	50	37	85	1	19.8	0.6	0.6	0	0.5	2.3
"dominula"	50	38	216	1	41.7	0.5	0.5	0	0.4	1.9
"dominula"	50	39	79	1	22.9	0.5	0.5	0.1	0.4	1.9
"dominula"	50	40	75	1	19.8	0.5	0.5	0	0.2	0.8
"dominula"	50	41	99	1	23.4	0.7	0.7	0	0.5	1.8
"dominula"	50	42	46	1	10.2	0.7	0.7	0	0.6	2.6
"dominula"	50	43	131	1	21.6	0.5	0.5	0	0.3	1.6
"dominula"	50	44	183	1	26.9	0.5	0.5	0	0.4	1.6
"dominula"	50	45	64	1	21.8	0.4	0.4	0	0.3	1.5
"dominula"	50	46	214	1	38.1	0.6	0.6	0	0.4	2.7
"dominula"	50	47	120	1	24.4	0.6	0.6	0	0.5	2.3
"dominula"	50	48	44	1	12.2	0.6	0.6	0	0.5	3.3
"dominula"	50	49	165	1	31.5	0.8	0.8	0	0.6	3.4
"dominula"	50	50	124	1	27.1	0.6	0.6	0	0.4	2.3
"dominula"	60	1	157	1	39.6	0.3	0.3	0	0	-0.4
"dominula"	60	2	91	1	27.4	0.4	0.4	0	0	-0.2
"dominula"	60	3	93	1	32.2	0.3	0.3	0	0	-0.4
"dominula"	60	4	87	1	23.9	0.3	0.3	0	0	-0.4
"dominula"	60	5	86	1	31.8	0.3	0.3	0	0.1	-0.3
"dominula"	60	6	304	1	56.6	0.2	0.2	0	0.1	-0.5
"dominula"	60	7	101	1	33.3	0.1	0.1	0	0	-0.6
"dominula"	60	8	122	1	42	0.4	0.4	0	0.2	0.1
"dominula"	60	9	105	1	35.7	0.3	0.3	0	0.1	-0.3
"dominula"	60	10	212	1	45.3	0.3	0.3	0	0.1	-0.2
"dominula"	60	11	131	1	52.9	0.3	0.3	0	0.1	-0.1
"dominula"	60	12	91	1	28.6	0.3	0.3	0	0.2	-0.1
"dominula"	60	13	78	1	31.4	0.2	0.2	0.1	0	-0.6
"dominula"	60	14	82	1	27.5	0.3	0.3	0	0.1	-0.3
"dominula"	60	15	93	1	41.8	0.3	0.3	0	0.2	-0.1
"dominula"	60	16	71	1	14.3	0.2	0.2	0	0.2	0.1
"dominula"	60	17	169	1	47.5	0.2	0.2	0	0.1	-0.4
"dominula"	60	18	104	1	36.6	0.1	0.1	0	0.1	0.1
"dominula"	60	19	71	1	34.5	0.2	0.2	0	0.2	-0.4
"dominula"	60	20	53	2	18.6	0.2	0.2	0	0.2	0.2
"dominula"	60	21	177	1	43.5	0.2	0.2	0	0.2	0.1
"dominula"	60	22	74	1	23.7	0.4	0.4	0	0.4	0.9
"dominula"	60	23	227	1	44.5	0.1	0.1	0	0	-0.6
"dominula"	60	24	92	1	28.5	0.3	0.3	0	0.3	0.6
"dominula"	60	25	200	1	62.5	0.3	0.3	0	0.1	0.1
"dominula"	60	26	197	1	37.4	0.1	0.1	0	0.1	-0.2
"dominula"	60	27	89	2	24.5	0.2	0.2	0	0.1	-0.4
"dominula"	60	28	127	1	34.4	0.1	0.1	0	0.1	-0.1
"dominula"	60	29	91	1	29.2	0.1	0.1	0	0.1	-0.6
"dominula"	60	30	141	1	34.6	0.5	0.5	0	0.2	0.5
"dominula"	60	31	96	2	38.7	0.4	0.4	0	0	-0.2
"dominula"	60	32	220	1	41.7	0.4	0.4	0	0.2	0.6
"dominula"	60	33	143	1	46.7	0.3	0.3	0	0.3	1.3
"dominula"	60	34	41	2	13.6	0.2	0.2	0	0.1	-0.5
"dominula"	60	35	176	1	35	0.2	0.2	0	0.1	-0.3
"dominula"	60	36	123	1	44.8	0.2	0.2	0	0.1	0.2
"dominula"	60	37	59	2	27.8	0.2	0.2	0	0.2	-0.4
"dominula"	60	38	361	1	66.7	0.3	0.3	0	0.3	1.1
"dominula"	60	39	48	1	22.5	0.3	0.3	0	0.1	0
"dominula"	60	40	128	2	38.4	0.4	0.4	0	0.3	0.5
"dominula"	60	41	64	1	12.4	0.3	0.3	0.1	0.1	0.4
"dominula"	60	42	102	2	38	0.4	0.4	0	0.2	0.2
"dominula"	60	43	35	1	12.8	0.2	0.2	0	0.2	0.7
"dominula"	60	44	220	1	66.7	0.2	0.2	0	0.1	0.3
"dominula"	60	45	64	1	31.6	0.2	0.2	0	0.1	-0.4
"dominula"	60	46	212	2	49	0.2	0.2	0	0.2	0
"dominula"	60	47	140	1	60.1	0.3	0.3	0	0.3	1
"dominula"	60	48	94	2	27.9	0.2	0.2	0	0.1	-0.1
"dominula"	60	49	200	1	44.1	0.2	0.2	0	0.2	0.7
"dominula"	60	50	134	2	43.9	0.3	0.3	0	0.1	0.2
"dominula"	60	51	47	2	19.4	0.3	0.3	0	0.1	-0.3
"dominula"	60	52	113	1	44	0.3	0.3	0	0.3	1
"dominula"	60	53	147	2	31.2	0.3	0.3	0	0.3	-0.1
"dominula"	60	54	76	2	27.3	0.4	0.4	0	0.4	0.9
"dominula"	60	55	136	1	25.2	0.3	0.3	0	0.2	0.7
"dominula"	60	56	95	1	34.7	0.2	0.2	0	0.2	0
"dominula"	60	57	212	1	41.1	0.3	0.3	0	0.3	1.1
"dominula"	60	58	148	1	46.5	0.3	0.3	0	0.2	0.2
"dominula"	60	59	107	1	36.9	0.3	0.3	0	0.3	0.6
"dominula"	60	60	189	3	53	0.2	0.2	0	0.1	0.1
"dominula"	70	1	56	1	12.9	0.4	0.4	0	0	-0.2
"dominula"	70	2	193	1	45.4	0.4	0.4	0	0.1	-0.1
"dominula"	70	3	71	1	22.6	0.3	0.3	0	0.1	-0.2
"dominula"	70	4	218	1	35.1	0.3	0.3	0	0	-0.4
"dominula"	70	5	54	1	19.1	0.4	0.4	0	0.2	0
"dominula"	70	6	61	1	20.9	0.3	0.3	0	0	-0.3
"dominula"	70	7	41	1	15.6	0.4	0.4	0	0	-0.2
"dominula"	70	8	59	1	25.5	0.3	0.3	0	0.2	-0.1
"dominula"	70	9	55	1	22.8	0.4	0.4	0.1	0.1	-0.1
"dominula"	70	10	49	1	17.9	0.4	0.4	0	0.1	-0.1
"dominula"	70	11	91	1	30.8	0.4	0.4	0.2	0.2	0
"dominula"	70	12	63	1	21.4	0.4	0.4	0.1	0	-0.2
"dominula"	70	13	48	1	20.6	0.3	0.3	0	0.2	0
"dominula"	70	14	194	1	65.6	0.4	0.4	0	0.2	0.3
"dominula"	70	15	82	2	41.8	0.4	0.4	0	0	-0.2
"dominula"	70	16	223	1	40.3	0.4	0.4	0	0.1	-0.1
"dominula"	70	17	293	1	51.2	0.4	0.4	0	0.3	0.4
"dominula"	70	18	77	1	25.8	0.6	0.6	0	0.3	0.7
"dominula"	70	19	58	1	29	0.6	0.6	0	0.2	0.4
"dominula"	70	20	65	1	22.8	0.3	0.3	0	0.3	0.1
"dominula"	70	21	103	1	28.7	0.3	0.3	0	0.1	0.1
"dominula"	70	22	44	1	18.6	0.3	0.3	0	0.2	-0.1
"dominula"	70	23	88	1	32.9	0.3	0.3	0	0.1	0.3
"dominula"	70	24	199	1	40	0.4	0.4	0	0.3	0.5
"dominula"	70	25	116	1	37.8	0.5	0.5	0	0.2	0.6
"dominula"	70	26	79	1	35.1	0.7	0.7	0	0.2	0.8
"dominula"	70	27	72	1	29.5	0.4	0.4	0	0.3	0.9
"dominula"	70	28	45	1	23.2	0.4	0.4	0	0.4	1
"dominula"	70	29	91	1	29	0.5	0.5	0	0.3	0.8
"dominula"	70	30	109	1	32.3	0.4	0.4	0	0.2	0.3
"dominula"	70	31	14	1	6.8	0.3	0.3	0	0.3	0.4
"dominula"	70	32	80	1	23	0.6	0.6	0	0.2	0.7
"dominula"	70	33	100	1	28.5	0.3	0.3	0	0.3	0.7
"dominula"	70	34	171	1	47.7	0.5	0.5	0	0.3	0.9
"dominula"	70	35	51	1	16.6	0.4	0.4	0	0.3	1.2
"dominula"	70	36	98	1	27.1	0.4	0.4	0	0.1	0.4
"dominula"	70	37	160	1	39	0.3	0.3	0	0.3	0.5
"dominula"	70	38	151	1	47.6	0.7	0.7	0	0.5	1.7
"dominula"	70	39	86	1	38.6	0.6	0.6	0	0.2	1.3
"dominula"	70	40	93	1	27.1	0.3	0.3	0	0.2	0.9
"dominula"	70	41	143	1	38.3	0.5	0.5	0	0.2	0.4
"dominula"	70	42	58	1	24.4	0.6	0.6	0	0.4	1.4
"dominula"	70	43	287	1	53.2	0.4	0.4	0	0.3	0.6
"dominula"	70	44	71	1	21.8	0.3	0.3	0	0.2	0.8
"dominula"	70	45	47	1	14.7	0.4	0.4	0	0.1	0.4
"dominula"	70	46	103	1	33.6	0.3	0.3	0	0.3	0.7
"dominula"	70	47	89	1	37.4	0.5	0.5	0	0.3	1.2
"dominula"	70	48	61	1	20.6	0.2	0.2	0	0.1	0.3
"dominula"	70	49	138	1	33.8	0.4	0.4	0	0.3	1.3
"dominula"	70	50	93	1	29.8	0.6	0.6	0	0.5	2.4
"dominula"	70	51	190	1	44	0.4	0.4	0	0.2	0.5
"dominula"	70	52	77	1	37.8	0.6	0.6	0	0.2	1.1
"dominula"	70	53	90	1	25.4	0.4	0.4	0	0.3	0.4
"dominula"	70	54	51	1	16.9	0.3	0.3	0	0.2	0.7
"dominula"	70	55	58	1	17.6	0.4	0.4	0	0.3	1.2
"dominula"	70	56	69	1	30.9	0.5	0.5	0	0.2	0.6
"dominula"	70	57	192	1	61.9	0.5	0.5	0	0.4	0.7
"dominula"	70	58	122	1	35.5	0.5	0.5	0	0.2	1.4
"dominula"	70	59	59	1	28.6	0.6	0.6	0	0.5	1.4
"dominula"	70	60	103	1	40.2	0.8	0.8	0	0.8	2.6
"dominula"	70	61	38	1	15.1	0.4	0.4	0	0.3	1.4
"dominula"	70	62	112	1	38.5	0.5	0.5	0	0.5	1.9
"dominula"	70	63	62	2	25.6	0.4	0.4	0	0.3	0.7
"dominula"	70	64	127	2	38.2	0.5	0.5	0	0.4	1.1
"dominula"	70	65	124	1	27.7	0.4	0.4	0	0.4	1.2
"dominula"	70	66	177	1	38	0.5	0.5	0	0.3	1.4
"dominula"	70	67	81	1	36.8	0.4	0.4	0	0.3	1.5
"dominula"	70	68	68	2	28.6	0.5	0.5	0	0.3	1.1
"dominula"	70	69	63	1	23.2	0.2	0.2	0	0.2	0.4
"dominula"	70	70	107	1	37.5	0.3	0.3	0	0.3	1.3
"dominula"	80	1	82	1	29.2	0.4	0.4	0	0	-0.2
"dominula"	80	2	124	1	30.9	0.4	0.4	0	0	-0.2
"dominula"	80	3	29	1	13.3	0.3	0.3	0	0	-0.4
"dominula"	80	4	107	2	28.2	0.3	0.3	0	0	-0.4
"dominula"	80	5	107	1	32.3	0.5	0.5	0	0.1	0.1
"dominula"	80	6	166	2	39.3	0.4	0.4	0	0	-0.2
"dominula"	80	7	76	1	28.7	0.4	0.4	0.1	0.1	-0.1
"dominula"	80	8	156	1	34.6	0.4	0.4	0	0.2	0
"dominula"	80	9	128	1	36.3	0.3	0.3	0	0.2	-0.2
"dominula"	80	10	72	1	20.9	0.3	0.3	0	0	-0.4
"dominula"	80	11	99	1	46.4	0.6	0.6	0	0.1	0.3
"dominula"	80	12	53	2	27.8	0.4	0.4	0	0.1	0
"dominula"	80	13	139	1	41.9	0.2	0.2	0	0.2	-0.2
"dominula"	80	14	150	2	53	0.6	0.6	0	0.4	0.6
"dominula"	80	15	127	2	36.1	0.4	0.4	0	0.1	0
"dominula"	80	16	53	2	21.3	0.2	0.2	0	0.1	-0.4
"dominula"	80	17	74	1	22.4	0.5	0.5	0	0.5	1
"dominula"	80	18	79	1	38.6	0.1	0.1	0	0.1	-0.5
"dominula"	80	19	46	1	15.4	0.4	0.4	0	0.1	-0.1
"dominula"	80	20	80	2	32.4	0.6	0.6	0	0.3	0.6
"dominula"	80	21	160	1	39.9	0.3	0.3	0	0.2	0
"dominula"	80	22	34	2	13.4	0.3	0.3	0	0.1	0
"dominula"	80	23	81	1	21.4	0.4	0.4	0	0.1	-0.1
"dominula"	80	24	64	1	24.9	0.1	0.1	0	0.1	-0.6
"dominula"	80	25	73	1	28.5	0.3	0.3	0	0.3	0.7
"dominula"	80	26	63	2	33.3	0.5	0.5	0	0.3	1.1
"dominula"	80	27	57	2	28.1	0.2	0.2	0	0	-0.6
"dominula"	80	28	84	1	28.5	0.4	0.4	0	0.2	0.1
"dominula"	80	29	57	2	28.2	0.4	0.4	0	0.3	0.7
"dominula"	80	30	283	1	51.7	0.4	0.4	0	0.2	0.3
"dominula"	80	31	85	2	42.3	0.4	0.4	0	0.1	-0.1
"dominula"	80	32	69	2	26.5	0.4	0.4	0	0.4	1.2
"dominula"	80	33	59	1	21.5	0.4	0.4	0	0.2	0.5
"dominula"	80	34	59	1	26.4	0.5	0.5	0	0.2	0.5
"dominula"	80	35	64	2	29.7	0.3	0.3	0	0	-0.4
"dominula"	80	36	87	1	38.2	0.4	0.4	0	0.3	1.5
"dominula"	80	37	134	1	40.9	0.4	0.4	0	0.1	0.2
"dominula"	80	38	109	1	37.6	0.3	0.3	0	0.1	-0.1
"dominula"	80	39	69	1	24.9	0.5	0.5	0	0.3	0.9
"dominula"	80	40	67	1	27.7	0.4	0.4	0	0.3	1.3
"dominula"	80	41	210	2	39.3	0.3	0.3	0	0.1	-0.3
"dominula"	80	42	108	1	38.5	0.5	0.5	0	0.4	1.5
"dominula"	80	43	121	1	39	0.4	0.4	0	0.2	0.4
"dominula"	80	44	63	1	17.5	0.2	0.2	0	0.1	0
"dominula"	80	45	194	1	41.3	0.3	0.3	0	0.1	0.3
"dominula"	80	46	122	3	36	0.4	0.4	0	0	-0.2
"dominula"	80	47	134	1	41.8	0.5	0.5	0	0.4	0.8
"dominula"	80	48	68	1	23.3	0.2	0.2	0	0.1	-0.4
"dominula"	80	49	115	2	27.6	0.3	0.3	0	0.2	0.1
"dominula"	80	50	161	2	64.6	0.3	0.3	0	0.2	0.1
"dominula"	80	51	73	1	27.9	0.4	0.4	0	0.3	0.8
"dominula"	80	52	47	1	14.3	0.3	0.3	0	0.1	0.1
"dominula"	80	53	133	2	45.3	0.3	0.3	0	0.1	0.5
"dominula"	80	54	52	2	22.7	0.4	0.4	0.1	0.3	1.1
"dominula"	80	55	65	1	26.5	0.4	0.4	0	0.3	1.6
"dominula"	80	56	91	3	20.5	0.4	0.4	0	0.2	0.6
"dominula"	80	57	118	1	35.2	0.4	0.4	0	0.3	0.9
"dominula"	80	58	106	2	47.4	0.5	0.5	0	0	0
"dominula"	80	59	70	1	26.2	0.5	0.5	0	0.4	1.1
"dominula"	80	60	89	1	33.6	0.5	0.5	0	0.4	1.7
"dominula"	80	61	101	1	31.3	0.5	0.5	0	0.2	0.7
"dominula"	80	62	39	2	16.6	0.2	0.2	0	0.1	-0.4
"dominula"	80	63	229	2	58.7	0.6	0.6	0	0.4	1.4
"dominula"	80	64	90	2	30.5	0.3	0.3	0	0.3	0.3
"dominula"	80	65	64	2	23.5	0.4	0.4	0	0.4	0.6
"dominula"	80	66	84	2	38	0.4	0.4	0	0.1	0.1
"dominula"	80	67	62	2	23.2	0.4	0.4	0	0.3	1
"dominula"	80	68	44	2	20.2	0.2	0.2	0	0.2	-0.3
"dominula"	80	69	65	1	30.1	0.5	0.5	0	0.5	1.4
"dominula"	80	70	144	2	51.7	0.7	0.7	0	0.4	1.5
"dominula"	80	71	68	2	21.2	0.4	0.4	0	0.2	1.6
"dominula"	80	72	68	2	33.1	0.2	0.2	0	0.2	-0.4
"dominula"	80	73	100	1	33.1	0.3	0.3	0	0.2	0.6
"dominula"	80	74	97	2	27.7	0.4	0.4	0	0.2	0.4
"dominula"	80	75	58	2	26.6	0.3	0.3	0	0.2	0.2
"dominula"	80	76	102	1	42.3	0.3	0.3	0	0.2	0.8
"dominula"	80	77	88	1	38.2	0.2	0.2	0	0.2	0.3
"dominula"	80	78	269	1	49.1	0.4	0.4	0	0.2	0.9
"dominula"	80	79	106	2	40.9	0.4	0.4	0	0.2	0.9
"dominula"	80	80	46	2	16.4	0.3	0.3	0	0.2	0
"dominula"	90	1	80	1	18.1	0.6	0.6	0	0	0.2
"dominula"	90	2	335	1	45.9	0.7	0.7	0	0	0.4
"dominula"	90	3	72	1	17.5	0.7	0.7	0	0.1	0.5
"dominula"	90	4	195	1	27.3	0.6	0.6	0	0.3	0.6
"dominula"	90	5	59	1	11.7	0.6	0.6	0.1	0.1	0.3
"dominula"	90	6	37	1	9.5	0.6	0.6	0	0.1	0.3
"dominula"	90	7	110	1	16.6	0.6	0.6	0	0.3	0.6
"dominula"	90	8	80	1	12.7	0.7	0.7	0	0.4	0.8
"dominula"	90	9	28	1	7.1	0.7	0.7	0	0.4	1
"dominula"	90	10	108	1	29.2	0.6	0.6	0	0.3	1.1
"dominula"	90	11	46	1	10.8	0.6	0.6	0.1	0.3	0.5
"dominula"	90	12	93	1	23.2	0.6	0.6	0	0.5	1
"dominula"	90	13	39	1	6.5	0.7	0.7	0	0.4	1.5
"dominula"	90	14	50	1	12.5	0.6	0.6	0	0.3	0.8
"dominula"	90	15	53	1	14.5	0.6	0.6	0	0.4	1.3
"dominula"	90	16	41	1	9.7	0.6	0.6	0.1	0.3	1.1
"dominula"	90	17	53	1	15.5	0.8	0.8	0	0.7	2.4
"dominula"	90	18	50	1	11.8	0.7	0.7	0	0.5	1.1
"dominula"	90	19	67	1	14.7	0.7	0.7	0	0.2	0.8
"dominula"	90	20	111	1	19.6	0.8	0.8	0	0.7	2.4
"dominula"	90	21	36	1	10	0.6	0.6	0	0.4	1.2
"dominula"	90	22	124	1	28.3	0.6	0.6	0	0.5	1.4
"dominula"	90	23	108	1	15.5	0.7	0.7	0	0.5	1.3
"dominula"	90	24	72	1	17.1	0.6	0.6	0	0.5	2.2
"dominula"	90	25	32	1	7.2	0.6	0.6	0	0.4	1.1
"dominula"	90	26	57	1	10	0.6	0.6	0	0.5	2
"dominula"	90	27	135	1	25.7	0.7	0.7	0	0.5	1.7
"dominula"	90	28	86	1	17.4	0.6	0.6	0	0.5	1.8
"dominula"	90	29	107	1	16.4	0.8	0.8	0.1	0.7	3.9
"dominula"	90	30	112	1	26.6	0.6	0.6	0	0.5	1.9
"dominula"	90	31	62	1	10.7	0.7	0.7	0	0.6	2.4
"dominula"	90	32	38	1	8	0.6	0.6	0	0.4	1.5
"dominula"	90	33	147	1	41.1	0.7	0.7	0	0.6	2.3
"dominula"	90	34	55	1	9.3	0.7	0.7	0	0.7	3.1
"dominula"	90	35	98	1	29.5	0.8	0.8	0	0.6	2.2
"dominula"	90	36	134	1	21.6	0.9	0.9	0	0.7	4.9
"dominula"	90	37	156	1	22.1	0.5	0.5	0	0.5	2.6
"dominula"	90	38	95	1	25.1	0.5	0.5	0	0.5	1.1
"dominula"	90	39	168	1	35.8	0.7	0.7	0	0.4	2.8
"dominula"	90	40	156	1	24.4	0.7	0.7	0	0.6	3.5
"dominula"	90	41	91	1	18.4	0.7	0.7	0	0.6	2.9
"dominula"	90	42	110	1	25.6	0.5	0.5	0	0.3	1.8
"dominula"	90	43	45	1	11.6	0.5	0.5	0	0.4	1.6
"dominula"	90	44	118	1	27.5	0.7	0.7	0	0.6	3.2
"dominula"	90	45	36	1	7	0.6	0.6	0	0.4	2.3
"dominula"	90	46	94	1	22.8	0.7	0.7	0	0.6	3.4
"dominula"	90	47	79	1	24.4	0.7	0.7	0	0.5	2.4
"dominula"	90	48	189	1	36.1	0.6	0.6	0	0.4	2.5
"dominula"	90	49	157	1	23.7	0.7	0.7	0	0.7	3.8
"dominula"	90	50	16	1	5.2	0.5	0.5	0	0.4	2.1
"dominula"	90	51	93	1	15.7	0.7	0.7	0	0.6	5.6
"dominula"	90	52	125	1	15.6	0.6	0.6	0	0.5	2.4
"dominula"	90	53	138	1	31.7	0.7	0.7	0	0.6	2.7
"dominula"	90	54	36	1	8.1	0.6	0.6	0	0.6	3.8
"dominula"	90	55	68	1	12.8	0.7	0.7	0	0.6	3.2
"dominula"	90	56	52	1	14.1	0.6	0.6	0	0.5	3.5
"dominula"	90	57	37	1	9.5	0.5	0.5	0	0.4	3.2
"dominula"	90	58	64	1	12.3	0.6	0.6	0	0.5	2.8
"dominula"	90	59	115	1	25.9	0.6	0.6	0	0.4	2.3
"dominula"	90	60	78	1	15.5	0.8	0.8	0	0.6	3.1
"dominula"	90	61	70	1	10	0.8	0.8	0	0.6	4.4
"dominula"	90	62	64	1	13.5	0.4	0.4	0	0.3	1.9
"dominula"	90	63	49	1	12.7	0.7	0.7	0	0.7	3.3
"dominula"	90	64	70	1	11.6	0.5	0.5	0	0.5	3.9
"dominula"	90	65	191	1	39.7	0.7	0.7	0	0.5	1.9
"dominula"	90	66	68	1	14.9	0.6	0.6	0	0.5	3
"dominula"	90	67	85	1	19.9	0.6	0.6	0.1	0.3	2.5
"dominula"	90	68	53	1	15.3	0.6	0.6	0	0.6	3.5
"dominula"	90	69	117	1	17.3	0.7	0.7	0	0.5	3
"dominula"	90	70	85	1	19.4	0.8	0.8	0	0.5	3.5
"dominula"	90	71	40	1	9.6	0.6	0.6	0	0.6	4.7
"dominula"	90	72	88	1	19.3	0.6	0.6	0	0.5	2.9
"dominula"	90	73	140	1	21.6	0.7	0.7	0	0.4	2.8
"dominula"	90	74	98	1	18.3	0.6	0.6	0	0.6	3
"dominula"	90	75	110	2	33.4	0.7	0.7	0	0.6	1.6
"dominula"	90	76	24	1	8.3	0.6	0.6	0	0.6	3.5
"dominula"	90	77	53	1	9	0.7	0.7	0	0.5	2.1
"dominula"	90	78	181	1	28.6	0.6	0.6	0	0.6	2.9
"dominula"	90	79	82	1	19.7	0.6	0.6	0	0.6	5.2
"dominula"	90	80	57	1	13.4	0.7	0.7	0	0.6	5.2
"dominula"	90	81	198	1	29.7	0.7	0.7	0	0.6	3.9
"dominula"	90	82	69	1	12	0.6	0.6	0	0.6	3.7
"dominula"	90	83	44	1	12.8	0.7	0.7	0	0.6	4.7
"dominula"	90	84	35	1	10.9	0.6	0.6	0	0.4	2.7
"dominula"	90	85	37	1	8.4	0.7	0.7	0	0.6	5.5
"dominula"	90	86	144	1	28.2	0.7	0.7	0.1	0.5	2.7
"dominula"	90	87	69	1	14	0.6	0.6	0	0.4	2.8
"dominula"	90	88	66	1	10.6	0.7	0.7	0	0.6	3.8
"dominula"	90	89	98	1	16.7	0.6	0.6	0	0.5	4.9
"dominula"	90	90	99	1	21.2	0.6	0.6	0	0.5	3.8
"dominula"	100	1	41	1	8.3	0.8	0.8	0	0	0.6
"dominula"	100	2	58	1	9	0.6	0.6	0	0	0.3
"dominula"	100	3	34	1	9.7	0.7	0.7	0	0.1	0.5
"dominula"	100	4	31	1	6.2	0.6	0.6	0	0.1	0.5
"dominula"	100	5	114	1	23.2	0.6	0.6	0	0.1	0.3
"dominula"	100	6	45	1	7.7	0.7	0.7	0	0.5	1.1
"dominula"	100	7	30	1	7.5	0.5	0.5	0	0.1	0.3
"dominula"	100	8	92	1	15.9	0.7	0.7	0	0.4	0.8
"dominula"	100	9	25	1	5.2	0.6	0.6	0	0.2	0.7
"dominula"	100	10	63	1	13.3	0.7	0.7	0	0.5	1.4
"dominula"	100	11	28	1	8	0.7	0.7	0	0.6	1.4
"dominula"	100	12	75	1	18.5	0.7	0.7	0.1	0.4	1
"dominula"	100	13	21	1	6.7	0.7	0.7	0	0.4	1.1
"dominula"	100	14	65	1	14.1	0.8	0.8	0	0.5	1.9
"dominula"	100	15	83	1	14.2	0.8	0.8	0	0.6	1.6
"dominula"	100	16	30	1	6.8	0.9	0.9	0	0.7	3.1
"dominula"	100	17	21	1	7.3	0.7	0.7	0	0.4	1.4
"dominula"	100	18	25	1	6.1	0.6	0.6	0	0.6	1.8
"dominula"	100	19	39	1	9.8	0.8	0.8	0	0.5	2.8
"dominula"	100	20	37	1	9.5	0.7	0.7	0	0.4	1.4
"dominula"	100	21	90	1	15	0.4	0.4	0	0.3	1.5
"dominula"	100	22	257	1	40.7	0.6	0.6	0	0.3	1
"dominula"	100	23	130	1	20.2	0.6	0.6	0	0.4	1.8
"dominula"	100	24	16	1	6.2	0.7	0.7	0	0.3	1.5
"dominula"	100	25	26	1	8.3	0.6	0.6	0.1	0.3	1.9
"dominula"	100	26	66	1	8.8	0.6	0.6	0	0.5	1.8
"dominula"	100	27	18	1	4	0.7	0.7	0	0.6	2.1
"dominula"	100	28	50	1	7.8	0.7	0.7	0	0.5	1.6
"dominula"	100	29	65	1	18.7	0.7	0.7	0.2	0.4	1.2
"dominula"	100	30	61	1	12.3	0.7	0.7	0	0.5	2.4
"dominula"	100	31	71	1	15.5	0.6	0.6	0	0.6	2.3
"dominula"	100	32	43	1	15	0.7	0.7	0	0.4	2.1
"dominula"	100	33	163	1	36.4	0.6	0.6	0	0.4	1.9
"dominula"	100	34	34	1	6.9	0.7	0.7	0	0.6	2.5
"dominula"	100	35	38	1	9.6	0.6	0.6	0	0.6	1.7
"dominula"	100	36	24	1	5.5	0.8	0.8	0	0.8	4.5
"dominula"	100	37	75	1	16.2	0.7	0.7	0	0.6	3
"dominula"	100	38	64	1	13.2	0.6	0.6	0	0.4	2.6
"dominula"	100	39	134	1	19.1	0.8	0.8	0.1	0.4	2.8
"dominula"	100	40	56	1	12.4	0.5	0.5	0	0.3	1.9
"dominula"	100	41	119	1	29.9	0.7	0.7	0	0.4	3
"dominula"	100	42	32	1	7	0.6	0.6	0	0.4	1.5
"dominula"	100	43	140	1	25.7	0.7	0.7	0	0.3	0.7
"dominula"	100	44	125	1	28.6	0.6	0.6	0	0.3	1.7
"dominula"	100	45	64	1	16.6	0.6	0.6	0	0.2	1
"dominula"	100	46	142	2	23.6	0.7	0.7	0	0.4	1.9
"dominula"	100	47	46	1	13.3	0.7	0.7	0	0.5	2.6
"dominula"	100	48	55	1	12.7	0.6	0.6	0	0.5	2.9
"dominula"	100	49	109	1	17.9	0.6	0.6	0	0.6	2.5
"dominula"	100	50	88	1	17.4	0.8	0.8	0	0.6	2
"dominula"	100	51	46	1	16.6	0.8	0.8	0	0.7	3.1
"dominula"	100	52	97	1	17.2	0.4	0.4	0	0.4	1.8
"dominula"	100	53	54	1	12.9	0.6	0.6	0	0.6	3.5
"dominula"	100	54	40	1	11.8	0.6	0.6	0	0.4	2.8
"dominula"	100	55	61	1	16.5	0.5	0.5	0	0.5	3.1
"dominula"	100	56	65	1	18	0.8	0.8	0	0.7	4.1
"dominula"	100	57	81	1	22.7	0.5	0.5	0	0.5	2.4
"dominula"	100	58	7	1	2.9	0.7	0.7	0	0.7	3.9
"dominula"	100	59	176	1	34	0.5	0.5	0	0.5	1.1
"dominula"	100	60	53	1	11	0.7	0.7	0	0.5	3.4
"dominula"	100	61	53	2	16.7	0.6	0.6	0	0.5	3.9
"dominula"	100	62	114	1	22.5	0.6	0.6	0	0.6	2.1
"dominula"	100	63	80	1	12.4	0.8	0.8	0	0.7	3.7
"dominula"	100	64	121	1	22.4	0.6	0.6	0	0.3	0.9
"dominula"	100	65	145	1	22	0.6	0.6	0.1	0.4	2.7
"dominula"	100	66	54	1	9.6	0.6	0.6	0	0.6	2.3
"dominula"	100	67	34	1	10	0.7	0.7	0	0.5	2.4
"dominula"	100	68	54	1	14.2	0.9	0.9	0	0.5	3.1
"dominula"	100	69	84	1	13.8	0.7	0.7	0	0.6	3.8
"dominula"	100	70	17	1	5.7	0.6	0.6	0	0.4	2.8
"dominula"	100	71	36	1	9.7	0.5	0.5	0	0.5	3.2
"dominula"	100	72	54	1	13.4	0.9	0.9	0	0.8	4.5
"dominula"	100	73	160	1	28.1	0.6	0.6	0	0.6	3.8
"dominula"	100	74	50	1	10.9	0.7	0.7	0	0.7	5
"dominula"	100	75	42	1	11	0.6	0.6	0	0.5	2.7
"dominula"	100	76	68	1	16.3	0.8	0.8	0	0.6	4.4
"dominula"	100	77	94	1	15.9	0.8	0.8	0	0.5	3.9
"dominula"	100	78	60	1	10.2	0.8	0.8	0	0.8	5.1
"dominula"	100	79	190	1	28.5	0.7	0.7	0	0.4	2.3
"dominula"	100	80	57	1	11.9	0.7	0.7	0	0.3	2.2
"dominula"	100	81	69	1	19.8	0.5	0.5	0	0.3	1.8
"dominula"	100	82	47	1	14.6	0.8	0.8	0	0.6	4.7
"dominula"	100	83	70	1	13.9	0.5	0.5	0	0.4	2.8
"dominula"	100	84	57	1	9.7	0.6	0.6	0	0.5	3.9
"dominula"	100	85	60	1	14.3	0.6	0.6	0	0.6	2.8
"dominula"	100	86	64	1	11.4	0.8	0.8	0	0.7	4.1
"dominula"	100	87	24	1	6.2	0.7	0.7	0	0.7	4.3
"dominula"	100	88	103	1	24.2	0.8	0.8	0	0.8	5.1
"dominula"	100	89	59	1	12.8	0.7	0.7	0	0.7	6
"dominula"	100	90	90	1	24.4	0.8	0.8	0.1	0.4	2.1
"dominula"	100	91	137	1	18.9	0.6	0.6	0	0.6	4.2
"dominula"	100	92	46	1	12.3	0.7	0.7	0	0.5	3
"dominula"	100	93	27	1	7.6	0.7	0.7	0	0.7	4.2
"dominula"	100	94	197	1	26	0.5	0.5	0	0.5	3.1
"dominula"	100	95	14	1	5.6	0.8	0.8	0	0.8	3.3
"dominula"	100	96	73	1	15.6	0.8	0.8	0	0.8	4.1
"dominula"	100	97	45	1	14.4	0.7	0.7	0.1	0.6	3.1
"dominula"	100	98	126	1	25.1	0.5	0.5	0	0.5	2.6
"dominula"	100	99	28	1	6.2	0.8	0.8	0	0.8	5.5
"dominula"	100	100	53	1	13.2	0.8	0.8	0	0.6	4.5
"dominula"	110	1	92	1	28.6	0.6	0.6	0	0	0.2
"dominula"	110	2	120	1	29.4	0.8	0.8	0	0.1	0.7
"dominula"	110	3	143	1	25.4	0.6	0.6	0	0	0.2
"dominula"	110	4	62	1	17.9	0.4	0.4	0	0.1	0.1
"dominula"	110	5	55	1	12.2	0.5	0.5	0	0.3	0.4
"dominula"	110	6	15	1	5.9	0.6	0.6	0	0	0.2
"dominula"	110	7	184	1	34	0.4	0.4	0	0.3	0.4
"dominula"	110	8	103	1	16.6	0.5	0.5	0	0.2	0.2
"dominula"	110	9	65	1	13.4	0.5	0.5	0	0.1	0.1
"dominula"	110	10	131	1	21.5	0.6	0.6	0	0.4	0.9
"dominula"	110	11	87	1	20.8	0.5	0.5	0	0.3	0.7
"dominula"	110	12	82	1	19.5	0.5	0.5	0	0.4	0.7
"dominula"	110	13	41	1	15.5	0.5	0.5	0	0.4	0.4
"dominula"	110	14	50	1	15.9	0.7	0.7	0.1	0.4	1.3
"dominula"	110	15	47	1	18	0.5	0.5	0	0.4	0.9
"dominula"	110	16	119	1	25.1	0.4	0.4	0	0.2	0.2
"dominula"	110	17	118	1	29.6	0.7	0.7	0	0.4	1
"dominula"	110	18	53	1	17.5	0.6	0.6	0.1	0.2	0.6
"dominula"	110	19	138	1	23.9	0.5	0.5	0	0.4	0.6
"dominula"	110	20	173	1	33.9	0.6	0.6	0	0.4	1.5
"dominula"	110	21	79	1	17	0.5	0.5	0	0.3	0.7
"dominula"	110	22	124	1	30.7	0.5	0.5	0	0.4	1.2
"dominula"	110	23	78	1	13.4	0.5	0.5	0	0.5	1.5
"dominula"	110	24	131	1	29.2	0.6	0.6	0.1	0.2	1.1
"dominula"	110	25	76	1	18	0.6	0.6	0	0.4	1.7
"dominula"	110	26	112	1	17.8	0.7	0.7	0	0.4	1.4
"dominula"	110	27	177	1	23.9	0.5	0.5	0	0.5	2
"dominula"	110	28	71	1	21.1	0.5	0.5	0	0.4	1
"dominula"	110	29	106	1	21.4	0.5	0.5	0	0.5	1.2
"dominula"	110	30	69	1	24.2	0.7	0.7	0	0.5	1.5
"dominula"	110	31	69	1	22.4	0.6	0.6	0	0.5	1.7
"dominula"	110	32	59	1	22.9	0.6	0.6	0	0.4	1.4
"dominula"	110	33	155	1	21.1	0.5	0.5	0	0.5	1.4
"dominula"	110	34	105	1	22.5	0.4	0.4	0	0.4	2
"dominula"	110	35	67	1	14.3	0.6	0.6	0	0.6	2
"dominula"	110	36	59	1	16.4	0.5	0.5	0	0.3	1.2
"dominula"	110	37	210	1	36.6	0.5	0.5	0	0.3	0.8
"dominula"	110	38	111	1	22.4	0.6	0.6	0	0.5	2.1
"dominula"	110	39	123	1	25.1	0.7	0.7	0	0.4	2.3
"dominula"	110	40	72	1	25.9	0.7	0.7	0	0.5	2.4
"dominula"	110	41	314	1	58.5	0.5	0.5	0	0.3	1.3
"dominula"	110	42	131	1	22	0.6	0.6	0	0.5	2.9
"dominula"	110	43	118	1	24	0.6	0.6	0	0.5	1.9
"dominula"	110	44	61	1	14.9	0.5	0.5	0.1	0.3	1.8
"dominula"	110	45	60	1	23.4	0.5	0.5	0	0.4	1.6
"dominula"	110	46	186	1	32.6	0.5	0.5	0	0.4	2.6
"dominula"	110	47	69	1	17.6	0.5	0.5	0	0.4	1.5
"dominula"	110	48	122	1	21.9	0.5	0.5	0	0.3	1.3
"dominula"	110	49	91	1	21.8	0.5	0.5	0.1	0.1	0.4
"dominula"	110	50	95	1	29.4	0.6	0.6	0	0.4	3
"dominula"	110	51	112	1	20.3	0.5	0.5	0	0.5	2.2
"dominula"	110	52	109	1	23.9	0.5	0.5	0	0.5	2.7
"dominula"	110	53	121	1	25.7	0.5	0.5	0	0.2	1.5
"dominula"	110	54	47	1	13.4	0.7	0.7	0	0.5	1.9
"dominula"	110	55	138	1	25.4	0.6	0.6	0	0.5	2.1
"dominula"	110	56	80	1	26.8	0.5	0.5	0	0.5	2.2
"dominula"	110	57	91	1	23.3	0.6	0.6	0.1	0.3	2.4
"dominula"	110	58	203	1	40.7	0.5	0.5	0	0.5	3.3
"dominula"	110	59	166	1	34.7	0.6	0.6	0	0.5	3.7
"dominula"	110	60	281	1	47.5	0.6	0.6	0	0.5	2.5
"dominula"	110	61	91	1	19	0.4	0.4	0	0.4	1.3
"dominula"	110	62	56	1	17.6	0.6	0.6	0	0.5	4.1
"dominula"	110	63	64	1	21.4	0.5	0.5	0	0.4	3.1
"dominula"	110	64	46	1	14	0.5	0.5	0	0.4	2.8
"dominula"	110	65	72	1	15.7	0.6	0.6	0	0.6	3.6
"dominula"	110	66	85	1	20.6	0.4	0.4	0	0.4	2.3
"dominula"	110	67	156	1	23.7	0.5	0.5	0	0.4	2
"dominula"	110	68	77	1	20.6	0.7	0.7	0	0.6	3.4
"dominula"	110	69	193	1	27.1	0.4	0.4	0	0.4	2.9
"dominula"	110	70	51	1	15.6	0.5	0.5	0	0.4	2.3
"dominula"	110	71	32	1	10.7	0.6	0.6	0	0.5	3.5
"dominula"	110	72	191	1	31.2	0.5	0.5	0	0.5	3
"dominula"	110	73	88	1	22	0.7	0.7	0	0.5	2.5
"dominula"	110	74	96	2	23.8	0.6	0.6	0.1	0.3	0.8
"dominula"	110	75	338	1	57.9	0.6	0.6	0.1	0.5	1.9
"dominula"	110	76	112	1	24.7	0.6	0.6	0	0.4	2
"dominula"	110	77	51	1	13.1	0.6	0.6	0	0.4	2.8
"dominula"	110	78	58	1	16.5	0.5	0.5	0	0.5	4.2
"dominula"	110	79	48	1	13.6	0.5	0.5	0	0.5	3.3
"dominula"	110	80	151	1	38.3	0.5	0.5	0	0.3	0.9
"dominula"	110	81	127	1	23.7	0.6	0.6	0	0.5	2.7
"dominula"	110	82	103	1	34.9	0.5	0.5	0	0.4	1.8
"dominula"	110	83	57	1	14.3	0.6	0.6	0	0.4	3
"dominula"	110	84	55	2	19.2	0.7	0.7	0	0.5	1.9
"dominula"	110	85	61	1	22.1	0.5	0.5	0	0.5	2.5
"dominula"	110	86	73	1	20.2	0.6	0.6	0	0.5	3.6
"dominula"	110	87	113	1	29.6	0.6	0.6	0	0.5	4.3
"dominula"	110	88	59	1	15.4	0.5	0.5	0	0.5	4.3
"dominula"	110	89	75	1	27.5	0.4	0.4	0	0.4	3.6
"dominula"	110	90	90	2	16.7	0.4	0.4	0	0.2	2.3
"dominula"	110	91	59	1	17.3	0.5	0.5	0	0.5	2.7
"dominula"	110	92	99	2	38.5	0.5	0.5	0	0.2	1.4
"dominula"	110	93	90	1	24.8	0.5	0.5	0	0.5	3.6
"dominula"	110	94	144	2	28	0.5	0.5	0	0.5	2
"dominula"	110	95	101	1	17.4	0.6	0.6	0	0.4	2.7
"dominula"	110	96	74	1	23.5	0.6	0.6	0	0.5	2.6
"dominula"	110	97	69	1	21.6	0.5	0.5	0	0.5	3.7
"dominula"	110	98	120	1	34.9	0.5	0.5	0	0.4	2.9
"dominula"	110	99	70	1	21.7	0.5	0.5	0	0.4	1.9
"dominula"	110	100	134	1	25.8	0.6	0.6	0	0.5	1.9
"dominula"	110	101	176	1	47.7	0.5	0.5	0	0.4	2.3
"dominula"	110	102	107	1	23.7	0.7	0.7	0	0.4	2
"dominula"	110	103	50	1	16	0.6	0.6	0	0.6	3.4
"dominula"	110	104	98	1	26.5	0.7	0.7	0	0.5	4.2
"dominula"	110	105	55	1	14.7	0.6	0.6	0	0.5	2
"dominula"	110	106	74	1	19.8	0.5	0.5	0	0.5	3.4
"dominula"	110	107	115	1	30.5	0.5	0.5	0	0.4	3.9
"dominula"	110	108	77	1	23.2	0.6	0.6	0	0.5	3.2
"dominula"	110	109	39	1	9.9	0.6	0.6	0	0.6	3.6
"dominula"	110	110	64	1	13.9	0.6	0.6	0	0.5	2.9
"dominula"	120	1	52	1	13.9	0.7	0.7	0	0	0.4
"dominula"	120	2	64	1	16.3	0.5	0.5	0	0	0
"dominula"	120	3	74	1	19.9	0.6	0.6	0	0	0.3
"dominula"	120	4	88	1	26.6	0.6	0.6	0	0	0.3
"dominula"	120	5	98	1	22.1	0.7	0.7	0	0.3	0.7
"dominula"	120	6	82	1	18.9	0.5	0.5	0	0.1	0.1
"dominula"	120	7	79	1	21.7	0.6	0.6	0	0.1	0.3
"dominula"	120	8	80	1	12.5	0.7	0.7	0	0.2	0.6
"dominula"	120	9	106	1	18.3	0.6	0.6	0	0.1	0.3
"dominula"	120	10	56	1	12	0.4	0.4	0.1	0.2	0.2
"dominula"	120	11	92	1	28.8	0.5	0.5	0	0.4	0.6
"dominula"	120	12	73	1	24.2	0.4	0.4	0	0.3	0.5
"dominula"	120	13	105	1	24.7	0.6	0.6	0	0.4	0.9
"dominula"	120	14	38	1	11.8	0.6	0.6	0	0.6	1.5
"dominula"	120	15	48	1	12.1	0.7	0.7	0	0.4	1.1
"dominula"	120	16	73	1	23.3	0.7	0.7	0	0.2	0.8
"dominula"	120	17	107	1	17.8	0.7	0.7	0	0.7	2
"dominula"	120	18	80	1	22.2	0.6	0.6	0	0.2	1
"dominula"	120	19	40	1	14.5	0.6	0.6	0	0.4	1
"dominula"	120	20	222	1	36.9	0.5	0.5	0	0.5	1.5
"dominula"	120	21	36	1	11.4	0.7	0.7	0	0.5	1.6
"dominula"	120	22	99	1	20.4	0.6	0.6	0	0.3	1.4
"dominula"	120	23	36	1	10.1	0.6	0.6	0	0.4	1.1
"dominula"	120	24	36	1	10.3	0.6	0.6	0	0.5	1.9
"dominula"	120	25	72	1	17.5	0.7	0.7	0	0.5	1.7
"dominula"	120	26	89	1	18.7	0.7	0.7	0	0.7	1.7
"dominula"	120	27	70	1	20.1	0.6	0.6	0	0.4	1.2
"dominula"	120	28	62	1	19.7	0.7	0.7	0	0.4	1.3
"dominula"	120	29	70	1	18.4	0.6	0.6	0	0.6	2.2
"dominula"	120	30	86	1	18.3	0.5	0.5	0	0.4	1.7
"dominula"	120	31	93	1	21.3	0.7	0.7	0	0.6	2.5
"dominula"	120	32	122	1	30.3	0.5	0.5	0	0.5	1.6
"dominula"	120	33	90	1	23.3	0.7	0.7	0	0.7	2.9
"dominula"	120	34	48	1	12.4	0.5	0.5	0	0.4	1.9
"dominula"	120	35	76	1	22	0.6	0.6	0	0.4	0.7
"dominula"	120	36	78	1	15.7	0.5	0.5	0	0.5	1.8
"dominula"	120	37	215	1	37.2	0.6	0.6	0	0.4	1.5
"dominula"	120	38	41	1	12.2	0.8	0.8	0	0.5	2.1
"dominula"	120	39	99	1	19.4	0.7	0.7	0	0.6	2.6
"dominula"	120	40	40	1	14	0.6	0.6	0	0.5	2.7
"dominula"	120	41	132	1	25.9	0.6	0.6	0	0.4	2.6
"dominula"	120	42	107	1	25.7	0.6	0.6	0	0.5	2.6
"dominula"	120	43	73	1	13	0.6	0.6	0	0.5	2.5
"dominula"	120	44	75	1	24.9	0.7	0.7	0	0.5	2
"dominula"	120	45	77	1	16.7	0.6	0.6	0	0.5	2.7
"dominula"	120	46	109	1	19.5	0.7	0.7	0	0.6	3.7
"dominula"	120	47	47	1	9.8	0.4	0.4	0	0.3	1.8
"dominula"	120	48	88	1	23.5	0.6	0.6	0.1	0.3	1.4
"dominula"	120	49	146	1	32.6	0.4	0.4	0	0.3	1
"dominula"	120	50	102	1	17.6	0.5	0.5	0	0.5	2.5
"dominula"	120	51	81	1	17.7	0.7	0.7	0	0.3	2
"dominula"	120	52	107	1	18.7	0.6	0.6	0	0.6	3
"dominula"	120	53	64	1	21	0.6	0.6	0	0.4	1.9
"dominula"	120	54	115	1	35.3	0.6	0.6	0	0.4	2.9
"dominula"	120	55	87	1	23.8	0.6	0.6	0	0.4	1.8
"dominula"	120	56	45	1	15	0.7	0.7	0	0.6	2.5
"dominula"	120	57	66	1	13.6	0.6	0.6	0	0.5	3
"dominula"	120	58	98	1	19.9	0.7	0.7	0	0.7	3.6
"dominula"	120	59	40	1	12.4	0.6	0.6	0	0.6	1.5
"dominula"	120	60	81	1	19.4	0.6	0.6	0	0.6	2.4
"dominula"	120	61	86	1	18.9	0.5	0.5	0	0.5	1.7
"dominula"	120	62	48	1	15.9	0.7	0.7	0	0.5	2.9
"dominula"	120	63	192	1	40.8	0.7	0.7	0	0.4	2.8
"dominula"	120	64	75	1	14.8	0.6	0.6	0	0.4	1.9
"dominula"	120	65	131	1	26	0.4	0.4	0	0.3	1.5
"dominula"	120	66	69	1	16.7	0.6	0.6	0	0.6	4.7
"dominula"	120	67	51	1	14.8	0.6	0.6	0	0.5	3
"dominula"	120	68	48	1	17.6	0.6	0.6	0	0.5	3
"dominula"	120	69	26	1	8.4	0.5	0.5	0	0.3	1.8
"dominula"	120	70	38	1	10.4	0.6	0.6	0	0.6	3.5
"dominula"	120	71	50	1	14.5	0.4	0.4	0	0.3	1.7
"dominula"	120	72	38	1	11.5	0.6	0.6	0	0.6	3.4
"dominula"	120	73	138	1	28.8	0.5	0.5	0	0.3	1.5
"dominula"	120	74	89	1	21.2	0.7	0.7	0	0.4	2.7
"dominula"	120	75	56	1	18	0.6	0.6	0	0.4	2.9
"dominula"	120	76	55	2	13.9	0.6	0.6	0	0.6	1.8
"dominula"	120	77	106	1	30.2	0.8	0.8	0	0.5	1.9
"dominula"	120	78	59	2	15.9	0.7	0.7	0	0.6	1.6
"dominula"	120	79	59	1	14.6	0.5	0.5	0	0.5	3.6
"dominula"	120	80	166	1	31.4	0.7	0.7	0.1	0.5	3.2
"dominula"	120	81	94	1	23.1	0.6	0.6	0	0.3	1.9
"dominula"	120	82	47	1	14.3	0.6	0.6	0	0.5	3.6
"dominula"	120	83	114	1	22.9	0.7	0.7	0	0.6	3.8
"dominula"	120	84	87	1	24	0.7	0.7	0	0.6	3.6
"dominula"	120	85	44	1	14.6	0.6	0.6	0	0.5	2.6
"dominula"	120	86	19	1	7.5	0.6	0.6	0	0.6	2.6
"dominula"	120	87	33	1	10	0.7	0.7	0.1	0.5	2.7
"dominula"	120	88	29	1	11.4	0.7	0.7	0	0.5	3.5
"dominula"	120	89	40	1	8.8	0.7	0.7	0	0.7	4.1
"dominula"	120	90	76	1	15.7	0.7	0.7	0	0.6	4.6
"dominula"	120	91	131	1	21.2	0.8	0.8	0	0.7	4.5
"dominula"	120	92	50	1	13.4	0.5	0.5	0	0.5	2.2
"dominula"	120	93	40	1	13.7	0.6	0.6	0	0.5	3.4
"dominula"	120	94	135	1	27.7	0.6	0.6	0	0.4	3.3
"dominula"	120	95	46	1	12.2	0.5	0.5	0	0.4	2.5
"dominula"	120	96	69	1	17.9	0.6	0.6	0	0.6	4.6
"dominula"	120	97	27	1	9.7	0.6	0.6	0	0.5	3.5
"dominula"	120	98	83	2	18.8	0.7	0.7	0	0.5	2
"dominula"	120	99	41	1	9.9	0.5	0.5	0	0.5	5.1
"dominula"	120	100	113	1	24.8	0.4	0.4	0	0.3	2.5
"dominula"	120	101	302	2	48.3	0.7	0.7	0.1	0.6	4.2
"dominula"	120	102	62	1	19.4	0.6	0.6	0	0.5	2.6
"dominula"	120	103	63	1	16.5	0.6	0.6	0	0.4	3.9
"dominula"	120	104	69	1	23.6	0.5	0.5	0	0.3	2.2
"dominula"	120	105	28	1	10	0.6	0.6	0.1	0.4	1.9
"dominula"	120	106	41	1	11.4	0.6	0.6	0	0.6	3.5
"dominula"	120	107	73	1	22.4	0.7	0.7	0	0.6	4.3
"dominula"	120	108	181	1	25.2	0.6	0.6	0	0.4	4.9
"dominula"	120	109	54	1	14.4	0.5	0.5	0	0.5	3.3
"dominula"	120	110	99	2	17.5	0.6	0.6	0	0.6	4.8
"dominula"	120	111	57	1	20.3	0.6	0.6	0	0.5	3.1
"dominula"	120	112	105	1	19.8	0.7	0.7	0	0.7	4.5
"dominula"	120	113	174	1	28.8	0.4	0.4	0	0.4	4.5
"dominula"	120	114	142	2	35.3	0.5	0.5	0	0.4	3.6
"dominula"	120	115	124	1	27	0.5	0.5	0	0.5	4.6
"dominula"	120	116	128	2	29	0.6	0.6	0.1	0.4	4.1
"dominula"	120	117	161	2	29	0.6	0.6	0	0.6	3.9
"dominula"	120	118	31	1	9.8	0.7	0.7	0	0.6	3.5
"dominula"	120	119	53	1	13.5	0.5	0.5	0	0.5	4.7
"dominula"	120	120	85	1	13.1	0.5	0.5	0	0.4	3.4
"dominula"	130	1	41	1	12.4	0.7	0.7	0	0	0.4
"dominula"	130	2	202	1	29.2	0.6	0.6	0	0.1	0.3
"dominula"	130	3	38	1	10.1	0.5	0.5	0	0	0.1
"dominula"	130	4	15	1	5.2	0.5	0.5	0	0.2	0.4
"dominula"	130	5	208	1	40.1	0.6	0.6	0	0	0.2
"dominula"	130	6	121	1	19.4	0.6	0.6	0	0.4	0.8
"dominula"	130	7	112	1	17.6	0.6	0.6	0	0.2	0.4
"dominula"	130	8	93	1	25.1	0.7	0.7	0	0.2	1
"dominula"	130	9	43	1	12.5	0.5	0.5	0	0.2	0.2
"dominula"	130	10	85	1	17.6	0.5	0.5	0	0.3	0.3
"dominula"	130	11	43	1	19.6	0.7	0.7	0	0.4	1
"dominula"	130	12	149	1	35.1	0.5	0.5	0	0.4	0.4
"dominula"	130	13	41	1	11.6	0.5	0.5	0	0.5	0.9
"dominula"	130	14	60	1	15.9	0.5	0.5	0	0.2	0.7
"dominula"	130	15	40	1	10.4	0.7	0.7	0	0.3	0.9
"dominula"	130	16	45	1	12.6	0.6	0.6	0	0.3	0.9
"dominula"	130	17	34	1	12.1	0.6	0.6	0.1	0.2	0.7
"dominula"	130	18	89	1	18	0.6	0.6	0	0.5	1.6
"dominula"	130	19	120	1	23.9	0.6	0.6	0	0.6	1.4
"dominula"	130	20	120	1	28.2	0.5	0.5	0	0.4	0.9
"dominula"	130	21	153	1	23	0.6	0.6	0.1	0.2	0.5
"dominula"	130	22	93	1	17.1	0.7	0.7	0	0.4	1.2
"dominula"	130	23	104	1	17.6	0.5	0.5	0	0.5	1.4
"dominula"	130	24	77	1	17.6	0.6	0.6	0	0.3	1.2
"dominula"	130	25	28	1	8.4	0.7	0.7	0.1	0.5	1.2
"dominula"	130	26	119	1	29.8	0.5	0.5	0	0.4	1.7
"dominula"	130	27	63	1	9.6	0.6	0.6	0	0.6	1.8
"dominula"	130	28	77	1	21.7	0.7	0.7	0	0.3	1.7
"dominula"	130	29	95	1	21.6	0.6	0.6	0	0.6	2
"dominula"	130	30	77	1	12.8	0.7	0.7	0	0.6	2
"dominula"	130	31	55	1	10.4	0.6	0.6	0	0.3	1.2
"dominula"	130	32	169	1	28	0.6	0.6	0	0.6	2.1
"dominula"	130	33	92	1	17.3	0.4	0.4	0	0.4	1.3
"dominula"	130	34	83	1	23.9	0.6	0.6	0	0.4	2.1
"dominula"	130	35	62	1	22.6	0.6	0.6	0	0.2	1
"dominula"	130	36	100	1	15.5	0.5	0.5	0	0.5	1.3
"dominula"	130	37	188	1	45.7	0.6	0.6	0	0.3	1.3
"dominula"	130	38	65	1	20.8	0.7	0.7	0	0.5	2.3
"dominula"	130	39	63	1	16.9	0.7	0.7	0	0.5	2
"dominula"	130	40	24	2	9.7	0.7	0.7	0	0.4	1.6
"dominula"	130	41	95	1	25.4	0.5	0.5	0	0.4	1.9
"dominula"	130	42	161	1	29.2	0.6	0.6	0	0.6	3
"dominula"	130	43	130	1	22.7	0.6	0.6	0	0.4	2.8
"dominula"	130	44	42	1	14.6	0.5	0.5	0	0.3	1.5
"dominula"	130	45	228	1	33.8	0.8	0.8	0	0.7	3.4
"dominula"	130	46	109	1	25.2	0.5	0.5	0	0.4	1.8
"dominula"	130	47	102	1	16.7	0.6	0.6	0	0.5	3
"dominula"	130	48	136	1	21.8	0.7	0.7	0	0.6	3.5
"dominula"	130	49	46	1	13.2	0.7	0.7	0	0.5	3
"dominula"	130	50	32	1	7.3	0.6	0.6	0	0.3	1.5
"dominula"	130	51	67	1	16.1	0.6	0.6	0	0.5	2.6
"dominula"	130	52	85	1	22.1	0.6	0.6	0	0.5	3
"dominula"	130	53	59	1	14	0.8	0.8	0	0.7	2.7
"dominula"	130	54	53	1	9.5	0.6	0.6	0	0.6	3.3
"dominula"	130	55	175	1	28.5	0.6	0.6	0	0.6	2.3
"dominula"	130	56	83	1	20.3	0.5	0.5	0	0.3	1.9
"dominula"	130	57	202	1	30.8	0.7	0.7	0	0.5	2.6
"dominula"	130	58	102	1	22.4	0.7	0.7	0	0.6	4.2
"dominula"	130	59	67	1	12.9	0.6	0.6	0	0.5	3.3
"dominula"	130	60	51	1	13.8	0.8	0.8	0	0.6	3
"dominula"	130	61	62	1	12.7	0.8	0.8	0	0.7	2.7
"dominula"	130	62	85	1	21.2	0.5	0.5	0	0.4	1.2
"dominula"	130	63	76	1	20.7	0.7	0.7	0	0.7	3.1
"dominula"	130	64	75	1	14.5	0.5	0.5	0	0.4	2.4
"dominula"	130	65	53	1	18.1	0.6	0.6	0	0.5	2
"dominula"	130	66	74	2	13.1	0.6	0.6	0	0.4	1
"dominula"	130	67	72	1	18	0.8	0.8	0	0.7	3.8
"dominula"	130	68	55	1	14.9	0.7	0.7	0	0.6	3.3
"dominula"	130	69	45	2	12.3	0.6	0.6	0	0.5	2.7
"dominula"	130	70	122	1	17.5	0.6	0.6	0	0.5	2.7
"dominula"	130	71	49	1	11.9	0.5	0.5	0	0.3	2.3
"dominula"	130	72	42	1	18.5	0.5	0.5	0	0.5	2.9
"dominula"	130	73	54	1	12.7	0.5	0.5	0	0.4	3.6
"dominula"	130	74	115	1	22.4	0.6	0.6	0	0.5	3.1
"dominula"	130	75	87	2	24.4	0.6	0.6	0	0.6	2.9
"dominula"	130	76	63	1	21.1	0.7	0.7	0	0.7	3.1
"dominula"	130	77	60	1	16.5	0.6	0.6	0	0.5	2.9
"dominula"	130	78	113	1	23.3	0.5	0.5	0	0.5	3.5
"dominula"	130	79	79	1	20.3	0.5	0.5	0	0.4	2.8
"dominula"	130	80	114	1	29.3	0.7	0.7	0.1	0.3	3
"dominula"	130	81	116	1	31.2	0.6	0.6	0	0.4	2.2
"dominula"	130	82	199	1	29.7	0.6	0.6	0	0.5	2.2
"dominula"	130	83	68	1	17.6	0.6	0.6	0	0.4	2.7
"dominula"	130	84	41	1	10.7	0.5	0.5	0	0.5	3.4
"dominula"	130	85	142	1	29.5	0.4	0.4	0.1	0.3	1.1
"dominula"	130	86	137	1	25.9	0.4	0.4	0	0.3	1.4
"dominula"	130	87	57	2	19.1	0.6	0.6	0	0.6	3.6
"dominula"	130	88	145	1	24.4	0.6	0.6	0	0.5	3.9
"dominula"	130	89	195	1	23.2	0.5	0.5	0	0.5	2.2
"dominula"	130	90	74	1	17.4	0.7	0.7	0	0.6	4.5
"dominula"	130	91	157	1	28.2	0.7	0.7	0	0.5	4.6
"dominula"	130	92	59	2	10.8	0.6	0.6	0	0.6	2.8
"dominula"	130	93	34	1	14.2	0.5	0.5	0	0.4	2
"dominula"	130	94	37	1	13.8	0.5	0.5	0	0.5	3.7
"dominula"	130	95	119	1	19.9	0.6	0.6	0	0.5	4.3
"dominula"	130	96	57	1	24	0.4	0.4	0.1	0.3	0.8
"dominula"	130	97	97	1	18.5	0.6	0.6	0	0.5	4.1
"dominula"	130	98	156	1	24.7	0.6	0.6	0.1	0.4	2.2
"dominula"	130	99	77	1	12.8	0.7	0.7	0	0.6	4.4
"dominula"	130	100	60	1	22.8	0.6	0.6	0	0.4	3.4
"dominula"	130	101	38	1	7.5	0.6	0.6	0	0.6	3.2
"dominula"	130	102	88	1	22.2	0.6	0.6	0	0.6	3.6
"dominula"	130	103	166	1	26	0.6	0.6	0	0.5	3.8
"dominula"	130	104	52	2	13.8	0.6	0.6	0	0.4	1.8
"dominula"	130	105	78	1	22.2	0.6	0.6	0	0.4	3.9
"dominula"	130	106	54	2	17.7	0.7	0.7	0	0.6	2.6
"dominula"	130	107	115	1	26.9	0.6	0.6	0	0.6	3
"dominula"	130	108	81	2	15.6	0.7	0.7	0	0.6	3.5
"dominula"	130	109	45	1	10.8	0.8	0.8	0.1	0.3	1.9
"dominula"	130	110	110	2	21.5	0.7	0.7	0.1	0.6	3.6
"dominula"	130	111	42	1	10.5	0.6	0.6	0	0.6	3.5
"dominula"	130	112	151	1	34.3	0.8	0.8	0	0.7	4
"dominula"	130	113	75	1	19.5	0.7	0.7	0	0.5	4.1
"dominula"	130	114	48	1	14.4	0.5	0.5	0	0.5	3.3
"dominula"	130	115	89	1	22.6	0.4	0.4	0	0.4	2.8
"dominula"	130	116	64	1	14.2	0.6	0.6	0	0.6	4.8
"dominula"	130	117	38	1	14.4	0.5	0.5	0	0.5	3
"dominula"	130	118	45	1	14.1	0.6	0.6	0	0.5	2.4
"dominula"	130	119	28	1	7.6	0.5	0.5	0	0.4	3
"dominula"	130	120	136	1	32.7	0.5	0.5	0	0.4	3.1
"dominula"	130	121	34	1	8.1	0.6	0.6	0	0.5	3.4
"dominula"	130	122	41	1	9.6	0.6	0.6	0	0.6	5.4
"dominula"	130	123	31	1	9.3	0.6	0.6	0	0.5	4.4
"dominula"	130	124	69	2	18.9	0.6	0.6	0	0.5	4.4
"dominula"	130	125	31	2	11.3	0.6	0.6	0	0.6	4.8
"dominula"	130	126	123	1	18.8	0.7	0.7	0	0.7	2.3
"dominula"	130	127	49	1	11.5	0.7	0.7	0	0.7	5.6
"dominula"	130	128	159	2	21.6	0.4	0.4	0	0.2	2.1
"dominula"	130	129	153	1	24.6	0.7	0.7	0	0.5	4.3
"dominula"	130	130	44	1	13.4	0.5	0.5	0	0.4	3
"dominula"	140	1	26	1	5.4	1	1	0	0	1
"dominula"	140	2	32	1	6.7	0.9	0.9	0	0	0.8
"dominula"	140	3	28	1	5.2	0.9	0.9	0	0	0.8
"dominula"	140	4	190	1	23.3	0.9	0.9	0	0.2	1
"dominula"	140	5	20	1	6.1	0.9	0.9	0	0.1	0.9
"dominula"	140	6	94	1	12.7	0.8	0.8	0.1	0.2	0.8
"dominula"	140	7	39	1	7.3	0.9	0.9	0	0.4	1.2
"dominula"	140	8	39	1	6.8	0.8	0.8	0	0.3	1.4
"dominula"	140	9	28	1	4.4	0.9	0.9	0.1	0.4	1.3
"dominula"	140	10	28	1	6.2	0.9	0.9	0	0.4	1.4
"dominula"	140	11	27	1	6.4	0.9	0.9	0	0.5	1.5
"dominula"	140	12	10	1	2.5	0.9	0.9	0	0.6	1.8
"dominula"	140	13	34	1	5	0.8	0.8	0	0.5	1.5
"dominula"	140	14	12	1	4.2	1	1	0.1	0.6	2.1
"dominula"	140	15	13	1	2.9	1	1	0	0.7	2.2
"dominula"	140	16	14	1	3.3	0.9	0.9	0.1	0.6	2
"dominula"	140	17	10	1	2.5	0.9	0.9	0	0.6	2.4
"dominula"	140	18	82	1	12.7	0.8	0.8	0	0.4	1.7
"dominula"	140	19	8	1	2.4	1	1	0	0.7	2.9
"dominula"	140	20	44	1	8.3	0.9	0.9	0	0.6	2.8
"dominula"	140	21	83	1	17.2	0.9	0.9	0	0.3	1.2
"dominula"	140	22	8	1	2.6	0.8	0.8	0	0.8	2.6
"dominula"	140	23	102	1	17	0.9	0.9	0	0.8	3.2
"dominula"	140	24	103	1	14.7	0.7	0.7	0	0.5	1.9
"dominula"	140	25	45	1	7.9	0.9	0.9	0	0.7	3.2
"dominula"	140	26	17	1	4.3	0.8	0.8	0	0.6	2.5
"dominula"	140	27	14	1	3.3	0.9	0.9	0	0.8	3.2
"dominula"	140	28	18	1	4.8	0.8	0.8	0	0.7	3.3
"dominula"	140	29	14	1	3.1	0.9	0.9	0	0.6	3.5
"dominula"	140	30	38	1	8.1	0.8	0.8	0	0.5	1.9
"dominula"	140	31	13	1	3	0.8	0.8	0	0.7	3.1
"dominula"	140	32	18	1	4.4	1	1	0	0.6	2.8
"dominula"	140	33	47	1	9.1	0.9	0.9	0	0.5	3.1
"dominula"	140	34	30	1	5.3	0.9	0.9	0	0.6	3.4
"dominula"	140	35	20	1	3.7	0.8	0.8	0.1	0.5	2.4
"dominula"	140	36	117	1	18.5	0.7	0.7	0	0.6	2
"dominula"	140	37	12	1	3.6	0.8	0.8	0	0.7	3.7
"dominula"	140	38	42	1	7.5	0.9	0.9	0	0.7	4.1
"dominula"	140	39	18	1	4.5	0.8	0.8	0	0.8	3.3
"dominula"	140	40	10	1	3	0.9	0.9	0	0.6	3.9
"dominula"	140	41	48	1	7.5	0.9	0.9	0.1	0.6	2.8
"dominula"	140	42	11	1	3.3	0.9	0.9	0	0.8	4.7
"dominula"	140	43	21	1	4.7	1	1	0	0.8	4.1
"dominula"	140	44	134	1	15.8	0.8	0.8	0	0.6	3.4
"dominula"	140	45	67	1	11.5	0.7	0.7	0	0.6	1.9
"dominula"	140	46	63	1	10	0.8	0.8	0	0.5	3.1
"dominula"	140	47	32	1	5.1	0.8	0.8	0	0.7	3.6
"dominula"	140	48	37	1	9.2	0.8	0.8	0	0.6	2.9
"dominula"	140	49	30	1	7.2	0.5	0.5	0	0.4	2.6
"dominula"	140	50	86	1	14.5	0.8	0.8	0	0.6	3.1
"dominula"	140	51	43	1	12.6	0.8	0.8	0	0.6	3.4
"dominula"	140	52	23	1	4.1	0.9	0.9	0	0.7	4.9
"dominula"	140	53	105	1	18.4	0.7	0.7	0	0.7	2.8
"dominula"	140	54	9	1	2.9	0.9	0.9	0	0.8	3.5
"dominula"	140	55	18	1	4.4	1	1	0	0.9	4.6
"dominula"	140	56	17	1	6.3	0.8	0.8	0	0.4	2.2
"dominula"	140	57	65	1	10.9	0.9	0.9	0.1	0.8	5.1
"dominula"	140	58	34	1	6.3	0.9	0.9	0	0.7	4.2
"dominula"	140	59	43	1	8	1	1	0	0.8	4.8
"dominula"	140	60	28	1	7.7	0.9	0.9	0	0.7	4
"dominula"	140	61	14	1	4.5	0.9	0.9	0	0.8	5.3
"dominula"	140	62	15	1	4.4	0.9	0.9	0	0.8	5.2
"dominula"	140	63	20	1	5.3	1	1	0	0.8	6.4
"dominula"	140	64	120	1	15.7	0.8	0.8	0	0.8	6.1
"dominula"	140	65	67	1	9.4	0.9	0.9	0	0.5	4.3
"dominula"	140	66	8	1	2.9	0.8	0.8	0	0.8	5.4
"dominula"	140	67	179	1	21.2	0.9	0.9	0	0.7	4.6
"dominula"	140	68	20	1	5.7	0.8	0.8	0	0.5	2.6
"dominula"	140	69	40	1	6.8	1	1	0	0.8	5.3
"dominula"	140	70	7	1	2.7	0.9	0.9	0	0.7	4.3
"dominula"	140	71	23	1	5	0.9	0.9	0	0.7	4.3
"dominula"	140	72	55	1	10.7	0.7	0.7	0.1	0.4	4
"dominula"	140	73	189	1	25.3	0.9	0.9	0	0.5	3.9
"dominula"	140	74	29	1	7.6	0.9	0.9	0.1	0.7	5.6
"dominula"	140	75	14	1	4.5	1	1	0	0.9	5.3
"dominula"	140	76	17	1	4.4	0.5	0.5	0	0.5	3.3
"dominula"	140	77	10	1	3.8	0.8	0.8	0	0.7	3.7
"dominula"	140	78	25	1	6.8	0.7	0.7	0	0.7	4.4
"dominula"	140	79	79	1	14.2	0.8	0.8	0	0.8	4.5
"dominula"	140	80	18	1	5.8	0.9	0.9	0	0.8	5.8
"dominula"	140	81	20	1	5.2	1	1	0	1	6.6
"dominula"	140	82	10	1	4.3	0.9	0.9	0	0.8	5.3
"dominula"	140	83	7	1	3	0.8	0.8	0	0.7	4.9
"dominula"	140	84	28	1	5.3	0.8	0.8	0	0.8	5
"dominula"	140	85	42	1	8.6	0.9	0.9	0	0.8	6.2
"dominula"	140	86	11	1	2.2	0.7	0.7	0	0.7	7.2
"dominula"	140	87	19	1	4.3	0.9	0.9	0	0.8	5.5
"dominula"	140	88	112	1	23.2	0.8	0.8	0	0.8	4.8
"dominula"	140	89	38	2	8	0.9	0.9	0.1	0.5	3.5
"dominula"	140	90	37	1	7.5	0.8	0.8	0	0.8	5.3
"dominula"	140	91	15	1	4.4	0.7	0.7	0	0.7	5.7
"dominula"	140	92	72	1	11.2	0.9	0.9	0	0.9	5.1
"dominula"	140	93	20	1	5.4	1	1	0	0.8	4.5
"dominula"	140	94	141	1	16.8	0.7	0.7	0	0.5	6.1
"dominula"	140	95	81	1	12.5	0.8	0.8	0	0.6	3.8
"dominula"	140	96	36	1	6	0.8	0.8	0	0.8	6.8
"dominula"	140	97	23	1	6.8	0.9	0.9	0	0.7	5.2
"dominula"	140	98	16	2	5.6	0.9	0.9	0	0.9	7.6
"dominula"	140	99	10	1	3.5	1	1	0.1	0.7	6.1
"dominula"	140	100	49	1	10.9	0.8	0.8	0	0.6	4.5
"dominula"	140	101	9	1	3.1	0.8	0.8	0	0.8	5.6
"dominula"	140	102	66	2	11.3	0.8	0.8	0	0.8	3.8
"dominula"	140	103	60	1	9.4	0.8	0.8	0	0.7	5.1
"dominula"	140	104	12	1	3.4	0.9	0.9	0	0.8	6.7
"dominula"	140	105	39	1	7.7	0.6	0.6	0.1	0.4	2.4
"dominula"	140	106	91	1	15.1	0.8	0.8	0	0.6	6.4
"dominula"	140	107	19	1	5.1	0.8	0.8	0	0.7	4.2
"dominula"	140	108	43	2	6.7	0.8	0.8	0	0.6	3.8
"dominula"	140	109	49	2	7.3	0.8	0.8	0	0.8	7.1
"dominula"	140	110	34	1	7.2	0.7	0.7	0.1	0.6	4.8
"dominula"	140	111	87	1	15.9	0.8	0.8	0	0.6	3.7
"dominula"	140	112	26	1	8	0.8	0.8	0	0.8	4.7
"dominula"	140	113	66	1	9.8	0.8	0.8	0	0.6	6.4
"dominula"	140	114	14	1	4.7	0.9	0.9	0	0.8	5.8
"dominula"	140	115	169	2	21.7	0.8	0.8	0	0.6	3.3
"dominula"	140	116	16	1	4.1	0.9	0.9	0	0.8	8
"dominula"	140	117	15	1	4.9	0.9	0.9	0	0.8	6.3
"dominula"	140	118	42	1	12.2	0.7	0.7	0.1	0.5	4.5
"dominula"	140	119	10	1	4.8	0.9	0.9	0	0.5	3
"dominula"	140	120	43	1	8.1	0.6	0.6	0	0.6	7.3
"dominula"	140	121	14	1	4.2	0.9	0.9	0	0.9	8.3
"dominula"	140	122	13	2	5.8	0.9	0.9	0.1	0.6	4.1
"dominula"	140	123	41	2	7.8	0.9	0.9	0	0.9	5.2
"dominula"	140	124	60	1	9.2	0.8	0.8	0	0.7	5.1
"dominula"	140	125	43	2	8.1	0.8	0.8	0	0.8	5.9
"dominula"	140	126	34	1	6.4	0.8	0.8	0	0.7	6.9
"dominula"	140	127	7	1	2.5	0.9	0.9	0	0.9	9.4
"dominula"	140	128	61	1	14.4	0.8	0.8	0	0.7	6.9
"dominula"	140	129	19	1	5.4	0.6	0.6	0.1	0.4	4.6
"dominula"	140	130	53	1	12.7	0.7	0.7	0	0.7	5.5
"dominula"	140	131	28	1	5.7	0.9	0.9	0	0.6	3.7
"dominula"	140	132	58	1	7.9	0.8	0.8	0	0.7	5.9
"dominula"	140	133	25	1	6	0.7	0.7	0	0.6	7.6
"dominula"	140	134	25	1	7.6	0.9	0.9	0	0.8	5.5
"dominula"	140	135	12	1	3.8	0.8	0.8	0	0.8	5
"dominula"	140	136	141	1	17.2	0.8	0.8	0	0.8	9.2
"dominula"	140	137	102	1	15.1	0.8	0.8	0	0.8	7.1
"dominula"	140	138	60	1	9.4	0.8	0.8	0	0.8	6.6
"dominula"	140	139	20	1	5.6	0.9	0.9	0	0.8	5.1
"dominula"	140	140	10	1	3.9	0.7	0.7	0	0.7	8.2
"dominula"	150	1	69	1	21.7	0.4	0.4	0	0	-0.1
"dominula"	150	2	375	1	84.3	0.5	0.5	0	0	0
"dominula"	150	3	161	1	40.6	0.6	0.6	0	0.1	0.3
"dominula"	150	4	185	1	35.3	0.5	0.5	0	0	0
"dominula"	150	5	124	1	25.8	0.5	0.5	0	0.1	0.1
"dominula"	150	6	52	1	22.5	0.6	0.6	0.1	0.3	0.6
"dominula"	150	7	283	1	62.3	0.5	0.5	0	0.2	0.2
"dominula"	150	8	123	1	31.7	0.7	0.7	0	0.2	0.7
"dominula"	150	9	53	1	13.7	0.6	0.6	0	0.2	0.6
"dominula"	150	10	70	1	19	0.4	0.4	0	0.2	0.3
"dominula"	150	11	61	1	23	0.6	0.6	0	0.3	0.6
"dominula"	150	12	186	1	42.3	0.5	0.5	0	0.1	0.2
"dominula"	150	13	128	1	43.4	0.5	0.5	0	0.3	0.5
"dominula"	150	14	101	1	24.6	0.5	0.5	0	0.3	0.4
"dominula"	150	15	126	1	28.5	0.4	0.4	0	0.1	0.1
"dominula"	150	16	48	1	15.7	0.5	0.5	0	0.5	0.8
"dominula"	150	17	47	1	20.3	0.5	0.5	0	0.4	0.8
"dominula"	150	18	84	1	19.1	0.5	0.5	0	0.5	1.1
"dominula"	150	19	55	1	18.6	0.5	0.5	0	0.4	0.7
"dominula"	150	20	112	1	27.1	0.4	0.4	0	0.2	0.1
"dominula"	150	21	140	1	23.6	0.5	0.5	0	0.3	0.8
"dominula"	150	22	94	1	20.5	0.5	0.5	0	0.3	0.7
"dominula"	150	23	74	1	19.4	0.6	0.6	0.1	0.3	1.2
"dominula"	150	24	62	1	21.7	0.5	0.5	0	0.4	1
"dominula"	150	25	182	1	37.6	0.6	0.6	0	0.4	1.6
"dominula"	150	26	109	1	17.1	0.5	0.5	0	0.3	1.1
"dominula"	150	27	220	1	38	0.5	0.5	0	0.4	1.5
"dominula"	150	28	41	1	13.1	0.4	0.4	0	0.3	1.2
"dominula"	150	29	161	1	52.2	0.5	0.5	0	0.5	2.2
"dominula"	150	30	156	1	36.2	0.5	0.5	0	0.2	0.5
"dominula"	150	31	203	1	37.7	0.6	0.6	0	0.3	1.6
"dominula"	150	32	132	1	31.1	0.5	0.5	0	0.3	0.6
"dominula"	150	33	76	1	17.8	0.6	0.6	0	0.6	2.3
"dominula"	150	34	136	1	22	0.6	0.6	0	0.3	1.2
"dominula"	150	35	215	1	48.9	0.5	0.5	0	0.3	0.8
"dominula"	150	36	50	1	16.2	0.5	0.5	0	0.3	1
"dominula"	150	37	50	1	14.7	0.6	0.6	0	0.6	1.6
"dominula"	150	38	114	1	23.2	0.6	0.6	0	0.4	2.2
"dominula"	150	39	59	1	24.4	0.5	0.5	0	0.3	0.6
"dominula"	150	40	65	1	26.6	0.4	0.4	0	0.3	0.2
"dominula"	150	41	202	1	53.1	0.6	0.6	0	0.4	1.8
"dominula"	150	42	228	1	34.9	0.4	0.4	0.2	0.1	0.4
"dominula"	150	43	58	1	20	0.5	0.5	0	0.4	1.2
"dominula"	150	44	41	1	10.6	0.5	0.5	0.1	0.4	1.7
"dominula"	150	45	325	1	51.2	0.3	0.3	0	0.3	0.6
"dominula"	150	46	83	1	24.1	0.6	0.6	0	0.5	1.5
"dominula"	150	47	80	1	12.6	0.4	0.4	0	0.4	1.1
"dominula"	150	48	94	1	17.8	0.4	0.4	0	0.4	2
"dominula"	150	49	123	1	32.9	0.4	0.4	0	0.4	1.5
"dominula"	150	50	245	1	35.2	0.4	0.4	0	0.2	0.6
"dominula"	150	51	139	1	32.4	0.6	0.6	0	0.4	1.6
"dominula"	150	52	31	1	11.8	0.4	0.4	0.1	0.2	1.2
"dominula"	150	53	96	1	23	0.5	0.5	0	0.4	1.8
"dominula"	150	54	95	1	25.3	0.5	0.5	0	0.4	1.8
"dominula"	150	55	109	1	20.8	0.5	0.5	0	0.4	2.2
"dominula"	150	56	107	1	22.1	0.6	0.6	0	0.4	2.2
"dominula"	150	57	163	1	44	0.6	0.6	0	0.5	1.8
"dominula"	150	58	70	1	22	0.5	0.5	0	0.4	1.8
"dominula"	150	59	79	1	20.7	0.5	0.5	0	0.5	3
"dominula"	150	60	28	2	12.6	0.4	0.4	0	0.2	0.5
"dominula"	150	61	123	1	33	0.6	0.6	0	0.6	1.9
"dominula"	150	62	75	1	25.6	0.5	0.5	0.1	0.3	0.5
"dominula"	150	63	203	1	39	0.4	0.4	0	0.2	1.2
"dominula"	150	64	71	1	17.3	0.5	0.5	0	0.4	2.1
"dominula"	150	65	85	1	19.2	0.6	0.6	0	0.6	2.9
"dominula"	150	66	220	1	43.3	0.6	0.6	0	0.4	1.7
"dominula"	150	67	206	1	36.6	0.4	0.4	0	0.3	1.4
"dominula"	150	68	75	1	18.1	0.4	0.4	0	0.3	1.8
"dominula"	150	69	110	1	35.5	0.4	0.4	0	0.4	1.9
"dominula"	150	70	159	1	41.6	0.4	0.4	0	0.3	1.7
"dominula"	150	71	33	1	10.5	0.4	0.4	0	0.4	1.5
"dominula"	150	72	116	1	21.4	0.4	0.4	0	0.4	2.2
"dominula"	150	73	114	2	31.7	0.4	0.4	0	0.3	0.8
"dominula"	150	74	47	2	15.7	0.3	0.3	0	0.3	2.5
"dominula"	150	75	54	1	12.7	0.4	0.4	0.1	0.3	2
"dominula"	150	76	39	1	13.5	0.5	0.5	0	0.5	3.5
"dominula"	150	77	147	1	42.2	0.6	0.6	0.1	0.5	1.6
"dominula"	150	78	92	1	22.7	0.6	0.6	0.1	0.5	3.2
"dominula"	150	79	42	1	16.1	0.5	0.5	0.1	0.3	2.6
"dominula"	150	80	72	1	18.9	0.7	0.7	0.1	0.5	2.5
"dominula"	150	81	44	1	13.5	0.5	0.5	0	0.4	3.3
"dominula"	150	82	133	1	31.8	0.5	0.5	0	0.4	2.7
"dominula"	150	83	55	1	19.7	0.5	0.5	0	0.4	3.3
"dominula"	150	84	158	1	27.8	0.6	0.6	0	0.5	3.2
"dominula"	150	85	163	2	31.6	0.5	0.5	0	0.5	1.2
"dominula"	150	86	47	1	14.9	0.6	0.6	0	0.5	4.5
"dominula"	150	87	167	4	29.6	0.6	0.6	0	0.6	2.6
"dominula"	150	88	71	1	24.9	0.6	0.6	0	0.5	3.5
"dominula"	150	89	179	1	31.6	0.3	0.3	0	0.3	1.9
"dominula"	150	90	65	2	24.7	0.4	0.4	0	0.4	2.6
"dominula"	150	91	31	2	14	0.6	0.6	0	0.4	2.2
"dominula"	150	92	61	2	25.2	0.5	0.5	0	0.4	1.8
"dominula"	150	93	362	2	55.7	0.6	0.6	0	0.5	2.3
"dominula"	150	94	212	1	39.2	0.6	0.6	0	0.5	2.2
"dominula"	150	95	42	1	10	0.5	0.5	0	0.5	2.5
"dominula"	150	96	88	1	25.3	0.4	0.4	0	0.3	3.4
"dominula"	150	97	66	1	18.6	0.3	0.3	0	0.3	2.9
"dominula"	150	98	127	1	34.9	0.3	0.3	0	0.3	0.7
"dominula"	150	99	91	2	20.8	0.6	0.6	0.1	0.5	3
"dominula"	150	100	66	1	21.6	0.6	0.6	0	0.5	3
"dominula"	150	101	78	1	19.1	0.5	0.5	0	0.5	2.8
"dominula"	150	102	64	1	10.7	0.5	0.5	0	0.4	2.5
"dominula"	150	103	215	2	48.3	0.4	0.4	0	0.4	2.2
"dominula"	150	104	103	2	22.1	0.4	0.4	0	0.4	1.9
"dominula"	150	105	108	1	18.6	0.3	0.3	0	0.3	1.8
"dominula"	150	106	23	2	12	0.6	0.6	0	0.4	1.9
"dominula"	150	107	239	1	40.7	0.4	0.4	0	0.4	2
"dominula"	150	108	92	2	18.4	0.5	0.5	0	0.4	2.5
"dominula"	150	109	77	1	19.6	0.5	0.5	0	0.5	5.3
"dominula"	150	110	136	1	22.1	0.6	0.6	0	0.5	4.5
"dominula"	150	111	26	1	12	0.5	0.5	0	0.5	4.8
"dominula"	150	112	105	2	27.1	0.4	0.4	0.1	0.3	1.2
"dominula"	150	113	110	1	21.8	0.5	0.5	0	0.4	2.9
"dominula"	150	114	144	1	33.1	0.3	0.3	0	0.2	2.2
"dominula"	150	115	102	1	22.5	0.5	0.5	0	0.5	4.2
"dominula"	150	116	43	1	19.7	0.5	0.5	0	0.4	2.4
"dominula"	150	117	108	2	35.7	0.4	0.4	0	0.4	2.3
"dominula"	150	118	107	1	21.5	0.6	0.6	0	0.4	3.1
"dominula"	150	119	47	1	15.9	0.6	0.6	0	0.6	3.6
"dominula"	150	120	163	2	29.4	0.3	0.3	0	0.2	2.5
"dominula"	150	121	70	1	14.7	0.5	0.5	0	0.4	2.4
"dominula"	150	122	29	1	11.2	0.5	0.5	0	0.5	4
"dominula"	150	123	76	2	25.5	0.5	0.5	0	0.5	3
"dominula"	150	124	213	1	44.3	0.5	0.5	0	0.3	2.6
"dominula"	150	125	123	1	26.3	0.4	0.4	0	0.4	2.8
"dominula"	150	126	87	1	28	0.4	0.4	0	0.2	2.5
"dominula"	150	127	25	1	8.8	0.6	0.6	0	0.4	2.8
"dominula"	150	128	88	1	27.9	0.6	0.6	0	0.5	5
"dominula"	150	129	171	3	36.9	0.6	0.6	0	0.5	2.5
"dominula"	150	130	136	1	23.6	0.5	0.5	0	0.3	1.2
"dominula"	150	131	85	2	26.4	0.6	0.6	0	0.2	0.7
"dominula"	150	132	97	1	20.1	0.5	0.5	0	0.4	3.5
"dominula"	150	133	161	1	34.5	0.4	0.4	0	0.4	2.6
"dominula"	150	134	134	1	28.5	0.4	0.4	0	0.4	1.8
"dominula"	150	135	159	1	24.9	0.3	0.3	0	0.3	2.1
"dominula"	150	136	44	1	13.6	0.6	0.6	0	0.5	5.5
"dominula"	150	137	70	1	19.3	0.4	0.4	0	0.4	3.8
"dominula"	150	138	77	1	20.9	0.6	0.6	0	0.5	5.1
"dominula"	150	139	67	1	11	0.5	0.5	0	0.5	4.6
"dominula"	150	140	97	2	18.4	0.5	0.5	0	0.5	2
"dominula"	150	141	148	2	38.2	0.5	0.5	0	0.4	3.1
"dominula"	150	142	98	2	32.9	0.3	0.3	0	0.3	1.4
"dominula"	150	143	57	1	11.9	0.4	0.4	0	0.4	2.9
"dominula"	150	144	91	1	17.1	0.4	0.4	0	0.4	3.8
"dominula"	150	145	40	1	15.4	0.4	0.4	0	0.3	2.6
"dominula"	150	146	65	1	20.5	0.6	0.6	0	0.6	5.6
"dominula"	150	147	97	1	27.9	0.4	0.4	0	0.4	4.5
"dominula"	150	148	107	2	34.2	0.5	0.5	0	0.5	3.1
"dominula"	150	149	281	1	44.3	0.5	0.5	0	0.4	3.1
"dominula"	150	150	124	2	42.6	0.5	0.5	0	0.3	1.5
"dominula"	160	1	99	1	26.2	0.4	0.4	0	0	-0.2
"dominula"	160	2	61	1	20.9	0.5	0.5	0	0	0
"dominula"	160	3	91	1	29.5	0.5	0.5	0.1	0.2	0.2
"dominula"	160	4	42	1	16.6	0.4	0.4	0	0	-0.2
"dominula"	160	5	128	1	36	0.7	0.7	0	0.1	0.5
"dominula"	160	6	132	1	30.4	0.5	0.5	0	0.2	0.2
"dominula"	160	7	95	1	23.2	0.7	0.7	0	0.2	0.7
"dominula"	160	8	58	1	17.3	0.5	0.5	0	0.2	0.3
"dominula"	160	9	237	1	54.9	0.6	0.6	0	0.1	0.3
"dominula"	160	10	57	1	19.5	0.7	0.7	0	0.6	1.2
"dominula"	160	11	106	1	35.8	0.5	0.5	0	0.5	0.9
"dominula"	160	12	73	1	30.6	0.4	0.4	0	0.2	0.1
"dominula"	160	13	88	1	34.9	0.7	0.7	0	0.5	1.3
"dominula"	160	14	57	1	11.9	0.6	0.6	0	0.3	0.7
"dominula"	160	15	88	1	28.7	0.6	0.6	0	0.2	0.8
"dominula"	160	16	134	1	37.5	0.5	0.5	0	0.3	1
"dominula"	160	17	29	1	6.3	0.4	0.4	0	0.3	0.7
"dominula"	160	18	96	1	28.4	0.5	0.5	0	0.4	0.8
"dominula"	160	19	53	1	18.3	0.6	0.6	0	0.2	1.4
"dominula"	160	20	64	1	20.3	0.7	0.7	0	0.6	1.6
"dominula"	160	21	128	1	25.4	0.6	0.6	0	0.3	0.7
"dominula"	160	22	95	1	35.2	0.6	0.6	0.1	0.2	1.1
"dominula"	160	23	75	1	16.1	0.6	0.6	0	0.3	0.7
"dominula"	160	24	87	1	21.7	0.5	0.5	0.1	0.4	0.8
"dominula"	160	25	98	1	25.1	0.6	0.6	0	0.4	1.1
"dominula"	160	26	100	1	26.7	0.6	0.6	0	0.5	1.5
"dominula"	160	27	138	1	36.7	0.7	0.7	0	0.3	0.9
"dominula"	160	28	103	1	22.3	0.5	0.5	0	0.4	1.5
"dominula"	160	29	114	1	25.5	0.5	0.5	0	0.4	1.3
"dominula"	160	30	71	1	16.2	0.7	0.7	0	0.6	2.5
"dominula"	160	31	88	2	28.8	0.5	0.5	0	0.1	0.1
"dominula"	160	32	47	1	20.8	0.6	0.6	0	0.4	2.4
"dominula"	160	33	118	1	39.9	0.7	0.7	0	0.6	2.1
"dominula"	160	34	45	1	13.5	0.4	0.4	0	0.3	1.1
"dominula"	160	35	172	2	31	0.4	0.4	0	0.2	0.6
"dominula"	160	36	93	1	29.3	0.6	0.6	0	0.3	1.4
"dominula"	160	37	95	1	24.2	0.5	0.5	0	0.5	1.1
"dominula"	160	38	11	1	4.6	0.3	0.3	0	0.2	0.7
"dominula"	160	39	63	1	29.5	0.6	0.6	0	0.2	1.1
"dominula"	160	40	78	1	19	0.4	0.4	0	0.3	0.5
"dominula"	160	41	79	1	16.3	0.5	0.5	0	0.4	2
"dominula"	160	42	74	1	23.8	0.5	0.5	0.1	0.3	1.3
"dominula"	160	43	50	1	16.6	0.6	0.6	0	0.6	1.4
"dominula"	160	44	211	1	46.9	0.5	0.5	0	0.4	1.4
"dominula"	160	45	76	1	24.3	0.4	0.4	0	0.3	1.2
"dominula"	160	46	94	1	25.9	0.5	0.5	0	0.5	2.1
"dominula"	160	47	75	1	27.4	0.4	0.4	0	0.1	0.3
"dominula"	160	48	82	1	30.7	0.4	0.4	0	0.4	1.2
"dominula"	160	49	56	1	22.5	0.5	0.5	0	0.4	1.9
"dominula"	160	50	79	1	20.9	0.4	0.4	0	0.4	2
"dominula"	160	51	92	1	29.8	0.6	0.6	0	0.4	2.3
"dominula"	160	52	78	1	22.8	0.5	0.5	0	0.2	1.5
"dominula"	160	53	75	1	23.6	0.6	0.6	0	0.3	1
"dominula"	160	54	21	2	6.2	0.6	0.6	0	0.6	2.5
"dominula"	160	55	118	1	34.8	0.4	0.4	0	0.4	2.3
"dominula"	160	56	71	1	23.2	0.7	0.7	0	0.5	1.9
"dominula"	160	57	165	1	27.4	0.3	0.3	0	0.3	2.2
"dominula"	160	58	81	1	27.5	0.5	0.5	0	0.4	1
"dominula"	160	59	225	1	50.4	0.6	0.6	0	0.4	1.4
"dominula"	160	60	103	1	26.9	0.5	0.5	0	0.4	1
"dominula"	160	61	66	1	19.3	0.5	0.5	0	0.4	1.3
"dominula"	160	62	35	1	11.2	0.4	0.4	0	0.4	1
"dominula"	160	63	163	1	34.5	0.4	0.4	0	0.3	0.6
"dominula"	160	64	68	1	29.8	0.6	0.6	0	0.5	2.6
"dominula"	160	65	31	1	11.4	0.5	0.5	0	0.5	2.6
"dominula"	160	66	68	1	20.7	0.4	0.4	0	0.3	0.8
"dominula"	160	67	49	1	9.6	0.5	0.5	0	0.4	2.4
"dominula"	160	68	105	1	24.9	0.4	0.4	0	0.2	0.9
"dominula"	160	69	20	1	6.2	0.3	0.3	0	0.2	1.1
"dominula"	160	70	70	1	17.6	0.4	0.4	0.1	0.3	1.3
"dominula"	160	71	80	1	22.2	0.6	0.6	0	0.6	3.5
"dominula"	160	72	91	1	18.4	0.4	0.4	0	0.4	1.9
"dominula"	160	73	47	1	13.8	0.5	0.5	0	0.4	2
"dominula"	160	74	79	1	14.7	0.4	0.4	0	0.2	0.6
"dominula"	160	75	59	1	14.9	0.4	0.4	0	0.4	1.3
"dominula"	160	76	156	1	42	0.4	0.4	0	0.3	3.1
"dominula"	160	77	64	1	19.7	0.6	0.6	0	0.6	3.4
"dominula"	160	78	59	1	20.2	0.5	0.5	0	0.3	1
"dominula"	160	79	162	1	26.2	0.4	0.4	0	0.4	1.1
"dominula"	160	80	137	1	34.4	0.4	0.4	0	0.3	1.6
"dominula"	160	81	40	1	11.4	0.5	0.5	0	0.5	3.4
"dominula"	160	82	69	1	26.2	0.5	0.5	0	0.5	2.4
"dominula"	160	83	67	1	21.2	0.4	0.4	0	0.4	2.5
"dominula"	160	84	86	1	30.8	0.6	0.6	0	0.5	3.3
"dominula"	160	85	130	1	30.3	0.4	0.4	0	0.3	1.6
"dominula"	160	86	166	1	53	0.5	0.5	0	0.5	3.1
"dominula"	160	87	29	1	11.1	0.6	0.6	0	0.5	2.9
"dominula"	160	88	68	1	22.9	0.5	0.5	0	0.4	2
"dominula"	160	89	192	2	34.8	0.4	0.4	0	0.4	2.9
"dominula"	160	90	105	1	25.1	0.6	0.6	0	0.5	3.1
"dominula"	160	91	151	1	25.3	0.4	0.4	0	0.2	1.3
"dominula"	160	92	87	1	29.8	0.5	0.5	0	0.5	3.8
"dominula"	160	93	39	1	11.4	0.6	0.6	0	0.6	2.4
"dominula"	160	94	320	1	55.6	0.4	0.4	0	0.3	1.7
"dominula"	160	95	59	2	17.7	0.4	0.4	0	0.3	1
"dominula"	160	96	64	1	24	0.6	0.6	0	0.5	3.5
"dominula"	160	97	61	1	17.1	0.4	0.4	0	0.4	1.8
"dominula"	160	98	160	2	41	0.5	0.5	0	0.4	2.5
"dominula"	160	99	42	1	15.8	0.4	0.4	0	0.3	1.2
"dominula"	160	100	130	2	37.2	0.7	0.7	0	0.6	3
"dominula"	160	101	73	1	14.7	0.4	0.4	0	0.4	3.2
"dominula"	160	102	78	1	19.3	0.5	0.5	0	0.3	3.5
"dominula"	160	103	75	1	30	0.5	0.5	0	0.5	2.3
"dominula"	160	104	69	1	21.4	0.3	0.3	0	0.1	1.2
"dominula"	160	105	44	2	17.6	0.6	0.6	0	0.5	2.7
"dominula"	160	106	122	1	27.2	0.4	0.4	0	0.3	3
"dominula"	160	107	49	1	17.4	0.4	0.4	0	0.3	1.1
"dominula"	160	108	85	1	18.3	0.4	0.4	0	0.3	1.2
"dominula"	160	109	116	1	36.3	0.7	0.7	0	0.4	3.1
"dominula"	160	110	155	1	29.4	0.5	0.5	0	0.4	2.8
"dominula"	160	111	187	1	35.4	0.4	0.4	0	0.3	2.4
"dominula"	160	112	77	1	18.8	0.5	0.5	0.1	0.3	2.4
"dominula"	160	113	112	1	36.5	0.6	0.6	0	0.4	1.9
"dominula"	160	114	28	1	11.4	0.4	0.4	0	0.4	3.5
"dominula"	160	115	235	1	41.7	0.5	0.5	0	0.5	3.6
"dominula"	160	116	55	1	10.6	0.5	0.5	0	0.5	3.3
"dominula"	160	117	55	2	17.2	0.4	0.4	0	0.4	1.6
"dominula"	160	118	154	2	34.5	0.6	0.6	0	0.5	2.6
"dominula"	160	119	53	2	17.7	0.7	0.7	0	0.5	3.9
"dominula"	160	120	188	1	39.7	0.5	0.5	0	0.5	3.5
"dominula"	160	121	135	2	21.6	0.4	0.4	0	0.4	1.2
"dominula"	160	122	157	2	24.2	0.7	0.7	0	0.6	4.4
"dominula"	160	123	99	2	21.1	0.4	0.4	0	0.4	3
"dominula"	160	124	58	2	15.8	0.6	0.6	0	0.4	2.6
"dominula"	160	125	77	1	23.4	0.7	0.7	0	0.4	3.9
"dominula"	160	126	47	1	19.2	0.5	0.5	0	0.5	4.3
"dominula"	160	127	61	1	15.5	0.7	0.7	0	0.5	4
"dominula"	160	128	47	2	12.2	0.5	0.5	0	0.5	2.8
"dominula"	160	129	106	1	22.8	0.4	0.4	0	0.3	2.3
"dominula"	160	130	35	1	12.3	0.5	0.5	0	0.4	2.6
"dominula"	160	131	195	2	31.5	0.4	0.4	0	0.4	0.9
"dominula"	160	132	105	1	16.7	0.4	0.4	0	0.4	3.5
"dominula"	160	133	45	1	16.7	0.5	0.5	0	0.4	1.6
"dominula"	160	134	87	1	26.8	0.6	0.6	0	0.6	3.3
"dominula"	160	135	99	1	30	0.6	0.6	0	0.5	4.4
"dominula"	160	136	129	1	26.5	0.6	0.6	0	0.4	3.4
"dominula"	160	137	198	3	37.1	0.5	0.5	0	0.3	1.6
"dominula"	160	138	77	1	24.6	0.6	0.6	0	0.4	3.9
"dominula"	160	139	57	1	16.8	0.4	0.4	0	0.3	4
"dominula"	160	140	124	2	27.6	0.7	0.7	0	0.5	2.4
"dominula"	160	141	32	1	10.9	0.6	0.6	0	0.6	4.7
"dominula"	160	142	93	2	29.1	0.5	0.5	0	0.5	2.2
"dominula"	160	143	72	2	22.1	0.5	0.5	0	0.3	0.8
"dominula"	160	144	79	1	23.3	0.5	0.5	0	0.4	2.7
"dominula"	160	145	61	1	19.6	0.5	0.5	0	0.4	2.1
"dominula"	160	146	86	2	26.5	0.5	0.5	0	0.4	1.5
"dominula"	160	147	58	1	14.9	0.4	0.4	0	0.4	1.6
"dominula"	160	148	44	1	9.4	0.3	0.3	0	0.3	3.8
"dominula"	160	149	53	1	11.2	0.6	0.6	0	0.4	3.6
"dominula"	160	150	172	1	41.5	0.5	0.5	0	0.4	4.1
"dominula"	160	151	53	1	17.3	0.5	0.5	0	0.5	2.7
"dominula"	160	152	178	2	46	0.4	0.4	0	0.4	1.9
"dominula"	160	153	39	1	12.8	0.4	0.4	0	0.3	3.7
"dominula"	160	154	170	1	49.5	0.5	0.5	0	0.4	2.3
"dominula"	160	155	51	1	22.1	0.5	0.5	0	0.3	2.4
"dominula"	160	156	127	1	34.8	0.5	0.5	0	0.4	3.3
"dominula"	160	157	90	1	25.4	0.7	0.7	0	0.5	4.2
"dominula"	160	158	70	2	19.5	0.5	0.5	0	0.5	3.8
"dominula"	160	159	42	1	16.8	0.5	0.5	0	0.3	1.8
"dominula"	160	160	63	1	22.7	0.5	0.5	0	0.4	4.5
"dominula"	170	1	60	1	22	0.8	0.8	0	0	0.6
"dominula"	170	2	58	1	22.1	0.7	0.7	0.1	0	0.4
"dominula"	170	3	91	1	24.7	0.7	0.7	0	0	0.4
"dominula"	170	4	67	1	14.1	0.5	0.5	0	0	0
"dominula"	170	5	115	1	22.8	0.6	0.6	0	0.3	0.5
"dominula"	170	6	93	1	22.8	0.6	0.6	0	0.3	0.7
"dominula"	170	7	77	1	18.1	0.6	0.6	0.1	0.1	0.4
"dominula"	170	8	54	1	19.7	0.6	0.6	0	0.3	0.7
"dominula"	170	9	44	1	13.4	0.4	0.4	0	0.1	0.2
"dominula"	170	10	122	1	31.5	0.6	0.6	0	0.3	0.7
"dominula"	170	11	47	1	17	0.6	0.6	0	0.2	0.5
"dominula"	170	12	83	1	24.4	0.7	0.7	0	0.3	1
"dominula"	170	13	83	1	28.1	0.8	0.8	0	0.2	1
"dominula"	170	14	144	2	23.9	0.4	0.4	0.1	0.1	0
"dominula"	170	15	95	1	19.8	0.6	0.6	0.1	0.2	0.6
"dominula"	170	16	36	1	14.2	0.7	0.7	0	0.3	1
"dominula"	170	17	63	1	14.9	0.7	0.7	0.2	0.2	0.6
"dominula"	170	18	120	1	22.2	0.7	0.7	0	0.3	1
"dominula"	170	19	45	1	12.3	0.6	0.6	0	0.4	0.7
"dominula"	170	20	101	1	21.7	0.6	0.6	0	0.4	0.8
"dominula"	170	21	53	1	11.8	0.6	0.6	0	0.5	0.8
"dominula"	170	22	22	1	7.4	0.5	0.5	0.1	0.4	0.9
"dominula"	170	23	45	1	11.1	0.5	0.5	0	0.3	0.7
"dominula"	170	24	21	1	7.4	0.5	0.5	0	0.4	0.7
"dominula"	170	25	69	1	20.3	0.7	0.7	0	0.4	1.7
"dominula"	170	26	54	1	14.4	0.6	0.6	0	0.3	0.9
"dominula"	170	27	88	2	18.8	0.7	0.7	0	0.3	0.9
"dominula"	170	28	31	1	13.2	0.5	0.5	0	0.4	1
"dominula"	170	29	60	1	15.2	0.5	0.5	0	0.3	0.9
"dominula"	170	30	76	1	17.3	0.5	0.5	0.1	0.4	0.9
"dominula"	170	31	67	1	21.7	0.9	0.9	0	0.5	2.1
"dominula"	170	32	79	1	25.3	0.8	0.8	0	0.4	1.8
"dominula"	170	33	49	1	10.9	0.5	0.5	0	0.5	1.8
"dominula"	170	34	66	1	15.3	0.6	0.6	0	0.5	2.1
"dominula"	170	35	56	1	22.8	0.7	0.7	0	0.4	1.7
"dominula"	170	36	45	1	12.8	0.6	0.6	0	0.3	0.9
"dominula"	170	37	57	1	12.3	0.6	0.6	0	0.4	2
"dominula"	170	38	120	1	29.2	0.7	0.7	0.1	0.4	1.9
"dominula"	170	39	32	1	12.8	0.4	0.4	0	0.4	1.2
"dominula"	170	40	118	1	24.2	0.6	0.6	0	0.4	1.3
"dominula"	170	41	43	1	13.5	0.5	0.5	0	0.4	2.3
"dominula"	170	42	53	1	23.8	0.7	0.7	0	0.3	1.7
"dominula"	170	43	85	1	28.3	0.7	0.7	0	0.3	1.6
"dominula"	170	44	82	1	20.3	0.6	0.6	0	0.5	2.2
"dominula"	170	45	59	1	14.7	0.5	0.5	0	0.3	1.3
"dominula"	170	46	113	1	26.3	0.7	0.7	0	0.4	2
"dominula"	170	47	89	1	22.3	0.5	0.5	0	0.2	0.8
"dominula"	170	48	93	1	27.2	0.6	0.6	0	0.6	2.7
"dominula"	170	49	60	1	17.6	0.5	0.5	0	0.4	1.2
"dominula"	170	50	88	1	24.7	0.7	0.7	0	0.5	2.2
"dominula"	170	51	55	1	20.4	0.7	0.7	0	0.6	2.4
"dominula"	170	52	78	1	21.2	0.6	0.6	0	0.5	2.2
"dominula"	170	53	84	1	25.2	0.7	0.7	0	0.6	2.7
"dominula"	170	54	49	1	19.5	0.6	0.6	0	0.4	2.1
"dominula"	170	55	30	1	14.5	0.6	0.6	0	0.5	2.4
"dominula"	170	56	53	1	16	0.7	0.7	0	0.6	2.6
"dominula"	170	57	28	1	8.1	0.6	0.6	0.1	0.4	2
"dominula"	170	58	55	1	18.6	0.6	0.6	0	0.3	1.3
"dominula"	170	59	60	1	17.1	0.7	0.7	0	0.2	1.1
"dominula"	170	60	45	1	19.2	0.6	0.6	0	0.4	1.9
"dominula"	170	61	44	1	14.4	0.5	0.5	0	0.4	1.9
"dominula"	170	62	52	1	18.7	0.7	0.7	0	0.6	2.4
"dominula"	170	63	80	1	16.7	0.6	0.6	0	0.6	2.1
"dominula"	170	64	105	1	19.6	0.5	0.5	0	0.2	1.1
"dominula"	170	65	114	1	30.1	0.5	0.5	0	0.4	1.9
"dominula"	170	66	95	1	20.5	0.6	0.6	0	0.5	2.8
"dominula"	170	67	26	1	9.5	0.5	0.5	0	0.5	2.7
"dominula"	170	68	50	2	15	0.6	0.6	0	0.6	2.8
"dominula"	170	69	75	1	20.3	0.7	0.7	0	0.5	3.3
"dominula"	170	70	47	1	19.2	0.7	0.7	0.1	0.4	2.5
"dominula"	170	71	59	1	15	0.6	0.6	0	0.5	1.3
"dominula"	170	72	61	1	18.1	0.9	0.9	0	0.5	3
"dominula"	170	73	50	1	17.6	0.6	0.6	0	0.5	2.5
"dominula"	170	74	44	1	14.1	0.6	0.6	0	0.6	3.3
"dominula"	170	75	54	1	13.2	0.5	0.5	0.1	0.3	1.5
"dominula"	170	76	119	1	28.3	0.7	0.7	0	0.5	1.7
"dominula"	170	77	26	1	8.5	0.4	0.4	0	0.1	0.5
"dominula"	170	78	85	1	19.5	0.8	0.8	0	0.6	2.8
"dominula"	170	79	57	1	20.1	0.8	0.8	0	0.5	1.8
"dominula"	170	80	26	1	9.6	0.5	0.5	0	0.4	1.1
"dominula"	170	81	19	2	7.8	0.5	0.5	0	0.2	1.5
"dominula"	170	82	143	1	27.9	0.4	0.4	0	0.2	0.4
"dominula"	170	83	51	2	20.3	0.7	0.7	0.1	0.3	1.3
"dominula"	170	84	55	1	20.4	0.7	0.7	0	0.7	2.4
"dominula"	170	85	265	1	36.9	0.5	0.5	0	0.3	1.2
"dominula"	170	86	151	1	43.2	0.6	0.6	0	0.6	3.5
"dominula"	170	87	67	1	15.4	0.6	0.6	0	0.5	3.8
"dominula"	170	88	55	1	22.4	0.4	0.4	0	0.4	2.6
"dominula"	170	89	56	1	16.2	0.7	0.7	0.1	0.6	3.5
"dominula"	170	90	33	1	11.1	0.4	0.4	0	0.4	2.4
"dominula"	170	91	64	1	22.1	0.8	0.8	0	0.7	3.4
"dominula"	170	92	101	1	16.5	0.5	0.5	0	0.5	3.2
"dominula"	170	93	58	2	21.3	0.9	0.9	0	0.7	3.8
"dominula"	170	94	143	2	24.2	0.4	0.4	0	0.4	1.4
"dominula"	170	95	149	1	29.5	0.7	0.7	0	0.5	4.6
"dominula"	170	96	21	2	9	0.4	0.4	0	0.4	2.4
"dominula"	170	97	32	1	12.4	0.5	0.5	0	0.4	2.2
"dominula"	170	98	54	1	15.8	0.6	0.6	0	0.6	3
"dominula"	170	99	35	2	9.4	0.4	0.4	0	0.4	2.9
"dominula"	170	100	74	2	21.5	0.7	0.7	0	0.5	3.1
"dominula"	170	101	48	1	14.9	0.6	0.6	0	0.5	4
"dominula"	170	102	65	2	20.3	0.5	0.5	0	0.4	2.2
"dominula"	170	103	58	1	15.2	0.6	0.6	0	0.6	3.1
"dominula"	170	104	66	1	18.2	0.5	0.5	0	0.3	1.9
"dominula"	170	105	56	2	15.3	0.6	0.6	0	0.5	3.5
"dominula"	170	106	74	1	19.2	0.6	0.6	0	0.5	4.5
"dominula"	170	107	32	1	10.6	0.6	0.6	0	0.6	3.8
"dominula"	170	108	66	1	18.1	0.6	0.6	0	0.4	3.1
"dominula"	170	109	54	1	17.4	0.6	0.6	0	0.6	3.9
"dominula"	170	110	57	1	17.1	0.6	0.6	0	0.5	3.3
"dominula"	170	111	52	1	16	0.7	0.7	0	0.5	2.9
"dominula"	170	112	33	2	9.9	0.5	0.5	0	0.5	1.4
"dominula"	170	113	54	1	12.5	0.5	0.5	0	0.4	2.8
"dominula"	170	114	71	1	27.4	0.6	0.6	0	0.4	2.8
"dominula"	170	115	32	2	13.6	0.5	0.5	0	0.4	2.3
"dominula"	170	116	99	2	29.3	0.8	0.8	0.1	0.3	1.8
"dominula"	170	117	43	1	18.4	0.7	0.7	0	0.6	4
"dominula"	170	118	43	2	15.1	0.6	0.6	0	0.4	1.8
"dominula"	170	119	70	1	16.8	0.6	0.6	0	0.6	4.7
"dominula"	170	120	67	2	21.3	0.6	0.6	0	0.5	2.6
"dominula"	170	121	97	1	21.7	0.6	0.6	0.1	0.3	2.4
"dominula"	170	122	102	1	18.2	0.6	0.6	0	0.6	4.6
"dominula"	170	123	77	1	23.9	0.7	0.7	0	0.7	6.8
"dominula"	170	124	71	1	16.7	0.5	0.5	0	0.4	1.3
"dominula"	170	125	61	1	15.2	0.6	0.6	0	0.6	5.7
"dominula"	170	126	91	2	18.2	0.5	0.5	0	0.5	2.6
"dominula"	170	127	65	1	20.9	0.6	0.6	0	0.5	3.5
"dominula"	170	128	47	1	13.8	0.5	0.5	0	0.5	5.7
"dominula"	170	129	48	1	14.4	0.4	0.4	0	0.4	3.5
"dominula"	170	130	74	2	16.2	0.6	0.6	0	0.5	3
"dominula"	170	131	50	2	16	0.6	0.6	0	0.5	3.2
"dominula"	170	132	81	1	19.7	0.8	0.8	0	0.6	3.6
"dominula"	170	133	59	1	19.7	0.6	0.6	0.1	0.4	4.2
"dominula"	170	134	60	1	14.6	0.6	0.6	0.1	0.5	3.1
"dominula"	170	135	61	2	14.2	0.6	0.6	0	0.6	4
"dominula"	170	136	55	2	17.6	0.7	0.7	0	0.4	2.4
"dominula"	170	137	59	1	24.6	0.7	0.7	0	0.7	4.6
"dominula"	170	138	59	1	18.7	0.5	0.5	0	0.4	3.8
"dominula"	170	139	185	1	43.7	0.7	0.7	0	0.6	5.5
"dominula"	170	140	44	1	15.1	0.7	0.7	0	0.6	6.9
"dominula"	170	141	72	1	26.1	0.5	0.5	0	0.4	2.4
"dominula"	170	142	43	2	15.2	0.4	0.4	0	0.4	2.1
"dominula"	170	143	43	1	16.5	0.6	0.6	0	0.6	3.2
"dominula"	170	144	160	1	34.3	0.6	0.6	0	0.6	4.3
"dominula"	170	145	49	1	17.4	0.7	0.7	0	0.6	3.8
"dominula"	170	146	72	1	18.4	0.6	0.6	0	0.5	3.3
"dominula"	170	147	67	1	11.4	0.5	0.5	0	0.5	4.1
"dominula"	170	148	64	1	18.8	0.6	0.6	0	0.6	2.6
"dominula"	170	149	65	2	16.9	0.6	0.6	0	0.3	2
"dominula"	170	150	35	1	12.2	0.7	0.7	0	0.7	4.6
"dominula"	170	151	92	2	22.5	0.5	0.5	0	0.4	2.1
"dominula"	170	152	71	2	20.9	0.7	0.7	0	0.6	3.4
"dominula"	170	153	130	1	37	0.7	0.7	0	0.6	5.4
"dominula"	170	154	51	1	19.4	0.7	0.7	0	0.6	4.9
"dominula"	170	155	60	1	18.9	0.4	0.4	0	0.4	4.3
"dominula"	170	156	55	1	20.1	0.6	0.6	0.1	0.5	4.8
"dominula"	170	157	52	1	17.7	0.7	0.7	0	0.7	3.8
"dominula"	170	158	76	2	24.3	0.7	0.7	0	0.6	3.3
"dominula"	170	159	160	1	25.6	0.5	0.5	0	0.4	3.8
"dominula"	170	160	48	1	15.9	0.5	0.5	0	0.5	4.6
"dominula"	170	161	87	2	27.3	0.6	0.6	0	0.4	2.7
"dominula"	170	162	105	2	24.5	0.6	0.6	0	0.6	4.9
"dominula"	170	163	86	1	24.1	0.6	0.6	0	0.5	2.7
"dominula"	170	164	49	1	14.9	0.7	0.7	0	0.7	3.6
"dominula"	170	165	64	2	21.6	0.6	0.6	0	0.5	4.7
"dominula"	170	166	49	1	20.7	0.6	0.6	0	0.4	3.3
"dominula"	170	167	151	2	34.5	0.6	0.6	0	0.5	3.8
"dominula"	170	168	155	1	22.9	0.5	0.5	0	0.5	5.5
"dominula"	170	169	116	1	35.6	0.8	0.8	0.1	0.5	3.2
"dominula"	170	170	75	1	17	0.4	0.4	0	0.4	4.1
"dominula"	180	1	159	1	44.9	0.3	0.3	0	0	-0.4
"dominula"	180	2	96	1	23.9	0.3	0.3	0	0	-0.4
"dominula"	180	3	53	1	23.7	0.2	0.2	0.1	0	-0.6
"dominula"	180	4	175	1	28.2	0.3	0.3	0	0	-0.4
"dominula"	180	5	258	1	50.4	0.4	0.4	0	0	-0.2
"dominula"	180	6	85	1	21.8	0.4	0.4	0	0.1	-0.1
"dominula"	180	7	44	1	17.3	0.2	0.2	0	0.1	-0.5
"dominula"	180	8	83	1	26	0.5	0.5	0	0	0
"dominula"	180	9	76	2	25.9	0.5	0.5	0	0	0
"dominula"	180	10	68	1	20.9	0.4	0.4	0	0	-0.2
"dominula"	180	11	182	1	45.8	0.6	0.6	0	0.2	0.4
"dominula"	180	12	81	1	27.8	0.6	0.6	0	0.2	0.4
"dominula"	180	13	55	2	16.9	0.6	0.6	0	0.2	0.4
"dominula"	180	14	117	1	31.3	0.2	0.2	0	0.2	-0.4
"dominula"	180	15	85	3	22.6	0.4	0.4	0	0	-0.2
"dominula"	180	16	106	1	23.1	0.4	0.4	0.1	0.3	0.4
"dominula"	180	17	42	2	12.9	0.3	0.3	0	0.1	-0.3
"dominula"	180	18	55	1	21.9	0.4	0.4	0	0	-0.2
"dominula"	180	19	43	1	18.5	0.5	0.5	0	0.3	0.6
"dominula"	180	20	72	1	22.4	0.5	0.5	0	0.4	0.8
"dominula"	180	21	98	1	34.6	0.5	0.5	0	0.3	0.5
"dominula"	180	22	148	2	45.3	0.5	0.5	0	0.2	0.7
"dominula"	180	23	147	2	41	0.2	0.2	0	0.1	-0.4
"dominula"	180	24	68	1	15.1	0.5	0.5	0	0.1	0.3
"dominula"	180	25	116	1	32	0.4	0.4	0.1	0.2	0.2
"dominula"	180	26	79	1	26.1	0.5	0.5	0	0.2	0.5
"dominula"	180	27	57	1	19.7	0.4	0.4	0	0.3	0.7
"dominula"	180	28	66	1	16.2	0.4	0.4	0	0.2	0.2
"dominula"	180	29	115	1	31	0.5	0.5	0	0.4	0.7
"dominula"	180	30	129	1	31.5	0.5	0.5	0	0.3	0.5
"dominula"	180	31	82	1	19	0.5	0.5	0	0.4	1
"dominula"	180	32	123	1	41.9	0.3	0.3	0	0.1	0.4
"dominula"	180	33	85	1	22.9	0.5	0.5	0	0.4	0.8
"dominula"	180	34	48	1	22.9	0.3	0.3	0	0.2	-0.2
"dominula"	180	35	77	2	17.1	0.4	0.4	0	0.3	0.7
"dominula"	180	36	147	1	36.1	0.3	0.3	0	0.2	0.3
"dominula"	180	37	112	1	27.5	0.3	0.3	0	0.3	0.2
"dominula"	180	38	149	1	41.4	0.6	0.6	0	0.4	1
"dominula"	180	39	117	1	32.9	0.3	0.3	0	0.3	0.6
"dominula"	180	40	86	1	20.2	0.4	0.4	0	0.3	1.1
"dominula"	180	41	72	1	25.5	0.5	0.5	0	0.4	1.2
"dominula"	180	42	65	1	22.4	0.6	0.6	0	0.5	1.9
"dominula"	180	43	269	1	45.4	0.4	0.4	0	0.3	1.2
"dominula"	180	44	74	1	25.7	0.4	0.4	0	0.4	1.1
"dominula"	180	45	67	1	24	0.3	0.3	0	0.1	0.4
"dominula"	180	46	150	1	63.6	0.8	0.8	0	0.4	2.4
"dominula"	180	47	93	1	22.2	0.4	0.4	0	0.3	0.9
"dominula"	180	48	54	2	17.6	0.4	0.4	0	0.3	0.5
"dominula"	180	49	128	2	35.3	0.6	0.6	0	0.4	1.4
"dominula"	180	50	92	1	25	0.5	0.5	0	0.4	1.3
"dominula"	180	51	109	1	32.8	0.6	0.6	0	0.4	1.7
"dominula"	180	52	101	1	33.6	0.5	0.5	0	0.4	1.3
"dominula"	180	53	148	1	28.8	0.5	0.5	0	0.4	1.4
"dominula"	180	54	78	1	25.4	0.4	0.4	0	0.3	1.8
"dominula"	180	55	282	1	60.7	0.5	0.5	0	0.2	1.1
"dominula"	180	56	68	1	26.1	0.5	0.5	0	0.3	1.5
"dominula"	180	57	136	3	51.3	0.4	0.4	0	0.3	0.9
"dominula"	180	58	109	1	34.2	0.5	0.5	0	0.4	1.7
"dominula"	180	59	143	1	36.2	0.6	0.6	0	0.4	2.4
"dominula"	180	60	104	2	41.5	0.4	0.4	0	0.3	1.1
"dominula"	180	61	127	1	34	0.5	0.5	0	0.2	1.3
"dominula"	180	62	60	1	25.8	0.4	0.4	0	0.4	1.6
"dominula"	180	63	87	1	36	0.6	0.6	0	0.5	2.3
"dominula"	180	64	174	1	43.2	0.6	0.6	0	0.4	2
"dominula"	180	65	182	1	31.1	0.3	0.3	0	0.2	0.5
"dominula"	180	66	63	2	27.5	0.5	0.5	0	0.4	1.1
"dominula"	180	67	39	1	11.5	0.5	0.5	0	0.3	0.9
"dominula"	180	68	118	2	26	0.2	0.2	0	0.2	0
"dominula"	180	69	83	2	21.8	0.3	0.3	0	0.1	0.2
"dominula"	180	70	88	1	27.8	0.4	0.4	0	0.3	1.1
"dominula"	180	71	131	2	44.5	0.6	0.6	0	0.3	2
"dominula"	180	72	76	1	26.2	0.5	0.5	0	0.4	2.9
"dominula"	180	73	87	1	27.8	0.4	0.4	0	0.4	1.9
"dominula"	180	74	69	2	27.8	0.4	0.4	0	0.3	1.8
"dominula"	180	75	48	1	17	0.5	0.5	0	0.5	1.8
"dominula"	180	76	55	2	27.7	0.4	0.4	0	0.4	1.2
"dominula"	180	77	106	1	34.5	0.3	0.3	0	0.2	0.1
"dominula"	180	78	40	1	11.7	0.4	0.4	0	0.2	1.5
"dominula"	180	79	73	2	23.6	0.3	0.3	0	0.3	1
"dominula"	180	80	54	1	23.7	0.3	0.3	0	0.2	0.6
"dominula"	180	81	100	1	24.1	0.4	0.4	0	0.4	1.8
"dominula"	180	82	72	2	23.1	0.6	0.6	0	0.5	2.2
"dominula"	180	83	97	1	28.1	0.3	0.3	0	0.3	1.4
"dominula"	180	84	75	1	24.7	0.5	0.5	0	0.3	1.8
"dominula"	180	85	76	1	30.3	0.7	0.7	0	0.6	2.9
"dominula"	180	86	156	2	30.7	0.3	0.3	0	0.2	0.8
"dominula"	180	87	250	1	62.4	0.4	0.4	0	0.2	1.1
"dominula"	180	88	118	1	19.7	0.5	0.5	0.1	0.4	1.7
"dominula"	180	89	91	2	22	0.4	0.4	0.1	0.3	0.5
"dominula"	180	90	36	1	12.9	0.4	0.4	0	0.3	1.3
"dominula"	180	91	110	2	27.1	0.4	0.4	0	0.2	0.3
"dominula"	180	92	62	1	24.7	0.3	0.3	0	0.3	1.6
"dominula"	180	93	173	2	23.7	0.4	0.4	0	0.3	1.9
"dominula"	180	94	80	1	19.8	0.4	0.4	0	0.4	2.5
"dominula"	180	95	72	2	37.5	0.5	0.5	0	0.5	2.3
"dominula"	180	96	63	2	23.3	0.5	0.5	0	0.3	2.9
"dominula"	180	97	51	3	19.4	0.4	0.4	0.1	0.2	1.2
"dominula"	180	98	83	1	35	0.4	0.4	0	0.4	2.7
"dominula"	180	99	51	2	16.9	0.2	0.2	0	0.2	1
"dominula"	180	100	146	1	25.3	0.3	0.3	0	0.3	1.6
"dominula"	180	101	79	1	29.6	0.4	0.4	0.1	0.2	0.8
"dominula"	180	102	99	3	35.1	0.4	0.4	0	0.4	2.7
"dominula"	180	103	74	1	28.2	0.3	0.3	0.1	0.2	0.6
"dominula"	180	104	54	1	16.9	0.4	0.4	0	0.3	1.4
"dominula"	180	105	74	3	25.7	0.3	0.3	0	0.2	0.3
"dominula"	180	106	202	1	32.2	0.4	0.4	0	0.4	1.9
"dominula"	180	107	65	2	19.4	0.5	0.5	0	0.3	1.5
"dominula"	180	108	65	1	20	0.2	0.2	0	0.2	1.1
"dominula"	180	109	62	1	18.6	0.3	0.3	0	0.3	0.7
"dominula"	180	110	40	2	18.6	0.5	0.5	0.2	0.2	0.7
"dominula"	180	111	95	2	28.9	0.5	0.5	0	0.4	1.4
"dominula"	180	112	95	2	22.5	0.2	0.2	0	0.2	0.6
"dominula"	180	113	42	1	13.9	0.3	0.3	0	0.2	1
"dominula"	180	114	70	2	15.8	0.3	0.3	0	0.3	0.4
"dominula"	180	115	124	1	35	0.6	0.6	0	0.3	2.8
"dominula"	180	116	94	1	22.4	0.4	0.4	0	0.4	2.4
"dominula"	180	117	186	1	50.6	0.4	0.4	0	0.4	1.7
"dominula"	180	118	79	1	22.9	0.5	0.5	0	0.4	2
"dominula"	180	119	137	1	36.4	0.4	0.4	0	0.3	1.7
"dominula"	180	120	87	2	24.6	0.5	0.5	0	0.3	0.6
"dominula"	180	121	118	2	37.6	0.5	0.5	0	0.3	1.6
"dominula"	180	122	36	1	12	0.3	0.3	0	0.3	3.1
"dominula"	180	123	97	3	31	0.4	0.4	0	0.3	0.8
"dominula"	180	124	160	2	47.7	0.5	0.5	0	0.3	1.6
"dominula"	180	125	69	1	25.9	0.5	0.5	0	0.5	2.6
"dominula"	180	126	244	1	47.8	0.4	0.4	0	0.3	3.5
"dominula"	180	127	106	2	37.3	0.5	0.5	0	0.3	1.4
"dominula"	180	128	50	2	22.5	0.3	0.3	0	0.3	2.2
"dominula"	180	129	95	2	23.1	0.5	0.5	0	0.4	1.9
"dominula"	180	130	90	1	22.7	0.4	0.4	0	0.4	3.1
"dominula"	180	131	209	2	47.3	0.4	0.4	0	0.4	1.1
"dominula"	180	132	45	2	18.8	0.5	0.5	0	0.4	1.1
"dominula"	180	133	58	2	20.9	0.3	0.3	0	0.3	0.2
"dominula"	180	134	45	2	21.8	0.5	0.5	0	0.4	1.5
"dominula"	180	135	112	1	26.1	0.4	0.4	0	0.4	2.7
"dominula"	180	136	79	1	32.7	0.6	0.6	0	0.6	2.6
"dominula"	180	137	112	2	44.5	0.7	0.7	0	0.5	3.8
"dominula"	180	138	79	1	22.7	0.4	0.4	0	0.3	3.5
"dominula"	180	139	104	2	35	0.4	0.4	0	0.3	1.5
"dominula"	180	140	117	1	35.1	0.6	0.6	0	0.5	3.1
"dominula"	180	141	72	1	25.1	0.4	0.4	0	0.4	2.8
"dominula"	180	142	40	1	17.4	0.5	0.5	0	0.4	2.1
"dominula"	180	143	51	1	19.7	0.3	0.3	0	0.3	2.5
"dominula"	180	144	122	3	48.5	0.4	0.4	0	0.3	1.2
"dominula"	180	145	65	2	21.9	0.3	0.3	0	0.2	0.6
"dominula"	180	146	171	1	26.4	0.5	0.5	0	0.3	2.4
"dominula"	180	147	160	3	24.5	0.5	0.5	0	0.5	3.1
"dominula"	180	148	73	1	17.6	0.5	0.5	0	0.4	1.2
"dominula"	180	149	88	1	23.8	0.4	0.4	0	0.4	2.6
"dominula"	180	150	46	2	19.8	0.4	0.4	0	0.4	2.2
"dominula"	180	151	175	1	59.8	0.6	0.6	0	0.6	4.6
"dominula"	180	152	147	5	33.6	0.4	0.4	0	0.4	2.1
"dominula"	180	153	162	2	35.9	0.4	0.4	0.1	0.3	1.3
"dominula"	180	154	112	2	44.8	0.4	0.4	0	0.4	2.1
"dominula"	180	155	128	2	36.8	0.4	0.4	0	0.4	3.3
"dominula"	180	156	97	2	28.1	0.4	0.4	0	0.3	2.7
"dominula"	180	157	72	1	16.1	0.3	0.3	0	0.3	2.1
"dominula"	180	158	137	1	30.5	0.4	0.4	0	0.3	1.6
"dominula"	180	159	222	2	58.5	0.5	0.5	0	0.4	2.5
"dominula"	180	160	112	2	39.8	0.5	0.5	0.1	0.3	2.2
"dominula"	180	161	45	2	19.2	0.4	0.4	0	0.3	2.6
"dominula"	180	162	83	2	25.6	0.4	0.4	0	0.3	1.1
"dominula"	180	163	168	2	44.1	0.5	0.5	0	0.5	3.5
"dominula"	180	164	102	1	42.8	0.6	0.6	0	0.6	5.1
"dominula"	180	165	57	1	18.4	0.3	0.3	0	0.3	3.3
"dominula"	180	166	133	2	34.8	0.5	0.5	0	0.5	2.7
"dominula"	180	167	125	2	40.7	0.3	0.3	0	0.2	2.2
"dominula"	180	168	110	2	34.8	0.5	0.5	0	0.5	3.2
"dominula"	180	169	71	1	27.2	0.7	0.7	0.1	0.5	2.5
"dominula"	180	170	77	1	26.5	0.5	0.5	0	0.4	3.9
"dominula"	180	171	106	1	34.1	0.4	0.4	0	0.3	2.5
"dominula"	180	172	56	2	20	0.4	0.4	0	0.3	1
"dominula"	180	173	86	1	27.4	0.3	0.3	0	0.2	1
"dominula"	180	174	87	2	28.3	0.4	0.4	0	0.3	2.2
"dominula"	180	175	107	2	34.5	0.3	0.3	0	0.2	2
"dominula"	180	176	184	2	45.5	0.4	0.4	0	0.3	1.8
"dominula"	180	177	80	1	29.8	0.4	0.4	0	0.4	2.5
"dominula"	180	178	97	1	22.3	0.4	0.4	0	0.4	2.4
"dominula"	180	179	80	2	35.7	0.4	0.4	0	0.3	1.8
"dominula"	180	180	48	2	21.1	0.3	0.3	0	0.3	3.7
"dominula"	190	1	94	1	25	0.6	0.6	0	0	0.2
"dominula"	190	2	74	1	20.2	0.6	0.6	0	0.1	0.3
"dominula"	190	3	90	1	24.8	0.5	0.5	0	0	0
"dominula"	190	4	105	1	39.7	0.6	0.6	0	0	0.2
"dominula"	190	5	42	1	7.8	0.4	0.4	0	0.3	0.1
"dominula"	190	6	150	1	33.4	0.6	0.6	0	0.1	0.4
"dominula"	190	7	76	1	24.1	0.5	0.5	0	0	0
"dominula"	190	8	46	1	14	0.5	0.5	0.1	0.2	0.3
"dominula"	190	9	139	1	25	0.5	0.5	0	0.1	0.1
"dominula"	190	10	70	1	23.7	0.5	0.5	0	0.3	0.6
"dominula"	190	11	130	1	33.4	0.6	0.6	0	0.1	0.3
"dominula"	190	12	58	1	20.7	0.5	0.5	0	0.3	0.7
"dominula"	190	13	173	1	40.9	0.5	0.5	0	0.1	0.3
"dominula"	190	14	117	1	28.8	0.5	0.5	0	0.3	0.8
"dominula"	190	15	173	1	32.8	0.2	0.2	0	0.2	0.1
"dominula"	190	16	163	1	35.1	0.6	0.6	0	0.5	1.2
"dominula"	190	17	250	1	49.7	0.5	0.5	0	0.4	0.5
"dominula"	190	18	90	1	21.4	0.4	0.4	0	0.2	0
"dominula"	190	19	36	1	16.5	0.5	0.5	0.1	0.2	0.5
"dominula"	190	20	75	1	26.1	0.4	0.4	0	0.3	0.8
"dominula"	190	21	78	1	31.3	0.6	0.6	0	0.3	0.7
"dominula"	190	22	88	1	22.6	0.7	0.7	0	0.4	1.4
"dominula"	190	23	59	1	15.6	0.6	0.6	0	0.4	1.4
"dominula"	190	24	36	1	10.9	0.3	0.3	0	0.2	0.3
"dominula"	190	25	54	2	16	0.4	0.4	0	0.3	0.3
"dominula"	190	26	88	1	23.5	0.5	0.5	0	0.2	0.7
"dominula"	190	27	89	1	30	0.5	0.5	0.1	0.1	0.3
"dominula"	190	28	74	1	17	0.4	0.4	0	0.4	1.7
"dominula"	190	29	34	1	9.8	0.5	0.5	0	0.3	0.4
"dominula"	190	30	44	1	18	0.4	0.4	0	0.3	1.7
"dominula"	190	31	87	1	19.6	0.5	0.5	0	0.2	0.3
"dominula"	190	32	115	1	30.6	0.5	0.5	0	0.2	0.5
"dominula"	190	33	187	1	28.3	0.5	0.5	0	0.3	1.1
"dominula"	190	34	70	1	24.4	0.5	0.5	0	0.3	0.7
"dominula"	190	35	126	1	36.6	0.5	0.5	0	0.4	1
"dominula"	190	36	154	1	42.1	0.6	0.6	0	0.4	1.3
"dominula"	190	37	79	1	14.1	0.4	0.4	0	0.4	0.9
"dominula"	190	38	127	1	28	0.6	0.6	0.1	0.4	1.4
"dominula"	190	39	41	1	18.9	0.5	0.5	0	0.5	1.7
"dominula"	190	40	90	1	23.2	0.4	0.4	0	0.3	1
"dominula"	190	41	130	1	33.1	0.7	0.7	0	0.3	2
"dominula"	190	42	75	1	24.2	0.6	0.6	0	0.5	3
"dominula"	190	43	89	1	25.4	0.7	0.7	0	0.4	2.3
"dominula"	190	44	55	1	17.4	0.6	0.6	0	0.5	1.5
"dominula"	190	45	27	1	11.6	0.4	0.4	0	0.3	1.5
"dominula"	190	46	48	1	15	0.5	0.5	0	0.4	1.1
"dominula"	190	47	59	2	18.9	0.5	0.5	0.1	0.3	0.7
"dominula"	190	48	153	1	35.4	0.5	0.5	0	0.4	1
"dominula"	190	49	38	1	16.9	0.7	0.7	0	0.5	2.6
"dominula"	190	50	89	1	24.9	0.5	0.5	0	0.4	2.2
"dominula"	190	51	45	1	16.3	0.4	0.4	0	0.4	1.8
"dominula"	190	52	97	1	24	0.5	0.5	0	0.4	2.1
"dominula"	190	53	107	1	30	0.6	0.6	0	0.3	1.4
"dominula"	190	54	116	1	22.1	0.6	0.6	0	0.4	2
"dominula"	190	55	71	1	20.5	0.6	0.6	0	0.5	1.7
"dominula"	190	56	65	1	22	0.5	0.5	0	0.4	1.8
"dominula"	190	57	180	1	46.3	0.7	0.7	0	0.5	2.6
"dominula"	190	58	67	1	24.6	0.6	0.6	0	0.4	3
"dominula"	190	59	167	1	35.8	0.6	0.6	0	0.3	1.2
"dominula"	190	60	105	1	28.9	0.4	0.4	0	0.4	1.5
"dominula"	190	61	54	1	15.7	0.5	0.5	0.1	0.4	2.4
"dominula"	190	62	60	1	18	0.5	0.5	0	0.4	1.5
"dominula"	190	63	77	1	24.2	0.6	0.6	0.1	0.2	2
"dominula"	190	64	50	1	14.4	0.5	0.5	0	0.4	3.1
"dominula"	190	65	163	1	28.1	0.5	0.5	0	0.5	1.4
"dominula"	190	66	56	1	15.1	0.4	0.4	0	0.4	1.8
"dominula"	190	67	129	1	36.7	0.4	0.4	0	0.4	1.8
"dominula"	190	68	94	1	26.4	0.3	0.3	0.1	0.2	0.6
"dominula"	190	69	47	1	20.8	0.5	0.5	0	0.4	1.7
"dominula"	190	70	24	1	10.8	0.5	0.5	0	0.5	3.2
"dominula"	190	71	244	1	46.6	0.4	0.4	0	0.3	2
"dominula"	190	72	52	1	17.5	0.4	0.4	0	0.4	1.8
"dominula"	190	73	44	1	14.5	0.6	0.6	0	0.4	2.3
"dominula"	190	74	280	2	45.8	0.5	0.5	0	0.4	0.8
"dominula"	190	75	82	1	29.2	0.5	0.5	0	0.5	2.1
"dominula"	190	76	48	1	19.1	0.4	0.4	0	0.3	1.2
"dominula"	190	77	64	1	24	0.4	0.4	0	0.4	1.3
"dominula"	190	78	48	2	18.4	0.5	0.5	0	0.4	1.3
"dominula"	190	79	93	1	31.7	0.5	0.5	0	0.4	2.3
"dominula"	190	80	101	1	26.6	0.4	0.4	0	0.3	1.3
"dominula"	190	81	140	1	50.6	0.5	0.5	0.1	0.4	2.3
"dominula"	190	82	55	1	17.4	0.5	0.5	0	0.5	1.7
"dominula"	190	83	49	1	20.9	0.5	0.5	0	0.3	3.1
"dominula"	190	84	56	1	14.6	0.5	0.5	0	0.5	4.1
"dominula"	190	85	68	1	17.8	0.7	0.7	0	0.5	2.6
"dominula"	190	86	72	1	20.6	0.5	0.5	0.1	0.3	1.8
"dominula"	190	87	86	1	26.3	0.6	0.6	0	0.5	3.7
"dominula"	190	88	62	1	20.1	0.5	0.5	0	0.4	1.7
"dominula"	190	89	49	2	20.9	0.6	0.6	0	0.3	1.4
"dominula"	190	90	94	2	23.4	0.4	0.4	0	0.3	2
"dominula"	190	91	60	2	24.5	0.7	0.7	0	0.5	3.1
"dominula"	190	92	111	1	23.8	0.6	0.6	0	0.4	2.2
"dominula"	190	93	124	3	36.3	0.5	0.5	0	0.4	1
"dominula"	190	94	48	1	11.3	0.5	0.5	0	0.5	2.4
"dominula"	190	95	76	1	18.3	0.5	0.5	0	0.4	4
"dominula"	190	96	54	2	22.6	0.5	0.5	0	0.5	2.6
"dominula"	190	97	39	2	16.5	0.6	0.6	0	0.4	1.4
"dominula"	190	98	69	2	28.6	0.5	0.5	0	0.4	3
"dominula"	190	99	70	1	25.8	0.5	0.5	0	0.4	2.4
"dominula"	190	100	41	2	14.8	0.5	0.5	0.1	0.4	1.3
"dominula"	190	101	87	1	36.4	0.6	0.6	0	0.4	2.7
"dominula"	190	102	143	1	47.8	0.6	0.6	0	0.5	2.6
"dominula"	190	103	88	1	21.9	0.7	0.7	0	0.5	2.9
"dominula"	190	104	96	2	36.5	0.4	0.4	0	0.2	1.8
"dominula"	190	105	148	1	35.1	0.6	0.6	0	0.2	2.2
"dominula"	190	106	107	1	24.8	0.5	0.5	0	0.3	1.8
"dominula"	190	107	66	1	18.7	0.4	0.4	0	0.2	2.2
"dominula"	190	108	37	1	12.3	0.5	0.5	0	0.5	2.3
"dominula"	190	109	119	1	26.7	0.3	0.3	0	0.2	1.8
"dominula"	190	110	180	1	40.1	0.5	0.5	0	0.4	2.9
"dominula"	190	111	121	1	19.1	0.4	0.4	0	0.4	2
"dominula"	190	112	121	1	35.6	0.6	0.6	0	0.6	3.6
"dominula"	190	113	54	1	19.9	0.4	0.4	0	0.4	3.3
"dominula"	190	114	142	2	45.8	0.7	0.7	0	0.4	2.9
"dominula"	190	115	54	1	12.8	0.6	0.6	0	0.5	4.4
"dominula"	190	116	92	1	21.3	0.4	0.4	0	0.4	2.9
"dominula"	190	117	176	2	32.2	0.5	0.5	0	0.3	1.1
"dominula"	190	118	183	1	38.7	0.5	0.5	0	0.4	3.1
"dominula"	190	119	50	1	16.3	0.5	0.5	0.1	0.4	2.9
"dominula"	190	120	101	1	21.7	0.4	0.4	0	0.3	2.6
"dominula"	190	121	49	1	21.5	0.5	0.5	0	0.5	2.5
"dominula"	190	122	116	1	29.6	0.6	0.6	0	0.5	3.8
"dominula"	190	123	139	1	25.4	0.6	0.6	0	0.5	3.6
"dominula"	190	124	137	3	46.7	0.5	0.5	0	0.2	1.8
"dominula"	190	125	80	2	28.8	0.6	0.6	0	0.3	0.9
"dominula"	190	126	93	1	32.2	0.7	0.7	0	0.6	3.5
"dominula"	190	127	51	1	18.4	0.5	0.5	0	0.4	2.6
"dominula"	190	128	106	2	38.8	0.7	0.7	0	0.4	1.3
"dominula"	190	129	58	1	21.4	0.5	0.5	0	0.4	3.7
"dominula"	190	130	64	1	18.5	0.5	0.5	0	0.4	1.9
"dominula"	190	131	91	1	23.3	0.4	0.4	0	0.4	3.1
"dominula"	190	132	49	1	15.4	0.4	0.4	0	0.3	0.6
"dominula"	190	133	88	1	29.5	0.5	0.5	0	0.4	2.3
"dominula"	190	134	45	1	21.7	0.6	0.6	0	0.4	2
"dominula"	190	135	82	1	31.2	0.5	0.5	0	0.5	3.5
"dominula"	190	136	377	1	52.9	0.5	0.5	0	0.4	4.2
"dominula"	190	137	81	2	22.7	0.5	0.5	0	0.5	1.8
"dominula"	190	138	99	2	26	0.6	0.6	0	0.5	3.1
"dominula"	190	139	77	1	29.5	0.6	0.6	0	0.3	3.1
"dominula"	190	140	42	1	21.3	0.5	0.5	0	0.4	2
"dominula"	190	141	9	1	3.8	0.3	0.3	0	0.3	0.4
"dominula"	190	142	70	1	25.6	0.7	0.7	0	0.6	4.2
"dominula"	190	143	119	1	33.1	0.6	0.6	0	0.5	4.5
"dominula"	190	144	54	2	19.4	0.6	0.6	0	0.6	3.5
"dominula"	190	145	53	1	15.7	0.6	0.6	0	0.5	3.8
"dominula"	190	146	55	1	19.1	0.3	0.3	0	0.3	3.9
"dominula"	190	147	68	1	24	0.6	0.6	0	0.5	5
"dominula"	190	148	122	1	29.7	0.6	0.6	0	0.5	3.8
"dominula"	190	149	104	1	24.9	0.6	0.6	0.1	0.4	4.2
"dominula"	190	150	82	2	23.8	0.4	0.4	0	0.4	2.8
"dominula"	190	151	69	1	21.9	0.5	0.5	0	0.5	4.3
"dominula"	190	152	235	2	30.2	0.5	0.5	0	0.4	1.5
"dominula"	190	153	58	3	25.3	0.4	0.4	0	0.4	3.1
"dominula"	190	154	72	2	26.7	0.4	0.4	0	0.4	2.4
"dominula"	190	155	57	2	27	0.5	0.5	0	0.4	3.3
"dominula"	190	156	40	2	15.2	0.5	0.5	0	0.4	1.3
"dominula"	190	157	153	2	45.6	0.6	0.6	0	0.5	3.1
"dominula"	190	158	39	1	18.7	0.6	0.6	0	0.5	4.5
"dominula"	190	159	85	1	25.6	0.5	0.5	0	0.4	4
"dominula"	190	160	39	1	11.5	0.5	0.5	0	0.5	5.3
"dominula"	190	161	75	1	23.5	0.6	0.6	0	0.5	4.1
"dominula"	190	162	120	1	19.4	0.4	0.4	0	0.4	5.9
"dominula"	190	163	108	1	29	0.5	0.5	0	0.5	2.5
"dominula"	190	164	102	1	25.6	0.4	0.4	0	0.4	1.9
"dominula"	190	165	157	1	33.1	0.6	0.6	0	0.4	3
"dominula"	190	166	69	1	14.1	0.4	0.4	0	0.4	3.3
"dominula"	190	167	57	1	17.2	0.3	0.3	0	0.3	2.9
"dominula"	190	168	105	2	31.9	0.6	0.6	0	0.5	3.4
"dominula"	190	169	146	1	32.3	0.7	0.7	0.1	0.6	6.6
"dominula"	190	170	80	1	28.8	0.5	0.5	0.1	0.4	4.1
"dominula"	190	171	225	1	45.7	0.4	0.4	0	0.4	4.8
"dominula"	190	172	45	1	17.7	0.5	0.5	0	0.4	3.9
"dominula"	190	173	136	1	31.8	0.5	0.5	0	0.4	4.5
"dominula"	190	174	63	2	23.1	0.5	0.5	0	0.5	2.2
"dominula"	190	175	175	1	45.8	0.6	0.6	0	0.5	3.9
"dominula"	190	176	57	2	15.4	0.4	0.4	0	0.4	3.5
"dominula"	190	177	109	1	37.7	0.5	0.5	0	0.4	3.8
"dominula"	190	178	81	1	17.8	0.3	0.3	0	0.3	3.6
"dominula"	190	179	57	1	23.7	0.4	0.4	0.1	0.3	3
"dominula"	190	180	90	1	24.7	0.6	0.6	0	0.5	4.9
"dominula"	190	181	136	1	31	0.4	0.4	0	0.4	4.6
"dominula"	190	182	63	1	22.2	0.5	0.5	0	0.4	3
"dominula"	190	183	147	1	32.9	0.4	0.4	0	0.3	2.6
"dominula"	190	184	83	1	28	0.6	0.6	0	0.4	3
"dominula"	190	185	89	1	34.3	0.7	0.7	0	0.7	5.9
"dominula"	190	186	156	1	38.8	0.3	0.3	0	0.2	2.5
"dominula"	190	187	130	1	32.1	0.5	0.5	0	0.2	2.7
"dominula"	190	188	68	1	21.2	0.6	0.6	0	0.6	4.3
"dominula"	190	189	80	3	20.3	0.4	0.4	0	0.3	1.6
"dominula"	190	190	96	1	22.2	0.3	0.3	0	0.3	2.3
"dominula"	200	1	101	1	26.4	0.5	0.5	0	0	0
"dominula"	200	2	56	1	13.4	0.5	0.5	0	0	0.2
"dominula"	200	3	80	1	16.6	0.6	0.6	0	0	0.2
"dominula"	200	4	84	1	16.8	0.7	0.7	0	0	0.4
"dominula"	200	5	125	1	21.3	0.5	0.5	0	0.3	0.3
"dominula"	200	6	33	1	14.7	0.6	0.6	0	0.3	0.6
"dominula"	200	7	55	1	17.8	0.6	0.6	0	0	0.2
"dominula"	200	8	40	1	11.8	0.5	0.5	0	0.1	0.1
"dominula"	200	9	48	1	13.2	0.5	0.5	0.1	0.1	0.2
"dominula"	200	10	56	1	11.3	0.5	0.5	0	0.4	0.5
"dominula"	200	11	88	1	15.2	0.5	0.5	0	0.1	0.1
"dominula"	200	12	27	1	12.2	0.6	0.6	0	0.2	0.5
"dominula"	200	13	42	1	14.3	0.4	0.4	0	0.3	0.5
"dominula"	200	14	170	1	34.8	0.7	0.7	0	0.6	1.4
"dominula"	200	15	61	1	18.2	0.5	0.5	0	0.2	0.5
"dominula"	200	16	133	1	31.3	0.6	0.6	0	0.3	0.7
"dominula"	200	17	49	1	12.9	0.5	0.5	0	0.3	0.4
"dominula"	200	18	68	2	19	0.7	0.7	0	0.2	0.6
"dominula"	200	19	125	1	30.5	0.5	0.5	0	0.3	0.6
"dominula"	200	20	105	1	18.9	0.4	0.4	0.1	0.1	-0.1
"dominula"	200	21	98	1	23.1	0.7	0.7	0	0.4	1.3
"dominula"	200	22	54	1	15.8	0.6	0.6	0	0.5	1.4
"dominula"	200	23	177	1	37.9	0.5	0.5	0	0.2	0.8
"dominula"	200	24	79	1	19.6	0.6	0.6	0	0.3	0.9
"dominula"	200	25	145	1	32.8	0.5	0.5	0	0.4	1.2
"dominula"	200	26	109	1	22.9	0.5	0.5	0.1	0.2	0.6
"dominula"	200	27	90	1	16.7	0.5	0.5	0	0.4	1.5
"dominula"	200	28	59	1	15.4	0.3	0.3	0	0.1	0.1
"dominula"	200	29	96	1	19.8	0.5	0.5	0	0.3	1.1
"dominula"	200	30	179	1	27.3	0.6	0.6	0	0.5	1.9
"dominula"	200	31	92	1	25.1	0.6	0.6	0	0.5	2.1
"dominula"	200	32	57	1	10.6	0.6	0.6	0	0.5	1.4
"dominula"	200	33	103	1	24	0.7	0.7	0	0.5	1.5
"dominula"	200	34	136	1	28	0.7	0.7	0	0.5	1.8
"dominula"	200	35	95	1	20.8	0.5	0.5	0.1	0.3	1.5
"dominula"	200	36	43	1	11.3	0.6	0.6	0	0.5	1.9
"dominula"	200	37	122	1	23.3	0.6	0.6	0	0.6	1.3
"dominula"	200	38	52	1	19.1	0.5	0.5	0	0.5	1.6
"dominula"	200	39	150	1	23.5	0.5	0.5	0	0.5	1.4
"dominula"	200	40	105	1	26.2	0.5	0.5	0	0.4	2.3
"dominula"	200	41	117	1	35.6	0.5	0.5	0	0.5	2.1
"dominula"	200	42	91	1	29.5	0.7	0.7	0	0.6	3
"dominula"	200	43	70	1	25.3	0.5	0.5	0	0.4	1.9
"dominula"	200	44	46	1	16.3	0.5	0.5	0	0.4	1.6
"dominula"	200	45	59	1	15.7	0.5	0.5	0	0.5	1.6
"dominula"	200	46	104	1	31.2	0.6	0.6	0	0.5	1.5
"dominula"	200	47	105	1	23.4	0.6	0.6	0	0.4	2.2
"dominula"	200	48	49	1	19.6	0.6	0.6	0	0.5	2.5
"dominula"	200	49	88	1	21.8	0.6	0.6	0	0.5	2.4
"dominula"	200	50	73	1	21	0.7	0.7	0	0.4	2.2
"dominula"	200	51	155	1	47.9	0.5	0.5	0.1	0.3	2.1
"dominula"	200	52	118	1	15.2	0.5	0.5	0	0.5	1.5
"dominula"	200	53	78	1	26	0.6	0.6	0	0.4	2.5
"dominula"	200	54	62	1	16.5	0.6	0.6	0	0.5	1.8
"dominula"	200	55	24	1	6.8	0.5	0.5	0.1	0.3	2.5
"dominula"	200	56	62	1	16.6	0.6	0.6	0	0.5	3.1
"dominula"	200	57	92	1	16.9	0.5	0.5	0	0.4	2.7
"dominula"	200	58	99	1	29	0.4	0.4	0	0.4	2.5
"dominula"	200	59	84	1	29.9	0.5	0.5	0	0.3	2
"dominula"	200	60	104	1	25	0.5	0.5	0	0.3	1.2
"dominula"	200	61	103	1	25.1	0.6	0.6	0	0.5	2.9
"dominula"	200	62	83	1	20.8	0.6	0.6	0	0.4	2
"dominula"	200	63	57	1	12.7	0.6	0.6	0	0.4	2.6
"dominula"	200	64	102	1	34.9	0.6	0.6	0	0.5	2
"dominula"	200	65	186	1	41.7	0.5	0.5	0	0.4	2.5
"dominula"	200	66	69	1	18	0.7	0.7	0	0.6	3.3
"dominula"	200	67	240	1	47.8	0.6	0.6	0	0.4	1.9
"dominula"	200	68	98	1	24.7	0.6	0.6	0	0.4	1.9
"dominula"	200	69	232	1	41.2	0.4	0.4	0	0.3	2.7
"dominula"	200	70	81	1	16.6	0.7	0.7	0	0.5	1.6
"dominula"	200	71	70	1	24.4	0.6	0.6	0	0.5	2.6
"dominula"	200	72	105	1	31.6	0.7	0.7	0	0.6	3.8
"dominula"	200	73	144	1	25.3	0.8	0.8	0	0.5	2.4
"dominula"	200	74	51	1	16.3	0.6	0.6	0	0.5	2.9
"dominula"	200	75	192	1	40.9	0.5	0.5	0	0.4	2.4
"dominula"	200	76	41	1	14.7	0.5	0.5	0	0.4	1.8
"dominula"	200	77	78	2	26.8	0.6	0.6	0	0.4	0.9
"dominula"	200	78	52	1	16.2	0.6	0.6	0	0.6	2.7
"dominula"	200	79	63	1	18.2	0.6	0.6	0	0.6	3
"dominula"	200	80	171	1	45.8	0.4	0.4	0	0.3	2.1
"dominula"	200	81	47	1	13.5	0.6	0.6	0	0.5	2.8
"dominula"	200	82	218	1	37.3	0.6	0.6	0	0.5	2.3
"dominula"	200	83	144	1	29.5	0.5	0.5	0	0.5	3.5
"dominula"	200	84	43	1	15.2	0.5	0.5	0	0.5	3.1
"dominula"	200	85	266	2	36.7	0.5	0.5	0	0.3	1.2
"dominula"	200	86	82	1	13.6	0.6	0.6	0	0.5	4.1
"dominula"	200	87	160	1	38.4	0.4	0.4	0	0.4	2.8
"dominula"	200	88	86	1	32.9	0.5	0.5	0	0.5	1.5
"dominula"	200	89	194	2	47.8	0.5	0.5	0	0.4	2.5
"dominula"	200	90	52	1	20.3	0.6	0.6	0	0.5	2.9
"dominula"	200	91	103	1	21.8	0.6	0.6	0	0.5	2.9
"dominula"	200	92	59	2	16.8	0.6	0.6	0	0.4	1
"dominula"	200	93	123	1	30.2	0.5	0.5	0	0.4	2.3
"dominula"	200	94	127	1	40.2	0.6	0.6	0	0.5	2.7
"dominula"	200	95	230	1	30	0.5	0.5	0	0.5	3.6
"dominula"	200	96	67	1	16.7	0.7	0.7	0	0.6	3.4
"dominula"	200	97	64	1	14.4	0.7	0.7	0	0.6	3.3
"dominula"	200	98	40	1	13.6	0.5	0.5	0	0.3	2
"dominula"	200	99	206	1	45.8	0.6	0.6	0	0.4	2.2
"dominula"	200	100	151	1	24.8	0.6	0.6	0.1	0.3	3.1
"dominula"	200	101	98	1	22.9	0.6	0.6	0	0.6	3.9
"dominula"	200	102	217	1	33.7	0.4	0.4	0	0.3	2.6
"dominula"	200	103	78	1	20.2	0.5	0.5	0	0.5	4.6
"dominula"	200	104	62	1	18.3	0.5	0.5	0	0.5	2.9
"dominula"	200	105	192	1	39	0.5	0.5	0	0.4	3.4
"dominula"	200	106	72	2	17.7	0.4	0.4	0	0.2	1.1
"dominula"	200	107	60	1	18	0.5	0.5	0	0.5	3.1
"dominula"	200	108	44	1	12.9	0.5	0.5	0	0.4	2.4
"dominula"	200	109	191	1	39	0.4	0.4	0	0.3	1.5
"dominula"	200	110	49	1	21.1	0.5	0.5	0	0.4	4.2
"dominula"	200	111	57	1	18.1	0.5	0.5	0	0.5	3
"dominula"	200	112	81	1	17.5	0.6	0.6	0	0.6	4.6
"dominula"	200	113	41	1	16.7	0.4	0.4	0	0.4	3.5
"dominula"	200	114	133	1	31.6	0.5	0.5	0	0.4	3.4
"dominula"	200	115	69	2	13.9	0.4	0.4	0	0.2	0.7
"dominula"	200	116	77	2	19.9	0.5	0.5	0	0.4	1.5
"dominula"	200	117	104	1	23.3	0.5	0.5	0	0.4	3.7
"dominula"	200	118	56	1	15.1	0.5	0.5	0	0.4	1.7
"dominula"	200	119	38	1	12.1	0.4	0.4	0	0.4	4.1
"dominula"	200	120	114	1	39.1	0.7	0.7	0	0.5	3.8
"dominula"	200	121	119	2	22.6	0.5	0.5	0	0.4	1.3
"dominula"	200	122	127	1	33.6	0.6	0.6	0	0.6	5
"dominula"	200	123	54	1	21.5	0.6	0.6	0	0.5	2.2
"dominula"	200	124	76	1	23.9	0.6	0.6	0	0.6	4
"dominula"	200	125	190	1	30.8	0.6	0.6	0.1	0.4	3.9
"dominula"	200	126	52	1	17	0.3	0.3	0	0.3	1.6
"dominula"	200	127	95	2	30.5	0.6	0.6	0	0.4	2
"dominula"	200	128	96	1	20.2	0.6	0.6	0	0.5	4.5
"dominula"	200	129	98	1	14.5	0.5	0.5	0	0.5	4.4
"dominula"	200	130	70	1	16.3	0.5	0.5	0	0.4	1.9
"dominula"	200	131	135	1	33.7	0.4	0.4	0	0.3	4.8
"dominula"	200	132	103	1	25.7	0.6	0.6	0	0.4	4.4
"dominula"	200	133	70	1	21.1	0.7	0.7	0	0.5	4.3
"dominula"	200	134	65	1	25.6	0.5	0.5	0.1	0.4	2.1
"dominula"	200	135	22	1	6.4	0.5	0.5	0	0.5	4.7
"dominula"	200	136	124	1	26.8	0.6	0.6	0	0.4	2.4
"dominula"	200	137	58	2	13.9	0.5	0.5	0	0.4	1.7
"dominula"	200	138	93	1	26.6	0.5	0.5	0	0.5	2.8
"dominula"	200	139	71	1	17.7	0.5	0.5	0	0.5	3.1
"dominula"	200	140	66	2	17.9	0.6	0.6	0	0.6	3.6
"dominula"	200	141	114	2	28.1	0.5	0.5	0	0.4	2.3
"dominula"	200	142	131	2	42	0.3	0.3	0	0.3	6.7
"dominula"	200	143	45	1	16	0.5	0.5	0	0.3	3.7
"dominula"	200	144	78	1	22.3	0.4	0.4	0	0.3	1.6
"dominula"	200	145	75	2	18.2	0.5	0.5	0	0.5	3.4
"dominula"	200	146	121	2	19.6	0.5	0.5	0	0.5	2.1
"dominula"	200	147	114	1	32.1	0.7	0.7	0	0.6	4.8
"dominula"	200	148	146	1	29.8	0.5	0.5	0	0.4	2.3
"dominula"	200	149	158	1	36.6	0.7	0.7	0	0.7	4.1
"dominula"	200	150	118	1	29	0.5	0.5	0	0.4	2.7
"dominula"	200	151	129	1	31.9	0.6	0.6	0	0.5	2.7
"dominula"	200	152	58	1	18.8	0.6	0.6	0	0.6	4
"dominula"	200	153	121	1	21.4	0.7	0.7	0	0.7	5
"dominula"	200	154	92	1	17.1	0.5	0.5	0	0.4	1.3
"dominula"	200	155	160	1	33.2	0.7	0.7	0	0.6	5.5
"dominula"	200	156	120	1	26	0.5	0.5	0	0.4	4.1
"dominula"	200	157	193	2	41.6	0.5	0.5	0.1	0.4	5.8
"dominula"	200	158	54	1	18	0.5	0.5	0	0.4	3.5
"dominula"	200	159	48	1	14.4	0.6	0.6	0.1	0.5	3.1
"dominula"	200	160	101	1	30	0.6	0.6	0	0.6	3.7
"dominula"	200	161	55	1	19.6	0.7	0.7	0	0.6	4.3
"dominula"	200	162	98	1	29.9	0.6	0.6	0	0.6	5.2
"dominula"	200	163	90	1	18.7	0.6	0.6	0	0.6	4.5
"dominula"	200	164	50	1	13.2	0.5	0.5	0	0.5	4.7
"dominula"	200	165	109	2	22.2	0.5	0.5	0	0.4	1.9
"dominula"	200	166	129	1	24.8	0.4	0.4	0	0.3	6.4
"dominula"	200	167	87	1	21.8	0.5	0.5	0	0.3	3.2
"dominula"	200	168	46	1	13	0.6	0.6	0	0.6	6.1
"dominula"	200	169	62	1	16.8	0.6	0.6	0.1	0.4	4.5
"dominula"	200	170	63	2	14.7	0.6	0.6	0	0.5	4
"dominula"	200	171	71	1	20.1	0.6	0.6	0	0.4	5.4
"dominula"	200	172	77	1	23.9	0.6	0.6	0	0.5	4.5
"dominula"	200	173	53	1	16	0.7	0.7	0	0.6	6.2
"dominula"	200	174	118	1	33.6	0.4	0.4	0	0.4	5.9
"dominula"	200	175	108	1	27.5	0.6	0.6	0	0.5	3.2
"dominula"	200	176	66	1	24.3	0.5	0.5	0	0.5	5.6
"dominula"	200	177	60	2	20.3	0.7	0.7	0	0.6	4.2
"dominula"	200	178	53	1	20.7	0.4	0.4	0	0.3	2.2
"dominula"	200	179	91	1	23.6	0.5	0.5	0	0.5	4.2
"dominula"	200	180	90	1	17.1	0.6	0.6	0	0.5	3.7
"dominula"	200	181	38	1	14.6	0.7	0.7	0	0.5	4.7
"dominula"	200	182	120	2	26.4	0.5	0.5	0	0.3	2.8
"dominula"	200	183	69	1	17.7	0.5	0.5	0	0.5	5.1
"dominula"	200	184	84	1	23	0.5	0.5	0	0.4	5.5
"dominula"	200	185	110	2	20	0.6	0.6	0	0.5	4.2
"dominula"	200	186	29	1	9.1	0.5	0.5	0	0.5	3.5
"dominula"	200	187	51	1	19.3	0.5	0.5	0	0.4	4.4
"dominula"	200	188	61	1	20.3	0.5	0.5	0	0.4	3.9
"dominula"	200	189	51	1	19.1	0.6	0.6	0	0.5	3.9
"dominula"	200	190	117	1	24.8	0.6	0.6	0	0.4	2.9
"dominula"	200	191	54	2	14.5	0.5	0.5	0	0.4	1.6
"dominula"	200	192	70	1	19.6	0.6	0.6	0.1	0.4	3.5
"dominula"	200	193	48	1	20.1	0.5	0.5	0	0.5	6.8
"dominula"	200	194	82	1	24	0.5	0.5	0	0.4	5.2
"dominula"	200	195	43	1	19.1	0.5	0.5	0	0.4	4.7
"dominula"	200	196	44	2	13.7	0.6	0.6	0	0.6	4.9
"dominula"	200	197	97	2	25.8	0.8	0.8	0.2	0.5	2.8
"dominula"	200	198	85	1	20.9	0.9	0.9	0	0.7	10.8
"dominula"	200	199	60	1	13.5	0.6	0.6	0	0.6	5.9
"dominula"	200	200	44	1	13.7	0.5	0.5	0	0.4	2.7
