"number_wasps"	"w"	"total_alive"	"total_usurp"	"total_nested"
50	1	6	0	6
50	2	7	0	7
50	3	7	0	7
50	4	6	0	6
50	5	6	0	6
50	6	9	0	9
50	7	8	2	8
50	8	6	0	6
50	9	7	1	7
50	10	8	1	8
50	11	8	0	8
50	12	6	1	6
50	13	6	2	6
50	14	7	1	7
50	15	9	2	9
50	16	7	2	7
50	17	6	2	6
50	18	7	2	7
50	19	8	1	8
50	20	5	0	5
50	21	6	0	6
50	22	7	3	7
50	23	7	1	7
50	24	6	2	6
50	25	6	2	6
50	26	6	3	6
50	27	6	1	6
50	28	6	2	6
50	29	5	1	5
50	30	7	3	7
50	31	5	1	5
50	32	6	2	6
50	33	8	2	8
50	34	7	1	7
50	35	7	2	7
50	36	7	1	7
50	37	5	1	5
50	38	5	0	5
50	39	6	3	6
50	40	7	3	7
50	41	6	0	6
50	42	7	3	7
50	43	7	3	7
50	44	7	2	7
50	45	5	0	5
50	46	6	3	6
50	47	5	1	5
50	48	7	5	7
50	49	5	0	5
50	50	7	4	7
60	1	6	0	6
60	2	6	0	6
60	3	7	0	7
60	4	7	0	7
60	5	7	0	7
60	6	8	0	8
60	7	7	1	7
60	8	6	0	6
60	9	7	2	7
60	10	8	1	8
60	11	4	0	4
60	12	7	2	7
60	13	5	0	5
60	14	8	1	8
60	15	7	2	7
60	16	8	3	8
60	17	7	2	7
60	18	7	2	7
60	19	6	0	6
60	20	6	1	6
60	21	8	2	8
60	22	7	2	7
60	23	7	1	7
60	24	7	2	7
60	25	7	1	7
60	26	7	3	7
60	27	6	2	6
60	28	5	1	5
60	29	6	2	6
60	30	6	2	6
60	31	7	3	7
60	32	5	1	5
60	33	5	2	5
60	34	7	2	7
60	35	7	4	7
60	36	6	2	6
60	37	8	3	8
60	38	5	0	5
60	39	5	1	5
60	40	5	2	5
60	41	6	2	6
60	42	5	3	5
60	43	7	1	7
60	44	6	2	6
60	45	7	1	7
60	46	7	2	7
60	47	7	3	7
60	48	5	0	5
60	49	6	3	6
60	50	7	2	7
60	51	6	2	6
60	52	6	0	6
60	53	6	1	6
60	54	7	3	7
60	55	7	2	7
60	56	4	0	4
60	57	6	1	6
60	58	6	2	6
60	59	7	5	7
60	60	6	3	6
70	1	7	0	7
70	2	7	0	7
70	3	7	0	7
70	4	8	0	8
70	5	6	0	6
70	6	6	0	6
70	7	7	0	7
70	8	7	0	7
70	9	6	1	6
70	10	8	1	8
70	11	5	2	5
70	12	6	1	6
70	13	7	1	7
70	14	7	0	7
70	15	6	1	6
70	16	6	1	6
70	17	6	1	6
70	18	6	1	6
70	19	8	1	8
70	20	6	0	6
70	21	6	1	6
70	22	6	0	6
70	23	7	2	7
70	24	4	0	4
70	25	6	2	6
70	26	7	2	7
70	27	8	2	8
70	28	6	0	6
70	29	4	1	4
70	30	6	1	6
70	31	7	4	7
70	32	6	1	6
70	33	6	1	6
70	34	6	2	6
70	35	6	3	6
70	36	8	3	8
70	37	6	2	6
70	38	5	1	5
70	39	6	2	6
70	40	6	3	6
70	41	7	2	7
70	42	7	3	7
70	43	7	1	7
70	44	6	2	6
70	45	6	1	6
70	46	8	4	8
70	47	7	2	7
70	48	5	3	5
70	49	6	2	6
70	50	6	1	6
70	51	6	1	6
70	52	7	4	7
70	53	7	1	7
70	54	6	4	6
70	55	6	3	6
70	56	7	2	7
70	57	7	5	7
70	58	7	4	7
70	59	6	1	6
70	60	8	5	8
70	61	7	3	7
70	62	7	5	7
70	63	4	1	4
70	64	6	2	6
70	65	6	2	6
70	66	6	1	6
70	67	6	4	6
70	68	5	1	5
70	69	7	2	7
70	70	7	3	7
80	1	6	0	6
80	2	8	0	8
80	3	7	0	7
80	4	7	0	7
80	5	7	0	7
80	6	7	2	7
80	7	8	1	8
80	8	7	0	7
80	9	6	0	6
80	10	6	0	6
80	11	7	0	7
80	12	6	0	6
80	13	8	0	8
80	14	6	0	6
80	15	6	0	6
80	16	7	1	7
80	17	7	2	7
80	18	6	0	6
80	19	7	2	7
80	20	7	1	7
80	21	7	1	7
80	22	7	1	7
80	23	6	2	6
80	24	7	3	7
80	25	7	2	7
80	26	5	0	5
80	27	6	4	6
80	28	6	2	6
80	29	7	2	7
80	30	7	2	7
80	31	7	1	7
80	32	6	1	6
80	33	6	2	6
80	34	7	3	7
80	35	7	4	7
80	36	8	3	8
80	37	6	2	6
80	38	6	2	6
80	39	7	2	7
80	40	6	2	6
80	41	6	3	6
80	42	6	3	6
80	43	6	1	6
80	44	6	0	6
80	45	6	1	6
80	46	7	3	7
80	47	6	2	6
80	48	7	3	7
80	49	6	1	6
80	50	6	2	6
80	51	6	2	6
80	52	6	2	6
80	53	6	3	6
80	54	7	3	7
80	55	6	3	6
80	56	7	5	7
80	57	6	2	6
80	58	5	0	5
80	59	8	3	8
80	60	6	2	6
80	61	5	2	5
80	62	6	1	6
80	63	6	2	6
80	64	4	1	4
80	65	6	1	6
80	66	6	3	6
80	67	7	4	7
80	68	6	1	6
80	69	5	3	5
80	70	7	2	7
80	71	7	3	7
80	72	9	2	9
80	73	7	3	7
80	74	5	0	5
80	75	5	2	5
80	76	5	2	5
80	77	5	3	5
80	78	7	3	7
80	79	6	4	6
80	80	7	5	7
90	1	6	0	6
90	2	7	0	7
90	3	7	1	7
90	4	6	0	6
90	5	8	1	8
90	6	6	0	6
90	7	7	1	7
90	8	7	0	7
90	9	6	1	6
90	10	5	0	5
90	11	7	0	7
90	12	8	0	8
90	13	7	1	7
90	14	7	0	7
90	15	6	1	6
90	16	7	2	7
90	17	6	2	6
90	18	6	1	6
90	19	5	2	5
90	20	6	1	6
90	21	6	1	6
90	22	6	0	6
90	23	5	3	5
90	24	7	3	7
90	25	7	3	7
90	26	7	1	7
90	27	6	1	6
90	28	6	1	6
90	29	7	4	7
90	30	7	2	7
90	31	6	4	6
90	32	6	1	6
90	33	8	2	8
90	34	4	1	4
90	35	7	1	7
90	36	6	3	6
90	37	6	0	6
90	38	7	1	7
90	39	7	4	7
90	40	6	1	6
90	41	7	1	7
90	42	6	2	6
90	43	6	1	6
90	44	6	0	6
90	45	7	1	7
90	46	6	1	6
90	47	7	4	7
90	48	6	2	6
90	49	5	2	5
90	50	6	2	6
90	51	5	2	5
90	52	6	2	6
90	53	7	5	7
90	54	7	3	7
90	55	7	3	7
90	56	6	3	6
90	57	7	2	7
90	58	7	3	7
90	59	7	4	7
90	60	7	3	7
90	61	7	4	7
90	62	6	5	6
90	63	5	1	5
90	64	6	3	6
90	65	7	2	7
90	66	6	1	6
90	67	6	3	6
90	68	7	3	7
90	69	7	4	7
90	70	7	2	7
90	71	6	2	6
90	72	8	5	8
90	73	6	2	6
90	74	7	2	7
90	75	8	4	8
90	76	6	2	6
90	77	7	4	7
90	78	7	4	7
90	79	6	3	6
90	80	6	4	6
90	81	6	6	6
90	82	7	7	7
90	83	7	4	7
90	84	5	1	5
90	85	7	4	7
90	86	5	1	5
90	87	7	1	7
90	88	5	1	5
90	89	8	5	8
90	90	5	0	5
100	1	7	0	7
100	2	7	0	7
100	3	7	1	7
100	4	5	0	5
100	5	6	0	6
100	6	7	0	7
100	7	7	1	7
100	8	6	0	6
100	9	9	0	9
100	10	7	2	7
100	11	7	1	7
100	12	6	0	6
100	13	7	1	7
100	14	6	1	6
100	15	6	2	6
100	16	6	1	6
100	17	6	0	6
100	18	6	1	6
100	19	7	0	7
100	20	6	2	6
100	21	4	0	4
100	22	7	3	7
100	23	6	2	6
100	24	6	3	6
100	25	7	1	7
100	26	7	2	7
100	27	6	2	6
100	28	6	2	6
100	29	6	2	6
100	30	5	0	5
100	31	6	1	6
100	32	7	3	7
100	33	8	2	8
100	34	6	1	6
100	35	6	4	6
100	36	6	1	6
100	37	5	2	5
100	38	6	1	6
100	39	6	2	6
100	40	7	1	7
100	41	7	4	7
100	42	8	2	8
100	43	6	3	6
100	44	7	1	7
100	45	5	1	5
100	46	7	3	7
100	47	8	4	8
100	48	6	2	6
100	49	5	3	5
100	50	5	1	5
100	51	7	1	7
100	52	7	2	7
100	53	5	2	5
100	54	6	0	6
100	55	5	1	5
100	56	6	2	6
100	57	7	3	7
100	58	7	4	7
100	59	7	3	7
100	60	6	3	6
100	61	7	3	7
100	62	7	2	7
100	63	7	2	7
100	64	7	3	7
100	65	6	2	6
100	66	7	4	7
100	67	6	1	6
100	68	7	2	7
100	69	7	7	7
100	70	5	2	5
100	71	6	3	6
100	72	6	4	6
100	73	5	4	5
100	74	7	3	7
100	75	7	3	7
100	76	7	5	7
100	77	7	2	7
100	78	5	1	5
100	79	7	3	7
100	80	8	5	8
100	81	7	4	7
100	82	7	4	7
100	83	7	2	7
100	84	7	3	7
100	85	7	3	7
100	86	7	2	7
100	87	7	5	7
100	88	6	5	6
100	89	6	3	6
100	90	5	2	5
100	91	7	5	7
100	92	6	3	6
100	93	7	3	7
100	94	7	4	7
100	95	6	4	6
100	96	7	4	7
100	97	5	3	5
100	98	7	5	7
100	99	7	7	7
100	100	7	4	7
110	1	7	0	7
110	2	6	0	6
110	3	7	1	7
110	4	6	0	6
110	5	7	2	7
110	6	6	0	6
110	7	7	0	7
110	8	6	1	6
110	9	6	1	6
110	10	7	1	7
110	11	6	0	6
110	12	5	0	5
110	13	7	0	7
110	14	6	1	6
110	15	5	0	5
110	16	7	1	7
110	17	7	2	7
110	18	7	2	7
110	19	7	1	7
110	20	6	0	6
110	21	7	3	7
110	22	6	0	6
110	23	7	2	7
110	24	7	2	7
110	25	5	2	5
110	26	7	1	7
110	27	6	1	6
110	28	6	1	6
110	29	7	3	7
110	30	7	2	7
110	31	6	1	6
110	32	6	1	6
110	33	5	0	5
110	34	7	2	7
110	35	7	3	7
110	36	6	5	6
110	37	7	1	7
110	38	6	2	6
110	39	7	1	7
110	40	7	2	7
110	41	7	2	7
110	42	7	3	7
110	43	5	1	5
110	44	7	4	7
110	45	7	4	7
110	46	6	1	6
110	47	5	1	5
110	48	7	2	7
110	49	6	1	6
110	50	6	2	6
110	51	7	4	7
110	52	6	1	6
110	53	7	1	7
110	54	7	1	7
110	55	6	1	6
110	56	8	4	8
110	57	6	2	6
110	58	6	0	6
110	59	7	2	7
110	60	6	3	6
110	61	7	3	7
110	62	7	3	7
110	63	6	4	6
110	64	7	2	7
110	65	4	2	4
110	66	7	4	7
110	67	6	1	6
110	68	6	3	6
110	69	6	2	6
110	70	6	4	6
110	71	5	2	5
110	72	6	2	6
110	73	6	4	6
110	74	7	1	7
110	75	6	4	6
110	76	6	2	6
110	77	7	4	7
110	78	6	3	6
110	79	6	4	6
110	80	7	6	7
110	81	6	3	6
110	82	7	2	7
110	83	6	3	6
110	84	8	3	8
110	85	6	2	6
110	86	6	5	6
110	87	7	0	7
110	88	6	2	6
110	89	6	2	6
110	90	6	1	6
110	91	5	4	5
110	92	4	2	4
110	93	6	2	6
110	94	6	4	6
110	95	6	4	6
110	96	5	4	5
110	97	5	3	5
110	98	8	3	8
110	99	7	4	7
110	100	5	1	5
110	101	6	3	6
110	102	5	3	5
110	103	5	2	5
110	104	7	4	7
110	105	6	5	6
110	106	7	1	7
110	107	6	5	6
110	108	6	4	6
110	109	7	5	7
110	110	8	4	8
120	1	6	0	6
120	2	7	0	7
120	3	7	0	7
120	4	7	2	7
120	5	7	0	7
120	6	5	1	5
120	7	7	0	7
120	8	7	0	7
120	9	7	1	7
120	10	7	1	7
120	11	7	1	7
120	12	6	0	6
120	13	7	3	7
120	14	7	1	7
120	15	7	1	7
120	16	6	1	6
120	17	7	1	7
120	18	7	1	7
120	19	7	1	7
120	20	6	2	6
120	21	6	0	6
120	22	6	1	6
120	23	7	2	7
120	24	7	2	7
120	25	8	1	8
120	26	5	2	5
120	27	6	3	6
120	28	6	2	6
120	29	7	1	7
120	30	7	1	7
120	31	6	3	6
120	32	6	2	6
120	33	7	5	7
120	34	7	2	7
120	35	8	4	8
120	36	7	2	7
120	37	5	2	5
120	38	7	0	7
120	39	7	1	7
120	40	7	4	7
120	41	5	2	5
120	42	7	2	7
120	43	7	2	7
120	44	6	2	6
120	45	7	4	7
120	46	7	4	7
120	47	7	3	7
120	48	6	3	6
120	49	7	3	7
120	50	6	2	6
120	51	6	1	6
120	52	7	3	7
120	53	7	4	7
120	54	5	3	5
120	55	7	3	7
120	56	6	2	6
120	57	6	1	6
120	58	7	3	7
120	59	6	3	6
120	60	6	4	6
120	61	6	3	6
120	62	9	4	9
120	63	6	3	6
120	64	4	1	4
120	65	7	1	7
120	66	7	6	7
120	67	6	3	6
120	68	6	5	6
120	69	6	3	6
120	70	6	2	6
120	71	6	2	6
120	72	6	2	6
120	73	5	3	5
120	74	7	4	7
120	75	7	3	7
120	76	6	4	6
120	77	4	1	4
120	78	8	4	8
120	79	6	1	6
120	80	7	3	7
120	81	6	5	6
120	82	6	3	6
120	83	6	3	6
120	84	6	2	6
120	85	6	1	6
120	86	6	0	6
120	87	6	3	6
120	88	6	2	6
120	89	6	3	6
120	90	6	4	6
120	91	8	3	8
120	92	5	3	5
120	93	6	2	6
120	94	7	2	7
120	95	7	4	7
120	96	7	3	7
120	97	6	3	6
120	98	4	4	4
120	99	6	3	6
120	100	7	4	7
120	101	7	5	7
120	102	7	3	7
120	103	7	4	7
120	104	7	3	7
120	105	6	4	6
120	106	6	3	6
120	107	6	5	6
120	108	8	6	8
120	109	7	3	7
120	110	5	2	5
120	111	5	3	5
120	112	6	2	6
120	113	5	1	5
120	114	6	3	6
120	115	6	2	6
120	116	7	4	7
120	117	6	4	6
120	118	6	3	6
120	119	6	0	6
120	120	7	4	7
130	1	5	0	5
130	2	7	1	7
130	3	7	0	7
130	4	7	0	7
130	5	7	0	7
130	6	7	0	7
130	7	6	1	6
130	8	7	0	7
130	9	7	1	7
130	10	6	0	6
130	11	3	0	3
130	12	7	0	7
130	13	7	2	7
130	14	8	2	8
130	15	7	1	7
130	16	6	1	6
130	17	7	1	7
130	18	7	0	7
130	19	6	1	6
130	20	5	2	5
130	21	6	2	6
130	22	7	3	7
130	23	7	1	7
130	24	7	1	7
130	25	7	2	7
130	26	7	4	7
130	27	6	1	6
130	28	6	1	6
130	29	5	1	5
130	30	7	4	7
130	31	5	0	5
130	32	7	2	7
130	33	6	0	6
130	34	6	3	6
130	35	4	2	4
130	36	7	2	7
130	37	7	2	7
130	38	6	2	6
130	39	7	2	7
130	40	6	3	6
130	41	7	1	7
130	42	5	2	5
130	43	6	1	6
130	44	7	1	7
130	45	7	4	7
130	46	7	2	7
130	47	7	2	7
130	48	5	3	5
130	49	7	2	7
130	50	7	3	7
130	51	6	1	6
130	52	7	3	7
130	53	6	4	6
130	54	7	3	7
130	55	7	3	7
130	56	6	2	6
130	57	5	0	5
130	58	6	1	6
130	59	7	4	7
130	60	6	2	6
130	61	5	1	5
130	62	7	5	7
130	63	8	6	8
130	64	6	3	6
130	65	7	2	7
130	66	5	3	5
130	67	7	4	7
130	68	8	1	8
130	69	7	1	7
130	70	6	3	6
130	71	6	0	6
130	72	7	3	7
130	73	6	1	6
130	74	6	4	6
130	75	6	4	6
130	76	7	7	7
130	77	6	2	6
130	78	6	4	6
130	79	6	3	6
130	80	6	3	6
130	81	6	3	6
130	82	6	1	6
130	83	7	1	7
130	84	6	2	6
130	85	7	3	7
130	86	6	4	6
130	87	7	3	7
130	88	5	3	5
130	89	6	3	6
130	90	6	3	6
130	91	6	3	6
130	92	8	3	8
130	93	4	2	4
130	94	7	5	7
130	95	6	1	6
130	96	7	3	7
130	97	5	3	5
130	98	6	5	6
130	99	7	3	7
130	100	7	4	7
130	101	8	4	8
130	102	6	1	6
130	103	6	4	6
130	104	7	4	7
130	105	6	3	6
130	106	6	4	6
130	107	7	4	7
130	108	7	4	7
130	109	5	4	5
130	110	6	3	6
130	111	7	4	7
130	112	5	1	5
130	113	6	2	6
130	114	6	5	6
130	115	7	2	7
130	116	7	4	7
130	117	7	3	7
130	118	6	1	6
130	119	6	3	6
130	120	6	4	6
130	121	7	4	7
130	122	6	4	6
130	123	5	3	5
130	124	6	2	6
130	125	8	2	8
130	126	6	4	6
130	127	6	3	6
130	128	7	3	7
130	129	6	5	6
130	130	6	3	6
140	1	7	0	7
140	2	6	0	6
140	3	7	0	7
140	4	6	1	6
140	5	8	0	8
140	6	6	0	6
140	7	7	0	7
140	8	6	0	6
140	9	6	1	6
140	10	6	1	6
140	11	7	1	7
140	12	7	0	7
140	13	8	1	8
140	14	6	2	6
140	15	7	3	7
140	16	7	0	7
140	17	7	1	7
140	18	7	1	7
140	19	6	0	6
140	20	6	1	6
140	21	6	1	6
140	22	5	2	5
140	23	6	1	6
140	24	7	2	7
140	25	8	1	8
140	26	6	2	6
140	27	6	0	6
140	28	6	3	6
140	29	7	2	7
140	30	6	1	6
140	31	5	1	5
140	32	7	5	7
140	33	6	1	6
140	34	6	5	6
140	35	6	3	6
140	36	5	1	5
140	37	6	3	6
140	38	7	2	7
140	39	5	2	5
140	40	7	1	7
140	41	7	1	7
140	42	6	0	6
140	43	7	2	7
140	44	7	2	7
140	45	7	3	7
140	46	7	3	7
140	47	6	0	6
140	48	7	4	7
140	49	6	3	6
140	50	6	2	6
140	51	8	4	8
140	52	6	4	6
140	53	6	1	6
140	54	6	1	6
140	55	5	1	5
140	56	7	5	7
140	57	7	5	7
140	58	7	2	7
140	59	4	2	4
140	60	7	4	7
140	61	7	2	7
140	62	6	2	6
140	63	6	1	6
140	64	6	1	6
140	65	7	5	7
140	66	6	1	6
140	67	7	4	7
140	68	7	2	7
140	69	7	3	7
140	70	7	3	7
140	71	7	3	7
140	72	6	2	6
140	73	7	5	7
140	74	7	5	7
140	75	6	5	6
140	76	6	4	6
140	77	6	2	6
140	78	5	3	5
140	79	7	3	7
140	80	5	2	5
140	81	7	4	7
140	82	6	4	6
140	83	6	3	6
140	84	6	1	6
140	85	5	4	5
140	86	7	1	7
140	87	6	2	6
140	88	7	2	7
140	89	5	2	5
140	90	6	1	6
140	91	6	6	6
140	92	3	0	3
140	93	7	4	7
140	94	7	6	7
140	95	5	3	5
140	96	7	4	7
140	97	6	3	6
140	98	7	3	7
140	99	6	2	6
140	100	6	3	6
140	101	7	3	7
140	102	7	4	7
140	103	6	4	6
140	104	6	4	6
140	105	6	4	6
140	106	6	5	6
140	107	5	4	5
140	108	7	3	7
140	109	7	4	7
140	110	6	4	6
140	111	6	1	6
140	112	6	4	6
140	113	6	2	6
140	114	6	2	6
140	115	7	5	7
140	116	6	1	6
140	117	7	3	7
140	118	6	3	6
140	119	7	2	7
140	120	8	4	8
140	121	5	4	5
140	122	6	3	6
140	123	6	5	6
140	124	5	3	5
140	125	7	3	7
140	126	7	5	7
140	127	6	3	6
140	128	6	5	6
140	129	6	4	6
140	130	6	3	6
140	131	6	4	6
140	132	6	3	6
140	133	6	4	6
140	134	5	4	5
140	135	5	4	5
140	136	6	3	6
140	137	5	5	5
140	138	7	5	7
140	139	5	3	5
140	140	7	5	7
150	1	7	0	7
150	2	8	0	8
150	3	7	0	7
150	4	7	1	7
150	5	8	1	8
150	6	7	0	7
150	7	7	2	7
150	8	6	0	6
150	9	7	1	7
150	10	6	0	6
150	11	6	0	6
150	12	7	1	7
150	13	7	1	7
150	14	7	1	7
150	15	6	2	6
150	16	7	2	7
150	17	7	3	7
150	18	6	2	6
150	19	6	0	6
150	20	7	0	7
150	21	5	1	5
150	22	5	1	5
150	23	5	1	5
150	24	7	2	7
150	25	6	2	6
150	26	6	3	6
150	27	7	2	7
150	28	7	2	7
150	29	7	1	7
150	30	7	3	7
150	31	6	1	6
150	32	5	1	5
150	33	7	3	7
150	34	6	2	6
150	35	7	4	7
150	36	7	2	7
150	37	7	1	7
150	38	6	2	6
150	39	5	2	5
150	40	6	4	6
150	41	7	1	7
150	42	6	1	6
150	43	7	4	7
150	44	5	3	5
150	45	7	4	7
150	46	7	3	7
150	47	5	0	5
150	48	5	1	5
150	49	5	3	5
150	50	4	3	4
150	51	6	1	6
150	52	7	1	7
150	53	4	0	4
150	54	6	0	6
150	55	5	2	5
150	56	6	3	6
150	57	6	1	6
150	58	7	4	7
150	59	6	4	6
150	60	5	1	5
150	61	6	4	6
150	62	7	4	7
150	63	6	3	6
150	64	5	2	5
150	65	7	4	7
150	66	6	3	6
150	67	7	5	7
150	68	8	3	8
150	69	5	2	5
150	70	8	4	8
150	71	7	2	7
150	72	7	2	7
150	73	7	2	7
150	74	5	1	5
150	75	7	3	7
150	76	6	2	6
150	77	6	3	6
150	78	7	3	7
150	79	5	2	5
150	80	5	2	5
150	81	7	2	7
150	82	5	2	5
150	83	6	3	6
150	84	5	4	5
150	85	8	4	8
150	86	7	5	7
150	87	7	4	7
150	88	6	2	6
150	89	6	3	6
150	90	6	3	6
150	91	6	5	6
150	92	6	2	6
150	93	5	2	5
150	94	7	3	7
150	95	7	2	7
150	96	6	3	6
150	97	7	3	7
150	98	7	1	7
150	99	7	4	7
150	100	7	4	7
150	101	8	4	8
150	102	7	4	7
150	103	6	4	6
150	104	7	3	7
150	105	6	1	6
150	106	7	4	7
150	107	6	5	6
150	108	6	4	6
150	109	5	1	5
150	110	7	4	7
150	111	5	3	5
150	112	5	3	5
150	113	6	3	6
150	114	7	4	7
150	115	6	2	6
150	116	6	4	6
150	117	6	4	6
150	118	6	5	6
150	119	5	3	5
150	120	6	4	6
150	121	5	3	5
150	122	7	5	7
150	123	6	4	6
150	124	5	1	5
150	125	7	5	7
150	126	6	2	6
150	127	7	4	7
150	128	7	3	7
150	129	7	3	7
150	130	6	1	6
150	131	7	6	7
150	132	5	4	5
150	133	7	4	7
150	134	7	4	7
150	135	7	4	7
150	136	6	4	6
150	137	7	6	7
150	138	5	2	5
150	139	7	5	7
150	140	6	4	6
150	141	5	1	5
150	142	5	4	5
150	143	7	5	7
150	144	4	2	4
150	145	7	5	7
150	146	6	2	6
150	147	7	4	7
150	148	4	2	4
150	149	7	5	7
150	150	5	3	5
160	1	7	0	7
160	2	7	1	7
160	3	7	0	7
160	4	7	0	7
160	5	6	1	6
160	6	7	0	7
160	7	7	0	7
160	8	6	1	6
160	9	5	0	5
160	10	7	0	7
160	11	7	1	7
160	12	5	2	5
160	13	6	0	6
160	14	7	1	7
160	15	7	1	7
160	16	7	0	7
160	17	7	2	7
160	18	6	1	6
160	19	6	0	6
160	20	7	1	7
160	21	6	2	6
160	22	7	3	7
160	23	7	1	7
160	24	6	2	6
160	25	7	1	7
160	26	5	1	5
160	27	7	1	7
160	28	5	1	5
160	29	6	1	6
160	30	8	3	8
160	31	6	0	6
160	32	7	3	7
160	33	7	2	7
160	34	7	1	7
160	35	7	1	7
160	36	7	4	7
160	37	8	2	8
160	38	7	2	7
160	39	6	4	6
160	40	6	2	6
160	41	6	2	6
160	42	6	3	6
160	43	6	3	6
160	44	4	1	4
160	45	7	3	7
160	46	6	3	6
160	47	6	0	6
160	48	7	1	7
160	49	7	6	7
160	50	7	2	7
160	51	6	4	6
160	52	6	2	6
160	53	6	1	6
160	54	7	1	7
160	55	6	2	6
160	56	6	1	6
160	57	5	1	5
160	58	6	3	6
160	59	7	0	7
160	60	6	2	6
160	61	4	1	4
160	62	8	4	8
160	63	8	4	8
160	64	6	3	6
160	65	7	4	7
160	66	6	3	6
160	67	6	3	6
160	68	6	5	6
160	69	6	4	6
160	70	6	4	6
160	71	6	5	6
160	72	6	3	6
160	73	5	4	5
160	74	6	4	6
160	75	7	3	7
160	76	6	2	6
160	77	7	3	7
160	78	7	3	7
160	79	7	5	7
160	80	7	4	7
160	81	6	4	6
160	82	8	3	8
160	83	6	2	6
160	84	6	2	6
160	85	7	5	7
160	86	6	5	6
160	87	7	4	7
160	88	7	4	7
160	89	8	3	8
160	90	6	4	6
160	91	4	3	4
160	92	7	3	7
160	93	7	4	7
160	94	5	4	5
160	95	6	3	6
160	96	8	3	8
160	97	7	5	7
160	98	6	4	6
160	99	5	2	5
160	100	7	6	7
160	101	8	4	8
160	102	7	3	7
160	103	5	4	5
160	104	7	3	7
160	105	7	4	7
160	106	5	2	5
160	107	5	4	5
160	108	7	3	7
160	109	7	1	7
160	110	7	5	7
160	111	7	2	7
160	112	6	4	6
160	113	7	4	7
160	114	6	4	6
160	115	8	6	8
160	116	7	6	7
160	117	7	4	7
160	118	7	3	7
160	119	7	4	7
160	120	7	5	7
160	121	5	4	5
160	122	6	5	6
160	123	6	5	6
160	124	6	4	6
160	125	7	4	7
160	126	6	5	6
160	127	4	0	4
160	128	8	3	8
160	129	7	5	7
160	130	7	3	7
160	131	6	4	6
160	132	6	5	6
160	133	6	3	6
160	134	6	3	6
160	135	5	2	5
160	136	6	5	6
160	137	6	3	6
160	138	7	5	7
160	139	6	2	6
160	140	6	3	6
160	141	6	2	6
160	142	5	3	5
160	143	6	4	6
160	144	5	2	5
160	145	5	2	5
160	146	7	4	7
160	147	6	3	6
160	148	7	5	7
160	149	6	4	6
160	150	6	2	6
160	151	6	3	6
160	152	6	4	6
160	153	7	5	7
160	154	5	2	5
160	155	7	5	7
160	156	5	3	5
160	157	6	3	6
160	158	7	4	7
160	159	6	3	6
160	160	8	4	8
170	1	7	0	7
170	2	6	0	6
170	3	7	0	7
170	4	8	1	8
170	5	6	0	6
170	6	6	1	6
170	7	6	1	6
170	8	7	1	7
170	9	7	0	7
170	10	7	0	7
170	11	6	1	6
170	12	6	0	6
170	13	5	1	5
170	14	6	2	6
170	15	7	1	7
170	16	7	3	7
170	17	6	0	6
170	18	5	0	5
170	19	7	1	7
170	20	7	2	7
170	21	6	0	6
170	22	8	0	8
170	23	4	0	4
170	24	7	1	7
170	25	7	1	7
170	26	7	2	7
170	27	7	2	7
170	28	7	3	7
170	29	7	2	7
170	30	6	1	6
170	31	7	2	7
170	32	5	4	5
170	33	4	1	4
170	34	5	3	5
170	35	6	1	6
170	36	6	0	6
170	37	7	2	7
170	38	6	2	6
170	39	6	2	6
170	40	7	2	7
170	41	8	3	8
170	42	6	2	6
170	43	6	1	6
170	44	6	1	6
170	45	7	1	7
170	46	6	3	6
170	47	8	2	8
170	48	6	2	6
170	49	5	1	5
170	50	7	5	7
170	51	7	3	7
170	52	6	2	6
170	53	7	3	7
170	54	6	1	6
170	55	6	1	6
170	56	6	3	6
170	57	7	1	7
170	58	7	3	7
170	59	7	2	7
170	60	7	5	7
170	61	6	4	6
170	62	7	3	7
170	63	6	4	6
170	64	6	1	6
170	65	7	4	7
170	66	7	4	7
170	67	7	4	7
170	68	6	3	6
170	69	7	2	7
170	70	7	3	7
170	71	7	4	7
170	72	6	4	6
170	73	5	2	5
170	74	6	5	6
170	75	6	3	6
170	76	6	3	6
170	77	7	4	7
170	78	7	3	7
170	79	6	1	6
170	80	6	3	6
170	81	5	4	5
170	82	6	4	6
170	83	6	2	6
170	84	6	4	6
170	85	6	4	6
170	86	7	7	7
170	87	7	4	7
170	88	8	4	8
170	89	5	3	5
170	90	8	3	8
170	91	6	3	6
170	92	5	2	5
170	93	6	5	6
170	94	7	5	7
170	95	6	3	6
170	96	6	3	6
170	97	7	6	7
170	98	6	3	6
170	99	6	3	6
170	100	5	2	5
170	101	7	6	7
170	102	5	2	5
170	103	7	4	7
170	104	7	2	7
170	105	4	2	4
170	106	7	3	7
170	107	7	3	7
170	108	6	3	6
170	109	7	4	7
170	110	7	5	7
170	111	6	3	6
170	112	7	3	7
170	113	8	6	8
170	114	5	4	5
170	115	6	4	6
170	116	7	3	7
170	117	7	1	7
170	118	7	4	7
170	119	7	4	7
170	120	7	5	7
170	121	6	4	6
170	122	6	4	6
170	123	7	3	7
170	124	4	1	4
170	125	6	4	6
170	126	6	4	6
170	127	5	3	5
170	128	6	3	6
170	129	6	3	6
170	130	6	3	6
170	131	6	3	6
170	132	7	3	7
170	133	6	2	6
170	134	8	3	8
170	135	6	4	6
170	136	7	4	7
170	137	7	2	7
170	138	7	5	7
170	139	7	5	7
170	140	6	2	6
170	141	6	5	6
170	142	6	5	6
170	143	6	4	6
170	144	8	5	8
170	145	6	3	6
170	146	6	5	6
170	147	6	3	6
170	148	4	3	4
170	149	6	5	6
170	150	8	6	8
170	151	7	4	7
170	152	6	4	6
170	153	6	2	6
170	154	7	3	7
170	155	7	4	7
170	156	6	1	6
170	157	5	4	5
170	158	7	6	7
170	159	7	4	7
170	160	6	5	6
170	161	7	3	7
170	162	8	4	8
170	163	7	6	7
170	164	5	3	5
170	165	5	2	5
170	166	6	2	6
170	167	7	7	7
170	168	5	3	5
170	169	7	4	7
170	170	7	4	7
180	1	7	0	7
180	2	5	0	5
180	3	6	0	6
180	4	6	0	6
180	5	6	0	6
180	6	6	0	6
180	7	6	0	6
180	8	6	0	6
180	9	6	1	6
180	10	7	1	7
180	11	7	1	7
180	12	6	0	6
180	13	8	1	8
180	14	7	0	7
180	15	6	1	6
180	16	6	0	6
180	17	7	0	7
180	18	6	0	6
180	19	7	2	7
180	20	5	0	5
180	21	7	1	7
180	22	7	1	7
180	23	6	0	6
180	24	7	1	7
180	25	7	0	7
180	26	7	1	7
180	27	7	2	7
180	28	6	2	6
180	29	6	2	6
180	30	6	0	6
180	31	7	1	7
180	32	6	2	6
180	33	7	3	7
180	34	6	2	6
180	35	6	2	6
180	36	7	2	7
180	37	6	1	6
180	38	6	1	6
180	39	5	3	5
180	40	8	4	8
180	41	8	3	8
180	42	5	3	5
180	43	7	3	7
180	44	8	2	8
180	45	7	5	7
180	46	6	3	6
180	47	5	3	5
180	48	5	0	5
180	49	7	1	7
180	50	9	2	9
180	51	7	4	7
180	52	7	2	7
180	53	7	2	7
180	54	8	3	8
180	55	6	4	6
180	56	7	3	7
180	57	8	5	8
180	58	7	4	7
180	59	4	3	4
180	60	6	2	6
180	61	4	2	4
180	62	5	2	5
180	63	7	4	7
180	64	6	2	6
180	65	7	3	7
180	66	6	4	6
180	67	7	2	7
180	68	8	3	8
180	69	6	3	6
180	70	8	2	8
180	71	6	2	6
180	72	7	4	7
180	73	6	2	6
180	74	5	2	5
180	75	6	4	6
180	76	6	3	6
180	77	8	3	8
180	78	5	1	5
180	79	7	3	7
180	80	6	3	6
180	81	6	3	6
180	82	6	3	6
180	83	7	3	7
180	84	6	2	6
180	85	7	4	7
180	86	6	1	6
180	87	5	3	5
180	88	7	2	7
180	89	6	4	6
180	90	5	3	5
180	91	6	4	6
180	92	7	3	7
180	93	7	6	7
180	94	6	3	6
180	95	7	3	7
180	96	5	1	5
180	97	6	3	6
180	98	7	4	7
180	99	6	3	6
180	100	6	1	6
180	101	6	4	6
180	102	6	4	6
180	103	7	4	7
180	104	6	6	6
180	105	7	3	7
180	106	7	2	7
180	107	7	6	7
180	108	6	4	6
180	109	6	2	6
180	110	7	5	7
180	111	7	5	7
180	112	7	3	7
180	113	7	4	7
180	114	7	5	7
180	115	6	4	6
180	116	6	5	6
180	117	7	3	7
180	118	7	4	7
180	119	6	4	6
180	120	6	5	6
180	121	5	1	5
180	122	8	5	8
180	123	6	4	6
180	124	6	4	6
180	125	7	4	7
180	126	7	6	7
180	127	6	5	6
180	128	7	5	7
180	129	7	5	7
180	130	6	4	6
180	131	5	3	5
180	132	7	3	7
180	133	8	5	8
180	134	4	2	4
180	135	8	5	8
180	136	7	5	7
180	137	6	2	6
180	138	5	1	5
180	139	7	3	7
180	140	4	2	4
180	141	7	5	7
180	142	7	3	7
180	143	6	3	6
180	144	8	4	8
180	145	7	5	7
180	146	5	1	5
180	147	6	6	6
180	148	6	5	6
180	149	7	5	7
180	150	8	3	8
180	151	5	2	5
180	152	7	4	7
180	153	7	5	7
180	154	6	4	6
180	155	6	3	6
180	156	5	3	5
180	157	8	4	8
180	158	7	5	7
180	159	5	4	5
180	160	5	3	5
180	161	6	2	6
180	162	6	5	6
180	163	7	5	7
180	164	5	5	5
180	165	6	3	6
180	166	6	4	6
180	167	6	4	6
180	168	6	4	6
180	169	7	3	7
180	170	6	3	6
180	171	8	3	8
180	172	7	4	7
180	173	6	4	6
180	174	4	2	4
180	175	7	7	7
180	176	6	3	6
180	177	7	4	7
180	178	6	4	6
180	179	5	2	5
180	180	5	3	5
190	1	6	0	6
190	2	6	0	6
190	3	6	0	6
190	4	5	0	5
190	5	7	0	7
190	6	7	1	7
190	7	6	0	6
190	8	7	0	7
190	9	7	3	7
190	10	7	1	7
190	11	7	3	7
190	12	6	1	6
190	13	7	2	7
190	14	6	2	6
190	15	5	1	5
190	16	7	0	7
190	17	6	0	6
190	18	8	1	8
190	19	7	2	7
190	20	7	3	7
190	21	7	2	7
190	22	8	1	8
190	23	6	1	6
190	24	6	2	6
190	25	7	0	7
190	26	8	2	8
190	27	7	3	7
190	28	8	1	8
190	29	6	1	6
190	30	6	0	6
190	31	8	1	8
190	32	6	2	6
190	33	6	3	6
190	34	6	2	6
190	35	5	1	5
190	36	7	4	7
190	37	6	1	6
190	38	5	2	5
190	39	7	5	7
190	40	5	2	5
190	41	6	1	6
190	42	7	5	7
190	43	7	4	7
190	44	6	2	6
190	45	5	2	5
190	46	7	3	7
190	47	6	2	6
190	48	7	4	7
190	49	7	5	7
190	50	6	2	6
190	51	6	4	6
190	52	8	6	8
190	53	5	1	5
190	54	7	4	7
190	55	7	2	7
190	56	6	4	6
190	57	6	4	6
190	58	6	1	6
190	59	6	3	6
190	60	6	1	6
190	61	6	2	6
190	62	8	3	8
190	63	5	0	5
190	64	7	6	7
190	65	6	2	6
190	66	7	3	7
190	67	7	3	7
190	68	6	3	6
190	69	5	1	5
190	70	6	2	6
190	71	7	2	7
190	72	7	3	7
190	73	4	2	4
190	74	8	4	8
190	75	6	3	6
190	76	5	5	5
190	77	5	1	5
190	78	7	5	7
190	79	6	4	6
190	80	8	1	8
190	81	5	4	5
190	82	7	2	7
190	83	8	3	8
190	84	5	1	5
190	85	7	6	7
190	86	6	2	6
190	87	6	4	6
190	88	6	4	6
190	89	6	2	6
190	90	6	3	6
190	91	7	2	7
190	92	6	6	6
190	93	7	3	7
190	94	7	4	7
190	95	7	4	7
190	96	5	2	5
190	97	6	3	6
190	98	6	2	6
190	99	5	1	5
190	100	6	4	6
190	101	6	3	6
190	102	7	5	7
190	103	6	4	6
190	104	7	4	7
190	105	7	5	7
190	106	6	3	6
190	107	7	5	7
190	108	6	2	6
190	109	5	3	5
190	110	5	2	5
190	111	7	5	7
190	112	5	4	5
190	113	6	3	6
190	114	7	3	7
190	115	7	4	7
190	116	8	4	8
190	117	6	3	6
190	118	7	3	7
190	119	6	4	6
190	120	5	3	5
190	121	4	3	4
190	122	7	4	7
190	123	6	4	6
190	124	7	4	7
190	125	6	4	6
190	126	8	5	8
190	127	6	4	6
190	128	7	5	7
190	129	6	3	6
190	130	5	2	5
190	131	6	1	6
190	132	6	3	6
190	133	6	4	6
190	134	6	3	6
190	135	7	4	7
190	136	7	4	7
190	137	7	3	7
190	138	5	4	5
190	139	7	6	7
190	140	6	4	6
190	141	6	4	6
190	142	6	3	6
190	143	8	7	8
190	144	6	5	6
190	145	5	2	5
190	146	4	3	4
190	147	6	2	6
190	148	5	4	5
190	149	6	3	6
190	150	5	3	5
190	151	7	5	7
190	152	6	4	6
190	153	6	3	6
190	154	6	5	6
190	155	4	2	4
190	156	7	5	7
190	157	6	3	6
190	158	7	3	7
190	159	7	5	7
190	160	7	4	7
190	161	6	4	6
190	162	6	3	6
190	163	7	6	7
190	164	7	3	7
190	165	7	4	7
190	166	5	4	5
190	167	6	1	6
190	168	7	5	7
190	169	5	3	5
190	170	7	6	7
190	171	6	2	6
190	172	7	5	7
190	173	6	4	6
190	174	7	2	7
190	175	4	3	4
190	176	7	2	7
190	177	7	4	7
190	178	7	3	7
190	179	5	3	5
190	180	7	4	7
190	181	6	3	6
190	182	6	1	6
190	183	6	4	6
190	184	7	3	7
190	185	7	3	7
190	186	5	1	5
190	187	5	3	5
190	188	6	4	6
190	189	5	5	5
190	190	6	5	6
200	1	7	0	7
200	2	7	0	7
200	3	7	0	7
200	4	7	0	7
200	5	7	0	7
200	6	7	0	7
200	7	5	0	5
200	8	7	0	7
200	9	7	0	7
200	10	5	0	5
200	11	6	1	6
200	12	5	0	5
200	13	7	0	7
200	14	7	1	7
200	15	7	1	7
200	16	7	1	7
200	17	7	2	7
200	18	7	1	7
200	19	7	1	7
200	20	6	2	6
200	21	7	1	7
200	22	6	1	6
200	23	7	4	7
200	24	6	3	6
200	25	6	1	6
200	26	6	2	6
200	27	7	2	7
200	28	6	3	6
200	29	5	1	5
200	30	6	1	6
200	31	7	2	7
200	32	7	2	7
200	33	7	2	7
200	34	6	1	6
200	35	7	3	7
200	36	7	3	7
200	37	6	2	6
200	38	6	2	6
200	39	5	4	5
200	40	7	1	7
200	41	6	1	6
200	42	7	2	7
200	43	5	2	5
200	44	6	1	6
200	45	6	2	6
200	46	6	2	6
200	47	7	3	7
200	48	7	3	7
200	49	7	4	7
200	50	7	2	7
200	51	7	3	7
200	52	8	4	8
200	53	5	2	5
200	54	7	2	7
200	55	7	3	7
200	56	3	2	3
200	57	7	3	7
200	58	8	2	8
200	59	6	1	6
200	60	5	3	5
200	61	7	1	7
200	62	8	3	8
200	63	8	1	8
200	64	6	2	6
200	65	7	3	7
200	66	6	2	6
200	67	5	1	5
200	68	5	2	5
200	69	7	2	7
200	70	7	4	7
200	71	6	1	6
200	72	8	3	8
200	73	5	2	5
200	74	5	2	5
200	75	8	4	8
200	76	7	5	7
200	77	6	1	6
200	78	5	2	5
200	79	7	4	7
200	80	5	1	5
200	81	7	4	7
200	82	7	3	7
200	83	6	3	6
200	84	7	2	7
200	85	5	3	5
200	86	7	4	7
200	87	6	4	6
200	88	6	1	6
200	89	6	4	6
200	90	6	2	6
200	91	7	3	7
200	92	6	3	6
200	93	6	3	6
200	94	5	3	5
200	95	7	6	7
200	96	4	3	4
200	97	6	2	6
200	98	7	4	7
200	99	5	1	5
200	100	5	2	5
200	101	6	3	6
200	102	6	4	6
200	103	4	3	4
200	104	7	4	7
200	105	7	4	7
200	106	6	6	6
200	107	4	3	4
200	108	6	2	6
200	109	6	3	6
200	110	5	3	5
200	111	7	5	7
200	112	6	4	6
200	113	7	5	7
200	114	8	4	8
200	115	6	4	6
200	116	4	0	4
200	117	7	5	7
200	118	5	3	5
200	119	6	2	6
200	120	6	3	6
200	121	5	2	5
200	122	6	4	6
200	123	6	3	6
200	124	6	2	6
200	125	6	4	6
200	126	8	4	8
200	127	6	4	6
200	128	6	2	6
200	129	7	5	7
200	130	7	4	7
200	131	7	5	7
200	132	6	4	6
200	133	6	2	6
200	134	6	4	6
200	135	5	2	5
200	136	7	6	7
200	137	7	3	7
200	138	7	6	7
200	139	7	2	7
200	140	7	4	7
200	141	6	3	6
200	142	8	4	8
200	143	7	5	7
200	144	5	2	5
200	145	5	4	5
200	146	7	3	7
200	147	7	6	7
200	148	4	1	4
200	149	5	5	5
200	150	6	4	6
200	151	7	4	7
200	152	5	1	5
200	153	6	4	6
200	154	6	5	6
200	155	7	5	7
200	156	5	3	5
200	157	6	2	6
200	158	6	4	6
200	159	6	5	6
200	160	6	3	6
200	161	7	2	7
200	162	7	3	7
200	163	4	4	4
200	164	7	5	7
200	165	6	5	6
200	166	7	5	7
200	167	6	4	6
200	168	4	1	4
200	169	7	5	7
200	170	7	5	7
200	171	8	6	8
200	172	6	3	6
200	173	7	5	7
200	174	7	5	7
200	175	5	5	5
200	176	7	4	7
200	177	5	4	5
200	178	7	4	7
200	179	6	5	6
200	180	6	4	6
200	181	6	4	6
200	182	7	6	7
200	183	5	3	5
200	184	6	4	6
200	185	6	3	6
200	186	7	5	7
200	187	6	3	6
200	188	6	5	6
200	189	6	6	6
200	190	6	5	6
200	191	6	4	6
200	192	5	5	5
200	193	6	5	6
200	194	7	3	7
200	195	8	4	8
200	196	7	4	7
200	197	6	2	6
200	198	7	4	7
200	199	7	4	7
200	200	7	4	7
