"number_wasps"	"w"	"total_alive"	"total_usurp"	"total_nested"
50	1	8	0	8
50	2	10	0	10
50	3	9	0	9
50	4	9	0	9
50	5	8	1	8
50	6	7	1	7
50	7	10	0	10
50	8	8	0	8
50	9	9	1	9
50	10	8	0	8
50	11	8	3	8
50	12	8	0	8
50	13	8	0	8
50	14	8	0	8
50	15	10	0	10
50	16	8	1	8
50	17	8	1	8
50	18	8	1	8
50	19	8	0	8
50	20	8	1	8
50	21	9	3	9
50	22	8	2	8
50	23	8	1	8
50	24	8	0	8
50	25	8	0	8
50	26	8	4	8
50	27	6	3	6
50	28	8	4	8
50	29	6	2	6
50	30	8	2	8
50	31	9	2	9
50	32	8	1	8
50	33	9	6	9
50	34	8	2	8
50	35	7	4	7
50	36	8	1	8
50	37	8	2	8
50	38	8	0	8
50	39	8	4	8
50	40	9	4	9
50	41	8	3	8
50	42	6	0	6
50	43	7	2	7
50	44	7	3	7
50	45	9	4	9
50	46	8	3	8
50	47	8	2	8
50	48	7	2	7
50	49	8	3	8
50	50	9	1	9
60	1	3	0	3
60	2	2	0	2
60	3	4	0	4
60	4	2	0	2
60	5	3	0	3
60	6	2	0	2
60	7	2	0	2
60	8	2	0	2
60	9	4	0	4
60	10	3	0	3
60	11	4	0	4
60	12	2	0	2
60	13	3	0	3
60	14	3	0	3
60	15	3	0	3
60	16	3	0	3
60	17	2	0	2
60	18	3	0	3
60	19	3	0	3
60	20	2	0	2
60	21	2	0	2
60	22	4	0	4
60	23	2	0	2
60	24	3	0	3
60	25	3	0	3
60	26	3	0	3
60	27	4	0	4
60	28	2	0	2
60	29	2	0	2
60	30	3	1	3
60	31	3	1	3
60	32	3	0	3
60	33	2	0	2
60	34	5	1	5
60	35	3	0	3
60	36	3	0	3
60	37	3	0	3
60	38	4	2	4
60	39	4	1	4
60	40	3	1	3
60	41	3	0	3
60	42	2	1	2
60	43	2	0	2
60	44	3	0	3
60	45	4	0	4
60	46	4	3	4
60	47	3	1	3
60	48	3	0	3
60	49	4	1	4
60	50	2	1	2
60	51	3	1	3
60	52	3	2	3
60	53	3	1	3
60	54	2	0	2
60	55	3	0	3
60	56	2	0	2
60	57	3	1	3
60	58	2	0	2
60	59	3	1	3
60	60	4	1	4
70	1	7	0	7
70	2	8	0	8
70	3	8	0	8
70	4	8	1	8
70	5	8	1	8
70	6	8	0	8
70	7	7	1	7
70	8	7	0	7
70	9	7	1	7
70	10	7	0	7
70	11	8	2	8
70	12	8	0	8
70	13	8	0	8
70	14	7	1	7
70	15	8	2	8
70	16	6	1	6
70	17	7	1	7
70	18	7	1	7
70	19	7	1	7
70	20	8	1	8
70	21	7	0	7
70	22	8	1	8
70	23	7	1	7
70	24	7	5	7
70	25	7	2	7
70	26	7	1	7
70	27	7	1	7
70	28	8	3	8
70	29	8	2	8
70	30	6	0	6
70	31	8	1	8
70	32	8	2	8
70	33	8	2	8
70	34	7	2	7
70	35	7	0	7
70	36	7	2	7
70	37	7	1	7
70	38	8	2	8
70	39	8	0	8
70	40	8	2	8
70	41	8	1	8
70	42	7	2	7
70	43	8	3	8
70	44	7	3	7
70	45	8	3	8
70	46	7	3	7
70	47	6	1	6
70	48	7	0	7
70	49	7	5	7
70	50	8	3	8
70	51	7	0	7
70	52	8	0	8
70	53	7	3	7
70	54	8	4	8
70	55	7	0	7
70	56	8	2	8
70	57	7	2	7
70	58	8	4	8
70	59	7	1	7
70	60	8	1	8
70	61	8	3	8
70	62	7	2	7
70	63	8	5	8
70	64	8	2	8
70	65	6	3	6
70	66	7	2	7
70	67	8	4	8
70	68	6	0	6
70	69	7	3	7
70	70	7	2	7
80	1	7	0	7
80	2	7	0	7
80	3	8	0	8
80	4	8	0	8
80	5	7	0	7
80	6	8	0	8
80	7	6	0	6
80	8	8	1	8
80	9	6	0	6
80	10	6	2	6
80	11	5	0	5
80	12	6	0	6
80	13	8	0	8
80	14	6	0	6
80	15	8	2	8
80	16	6	0	6
80	17	7	2	7
80	18	6	0	6
80	19	7	0	7
80	20	7	0	7
80	21	8	0	8
80	22	8	1	8
80	23	6	2	6
80	24	7	0	7
80	25	6	1	6
80	26	8	5	8
80	27	8	1	8
80	28	7	4	7
80	29	8	4	8
80	30	6	0	6
80	31	7	0	7
80	32	8	0	8
80	33	7	2	7
80	34	5	1	5
80	35	5	2	5
80	36	7	2	7
80	37	6	3	6
80	38	8	2	8
80	39	8	2	8
80	40	6	1	6
80	41	8	3	8
80	42	8	0	8
80	43	6	2	6
80	44	7	2	7
80	45	7	0	7
80	46	8	3	8
80	47	6	3	6
80	48	7	3	7
80	49	8	4	8
80	50	7	1	7
80	51	7	3	7
80	52	6	1	6
80	53	7	3	7
80	54	7	2	7
80	55	6	1	6
80	56	9	3	9
80	57	6	1	6
80	58	7	3	7
80	59	5	1	5
80	60	8	3	8
80	61	5	3	5
80	62	5	1	5
80	63	5	1	5
80	64	7	2	7
80	65	7	2	7
80	66	7	3	7
80	67	5	2	5
80	68	8	3	8
80	69	6	1	6
80	70	6	0	6
80	71	9	2	9
80	72	6	3	6
80	73	6	1	6
80	74	6	1	6
80	75	7	3	7
80	76	6	2	6
80	77	6	1	6
80	78	7	3	7
80	79	4	2	4
80	80	7	2	7
90	1	8	0	8
90	2	7	0	7
90	3	6	0	6
90	4	7	0	7
90	5	6	1	6
90	6	6	0	6
90	7	7	0	7
90	8	8	0	8
90	9	6	0	6
90	10	6	1	6
90	11	7	1	7
90	12	4	1	4
90	13	8	1	8
90	14	6	0	6
90	15	5	0	5
90	16	6	0	6
90	17	8	1	8
90	18	7	0	7
90	19	5	2	5
90	20	6	1	6
90	21	5	2	5
90	22	7	1	7
90	23	5	0	5
90	24	7	1	7
90	25	6	1	6
90	26	6	1	6
90	27	5	0	5
90	28	6	1	6
90	29	7	2	7
90	30	5	1	5
90	31	6	1	6
90	32	6	1	6
90	33	4	3	4
90	34	7	1	7
90	35	7	2	7
90	36	7	1	7
90	37	6	1	6
90	38	6	1	6
90	39	6	1	6
90	40	6	2	6
90	41	5	2	5
90	42	7	2	7
90	43	7	0	7
90	44	6	2	6
90	45	6	2	6
90	46	7	2	7
90	47	6	3	6
90	48	6	2	6
90	49	4	1	4
90	50	5	2	5
90	51	6	0	6
90	52	8	3	8
90	53	6	1	6
90	54	5	4	5
90	55	6	0	6
90	56	5	1	5
90	57	7	0	7
90	58	5	3	5
90	59	5	1	5
90	60	5	0	5
90	61	5	3	5
90	62	6	1	6
90	63	7	2	7
90	64	5	1	5
90	65	4	0	4
90	66	7	1	7
90	67	6	1	6
90	68	6	0	6
90	69	5	1	5
90	70	6	0	6
90	71	4	2	4
90	72	5	2	5
90	73	5	1	5
90	74	8	2	8
90	75	4	1	4
90	76	5	2	5
90	77	7	3	7
90	78	7	2	7
90	79	6	2	6
90	80	8	2	8
90	81	6	3	6
90	82	6	2	6
90	83	5	1	5
90	84	8	3	8
90	85	7	3	7
90	86	6	6	6
90	87	6	4	6
90	88	4	1	4
90	89	5	1	5
90	90	6	2	6
100	1	7	0	7
100	2	7	0	7
100	3	7	0	7
100	4	6	0	6
100	5	7	0	7
100	6	5	0	5
100	7	6	1	6
100	8	5	0	5
100	9	6	0	6
100	10	5	1	5
100	11	5	0	5
100	12	6	3	6
100	13	7	2	7
100	14	7	0	7
100	15	6	2	6
100	16	6	1	6
100	17	7	0	7
100	18	6	1	6
100	19	6	1	6
100	20	6	1	6
100	21	6	4	6
100	22	7	1	7
100	23	5	1	5
100	24	6	2	6
100	25	7	1	7
100	26	7	2	7
100	27	7	1	7
100	28	4	1	4
100	29	7	1	7
100	30	5	1	5
100	31	7	3	7
100	32	7	0	7
100	33	7	1	7
100	34	7	1	7
100	35	6	0	6
100	36	7	3	7
100	37	5	1	5
100	38	5	0	5
100	39	5	2	5
100	40	5	3	5
100	41	6	1	6
100	42	7	3	7
100	43	6	3	6
100	44	6	1	6
100	45	6	1	6
100	46	6	1	6
100	47	7	3	7
100	48	6	1	6
100	49	6	2	6
100	50	6	1	6
100	51	6	3	6
100	52	5	4	5
100	53	6	1	6
100	54	7	1	7
100	55	6	2	6
100	56	6	1	6
100	57	7	4	7
100	58	7	4	7
100	59	7	2	7
100	60	7	1	7
100	61	6	2	6
100	62	5	2	5
100	63	6	3	6
100	64	6	0	6
100	65	6	1	6
100	66	3	3	3
100	67	5	3	5
100	68	7	4	7
100	69	7	3	7
100	70	5	2	5
100	71	7	1	7
100	72	6	1	6
100	73	6	0	6
100	74	5	2	5
100	75	6	1	6
100	76	6	5	6
100	77	6	2	6
100	78	6	1	6
100	79	6	3	6
100	80	7	4	7
100	81	5	1	5
100	82	5	2	5
100	83	6	1	6
100	84	6	1	6
100	85	7	1	7
100	86	6	2	6
100	87	4	3	4
100	88	6	2	6
100	89	6	0	6
100	90	5	2	5
100	91	6	2	6
100	92	7	3	7
100	93	5	2	5
100	94	5	2	5
100	95	7	2	7
100	96	6	3	6
100	97	7	3	7
100	98	5	3	5
100	99	5	5	5
100	100	6	3	6
110	1	9	0	9
110	2	9	0	9
110	3	8	0	8
110	4	8	0	8
110	5	7	0	7
110	6	8	1	8
110	7	8	1	8
110	8	7	0	7
110	9	8	0	8
110	10	8	2	8
110	11	8	1	8
110	12	8	1	8
110	13	8	0	8
110	14	8	1	8
110	15	7	0	7
110	16	7	1	7
110	17	8	1	8
110	18	7	2	7
110	19	8	0	8
110	20	8	1	8
110	21	8	1	8
110	22	8	2	8
110	23	8	2	8
110	24	8	2	8
110	25	7	1	7
110	26	8	1	8
110	27	8	3	8
110	28	8	1	8
110	29	7	0	7
110	30	8	0	8
110	31	6	2	6
110	32	8	2	8
110	33	8	4	8
110	34	8	3	8
110	35	8	1	8
110	36	8	3	8
110	37	8	2	8
110	38	8	2	8
110	39	7	4	7
110	40	8	1	8
110	41	8	4	8
110	42	8	0	8
110	43	8	1	8
110	44	8	3	8
110	45	8	6	8
110	46	7	3	7
110	47	8	4	8
110	48	8	2	8
110	49	8	0	8
110	50	7	1	7
110	51	8	3	8
110	52	8	1	8
110	53	8	3	8
110	54	8	1	8
110	55	8	2	8
110	56	7	4	7
110	57	7	4	7
110	58	8	3	8
110	59	8	3	8
110	60	8	4	8
110	61	7	3	7
110	62	8	0	8
110	63	7	3	7
110	64	8	4	8
110	65	8	2	8
110	66	8	2	8
110	67	6	1	6
110	68	8	6	8
110	69	8	2	8
110	70	7	3	7
110	71	8	3	8
110	72	8	2	8
110	73	8	3	8
110	74	8	5	8
110	75	8	3	8
110	76	8	4	8
110	77	8	5	8
110	78	8	4	8
110	79	8	3	8
110	80	8	6	8
110	81	8	5	8
110	82	8	3	8
110	83	7	2	7
110	84	8	4	8
110	85	8	1	8
110	86	7	4	7
110	87	7	4	7
110	88	8	2	8
110	89	8	3	8
110	90	8	2	8
110	91	7	5	7
110	92	8	5	8
110	93	8	4	8
110	94	8	3	8
110	95	7	3	7
110	96	8	2	8
110	97	8	3	8
110	98	8	1	8
110	99	8	1	8
110	100	8	5	8
110	101	8	2	8
110	102	8	3	8
110	103	8	3	8
110	104	7	4	7
110	105	6	3	6
110	106	8	3	8
110	107	7	5	7
110	108	8	3	8
110	109	7	3	7
110	110	9	4	9
120	1	3	0	3
120	2	4	0	4
120	3	4	0	4
120	4	4	0	4
120	5	4	0	4
120	6	3	0	3
120	7	3	0	3
120	8	4	0	4
120	9	3	1	3
120	10	3	1	3
120	11	4	0	4
120	12	4	1	4
120	13	3	1	3
120	14	4	0	4
120	15	4	0	4
120	16	3	0	3
120	17	3	0	3
120	18	4	1	4
120	19	4	1	4
120	20	4	0	4
120	21	3	0	3
120	22	4	1	4
120	23	3	1	3
120	24	3	2	3
120	25	4	1	4
120	26	4	0	4
120	27	4	1	4
120	28	4	1	4
120	29	3	0	3
120	30	3	1	3
120	31	4	0	4
120	32	3	1	3
120	33	3	1	3
120	34	3	3	3
120	35	3	1	3
120	36	4	0	4
120	37	3	3	3
120	38	4	0	4
120	39	3	1	3
120	40	4	1	4
120	41	3	0	3
120	42	4	2	4
120	43	3	2	3
120	44	5	1	5
120	45	3	1	3
120	46	3	1	3
120	47	3	2	3
120	48	3	0	3
120	49	3	0	3
120	50	2	0	2
120	51	4	0	4
120	52	4	1	4
120	53	4	0	4
120	54	4	1	4
120	55	3	1	3
120	56	5	0	5
120	57	3	1	3
120	58	3	0	3
120	59	2	1	2
120	60	4	1	4
120	61	4	3	4
120	62	3	2	3
120	63	4	1	4
120	64	4	2	4
120	65	3	2	3
120	66	3	3	3
120	67	3	1	3
120	68	4	3	4
120	69	3	0	3
120	70	3	1	3
120	71	3	0	3
120	72	4	0	4
120	73	3	0	3
120	74	3	1	3
120	75	4	3	4
120	76	3	1	3
120	77	3	1	3
120	78	4	2	4
120	79	4	4	4
120	80	4	2	4
120	81	3	2	3
120	82	4	3	4
120	83	3	1	3
120	84	3	1	3
120	85	4	1	4
120	86	3	1	3
120	87	3	0	3
120	88	3	1	3
120	89	4	1	4
120	90	3	2	3
120	91	4	2	4
120	92	4	0	4
120	93	3	1	3
120	94	4	2	4
120	95	4	2	4
120	96	3	2	3
120	97	3	0	3
120	98	3	1	3
120	99	4	2	4
120	100	4	2	4
120	101	3	1	3
120	102	3	2	3
120	103	3	1	3
120	104	4	1	4
120	105	3	2	3
120	106	3	3	3
120	107	3	1	3
120	108	2	1	2
120	109	2	0	2
120	110	4	2	4
120	111	3	1	3
120	112	3	1	3
120	113	3	2	3
120	114	3	2	3
120	115	4	1	4
120	116	3	0	3
120	117	4	1	4
120	118	4	0	4
120	119	3	2	3
120	120	3	0	3
130	1	5	0	5
130	2	6	0	6
130	3	6	0	6
130	4	6	0	6
130	5	6	0	6
130	6	5	0	5
130	7	5	0	5
130	8	6	0	6
130	9	6	1	6
130	10	5	0	5
130	11	6	0	6
130	12	6	2	6
130	13	7	0	7
130	14	6	0	6
130	15	7	0	7
130	16	6	1	6
130	17	6	2	6
130	18	6	1	6
130	19	6	0	6
130	20	6	0	6
130	21	7	2	7
130	22	6	0	6
130	23	6	2	6
130	24	6	2	6
130	25	6	2	6
130	26	6	0	6
130	27	6	3	6
130	28	6	0	6
130	29	6	3	6
130	30	6	1	6
130	31	6	0	6
130	32	6	1	6
130	33	6	0	6
130	34	6	1	6
130	35	6	1	6
130	36	6	1	6
130	37	6	0	6
130	38	6	1	6
130	39	4	2	4
130	40	4	0	4
130	41	7	0	7
130	42	6	1	6
130	43	6	2	6
130	44	5	2	5
130	45	6	1	6
130	46	7	2	7
130	47	6	1	6
130	48	6	1	6
130	49	6	3	6
130	50	5	1	5
130	51	6	1	6
130	52	6	3	6
130	53	5	1	5
130	54	6	2	6
130	55	6	1	6
130	56	6	1	6
130	57	6	2	6
130	58	5	4	5
130	59	6	0	6
130	60	5	0	5
130	61	6	2	6
130	62	6	2	6
130	63	6	3	6
130	64	6	3	6
130	65	6	2	6
130	66	6	3	6
130	67	6	5	6
130	68	6	2	6
130	69	6	2	6
130	70	6	1	6
130	71	6	2	6
130	72	6	1	6
130	73	6	2	6
130	74	6	2	6
130	75	6	2	6
130	76	6	2	6
130	77	6	4	6
130	78	5	0	5
130	79	5	2	5
130	80	6	2	6
130	81	6	3	6
130	82	5	1	5
130	83	6	3	6
130	84	6	3	6
130	85	4	2	4
130	86	6	3	6
130	87	5	3	5
130	88	7	3	7
130	89	6	3	6
130	90	6	4	6
130	91	5	3	5
130	92	6	2	6
130	93	5	3	5
130	94	6	3	6
130	95	6	5	6
130	96	6	3	6
130	97	6	1	6
130	98	6	4	6
130	99	5	2	5
130	100	6	2	6
130	101	6	1	6
130	102	6	3	6
130	103	6	2	6
130	104	7	2	7
130	105	5	3	5
130	106	6	2	6
130	107	5	2	5
130	108	6	4	6
130	109	5	3	5
130	110	7	3	7
130	111	6	3	6
130	112	5	2	5
130	113	6	4	6
130	114	5	4	5
130	115	4	3	4
130	116	4	1	4
130	117	5	2	5
130	118	6	3	6
130	119	6	4	6
130	120	6	3	6
130	121	5	4	5
130	122	5	2	5
130	123	7	3	7
130	124	6	4	6
130	125	6	5	6
130	126	5	4	5
130	127	6	5	6
130	128	6	3	6
130	129	6	4	6
130	130	5	2	5
140	1	5	0	5
140	2	6	0	6
140	3	6	0	6
140	4	6	0	6
140	5	6	0	6
140	6	6	0	6
140	7	5	0	5
140	8	6	0	6
140	9	6	0	6
140	10	6	1	6
140	11	5	0	5
140	12	6	0	6
140	13	6	1	6
140	14	5	0	5
140	15	6	1	6
140	16	6	1	6
140	17	5	0	5
140	18	5	1	5
140	19	5	1	5
140	20	6	1	6
140	21	6	0	6
140	22	6	0	6
140	23	6	2	6
140	24	6	0	6
140	25	6	2	6
140	26	6	1	6
140	27	6	0	6
140	28	6	2	6
140	29	6	0	6
140	30	6	0	6
140	31	5	0	5
140	32	6	2	6
140	33	6	0	6
140	34	6	0	6
140	35	6	1	6
140	36	5	2	5
140	37	6	0	6
140	38	7	2	7
140	39	6	4	6
140	40	5	0	5
140	41	5	2	5
140	42	5	0	5
140	43	6	2	6
140	44	6	1	6
140	45	6	3	6
140	46	6	3	6
140	47	5	1	5
140	48	5	0	5
140	49	6	2	6
140	50	6	1	6
140	51	7	4	7
140	52	6	1	6
140	53	6	2	6
140	54	6	3	6
140	55	5	0	5
140	56	6	3	6
140	57	6	1	6
140	58	5	1	5
140	59	4	0	4
140	60	5	3	5
140	61	5	3	5
140	62	6	1	6
140	63	6	2	6
140	64	7	1	7
140	65	6	4	6
140	66	6	2	6
140	67	5	2	5
140	68	6	3	6
140	69	6	2	6
140	70	6	2	6
140	71	5	1	5
140	72	6	0	6
140	73	6	2	6
140	74	5	1	5
140	75	6	2	6
140	76	5	1	5
140	77	6	1	6
140	78	6	4	6
140	79	6	2	6
140	80	6	2	6
140	81	6	3	6
140	82	6	2	6
140	83	5	2	5
140	84	5	2	5
140	85	6	4	6
140	86	6	3	6
140	87	6	3	6
140	88	6	4	6
140	89	5	2	5
140	90	5	0	5
140	91	6	1	6
140	92	5	2	5
140	93	6	3	6
140	94	6	4	6
140	95	6	2	6
140	96	5	4	5
140	97	6	1	6
140	98	6	2	6
140	99	6	1	6
140	100	6	5	6
140	101	6	5	6
140	102	5	4	5
140	103	6	2	6
140	104	6	3	6
140	105	6	3	6
140	106	5	1	5
140	107	6	2	6
140	108	6	3	6
140	109	6	1	6
140	110	6	1	6
140	111	6	3	6
140	112	6	3	6
140	113	5	2	5
140	114	5	2	5
140	115	6	3	6
140	116	6	3	6
140	117	6	4	6
140	118	6	1	6
140	119	6	2	6
140	120	6	3	6
140	121	5	2	5
140	122	6	0	6
140	123	6	4	6
140	124	6	4	6
140	125	6	1	6
140	126	6	2	6
140	127	6	1	6
140	128	6	5	6
140	129	6	2	6
140	130	6	3	6
140	131	6	2	6
140	132	5	3	5
140	133	6	3	6
140	134	4	0	4
140	135	6	5	6
140	136	4	2	4
140	137	6	2	6
140	138	6	4	6
140	139	5	0	5
140	140	6	1	6
150	1	9	0	9
150	2	8	0	8
150	3	9	0	9
150	4	8	0	8
150	5	8	0	8
150	6	8	1	8
150	7	9	0	9
150	8	8	2	8
150	9	8	0	8
150	10	8	1	8
150	11	9	0	9
150	12	9	2	9
150	13	9	0	9
150	14	8	0	8
150	15	9	1	9
150	16	8	1	8
150	17	9	1	9
150	18	9	2	9
150	19	8	1	8
150	20	8	1	8
150	21	9	1	9
150	22	7	1	7
150	23	9	3	9
150	24	9	2	9
150	25	9	2	9
150	26	9	4	9
150	27	8	0	8
150	28	9	1	9
150	29	8	5	8
150	30	8	3	8
150	31	8	2	8
150	32	9	1	9
150	33	9	1	9
150	34	9	2	9
150	35	7	5	7
150	36	9	2	9
150	37	7	1	7
150	38	9	3	9
150	39	9	2	9
150	40	9	4	9
150	41	7	1	7
150	42	8	2	8
150	43	8	3	8
150	44	7	2	7
150	45	9	5	9
150	46	8	1	8
150	47	7	3	7
150	48	9	3	9
150	49	8	4	8
150	50	8	4	8
150	51	7	3	7
150	52	8	2	8
150	53	8	2	8
150	54	9	1	9
150	55	9	4	9
150	56	8	3	8
150	57	8	1	8
150	58	9	2	9
150	59	8	3	8
150	60	8	1	8
150	61	9	5	9
150	62	8	2	8
150	63	8	2	8
150	64	8	1	8
150	65	8	2	8
150	66	9	4	9
150	67	7	3	7
150	68	8	2	8
150	69	9	4	9
150	70	8	6	8
150	71	9	3	9
150	72	8	2	8
150	73	9	5	9
150	74	9	3	9
150	75	9	3	9
150	76	9	5	9
150	77	9	5	9
150	78	9	2	9
150	79	7	5	7
150	80	8	3	8
150	81	9	5	9
150	82	8	2	8
150	83	8	3	8
150	84	9	5	9
150	85	9	1	9
150	86	8	5	8
150	87	7	4	7
150	88	8	3	8
150	89	9	6	9
150	90	8	2	8
150	91	6	1	6
150	92	8	4	8
150	93	8	3	8
150	94	7	5	7
150	95	7	5	7
150	96	9	6	9
150	97	7	2	7
150	98	8	3	8
150	99	8	3	8
150	100	7	5	7
150	101	8	5	8
150	102	7	5	7
150	103	8	3	8
150	104	9	4	9
150	105	8	2	8
150	106	7	5	7
150	107	9	9	9
150	108	9	6	9
150	109	8	6	8
150	110	7	3	7
150	111	9	5	9
150	112	7	2	7
150	113	9	5	9
150	114	9	3	9
150	115	7	3	7
150	116	8	4	8
150	117	7	3	7
150	118	9	6	9
150	119	8	5	8
150	120	8	8	8
150	121	8	2	8
150	122	7	4	7
150	123	6	3	6
150	124	8	3	8
150	125	8	5	8
150	126	9	2	9
150	127	7	3	7
150	128	8	3	8
150	129	7	4	7
150	130	9	6	9
150	131	9	6	9
150	132	8	3	8
150	133	9	6	9
150	134	9	5	9
150	135	8	4	8
150	136	7	3	7
150	137	9	5	9
150	138	8	7	8
150	139	8	4	8
150	140	8	4	8
150	141	7	3	7
150	142	7	4	7
150	143	7	4	7
150	144	6	4	6
150	145	8	2	8
150	146	8	5	8
150	147	8	6	8
150	148	8	6	8
150	149	8	5	8
150	150	8	5	8
160	1	8	0	8
160	2	8	0	8
160	3	8	0	8
160	4	8	1	8
160	5	8	1	8
160	6	8	0	8
160	7	8	1	8
160	8	8	1	8
160	9	9	0	9
160	10	7	0	7
160	11	8	0	8
160	12	7	0	7
160	13	6	1	6
160	14	8	1	8
160	15	8	1	8
160	16	7	2	7
160	17	6	1	6
160	18	7	0	7
160	19	8	1	8
160	20	8	0	8
160	21	8	2	8
160	22	8	2	8
160	23	8	0	8
160	24	8	3	8
160	25	6	2	6
160	26	7	2	7
160	27	7	1	7
160	28	8	2	8
160	29	8	1	8
160	30	8	2	8
160	31	8	2	8
160	32	8	0	8
160	33	8	0	8
160	34	8	3	8
160	35	8	1	8
160	36	8	2	8
160	37	7	0	7
160	38	7	2	7
160	39	8	3	8
160	40	8	3	8
160	41	8	3	8
160	42	8	1	8
160	43	6	1	6
160	44	7	2	7
160	45	8	1	8
160	46	8	3	8
160	47	7	3	7
160	48	7	3	7
160	49	7	3	7
160	50	8	5	8
160	51	6	5	6
160	52	8	2	8
160	53	7	2	7
160	54	7	1	7
160	55	7	2	7
160	56	7	2	7
160	57	7	1	7
160	58	7	1	7
160	59	8	2	8
160	60	7	2	7
160	61	6	2	6
160	62	6	2	6
160	63	7	4	7
160	64	7	3	7
160	65	8	3	8
160	66	8	3	8
160	67	8	2	8
160	68	6	0	6
160	69	7	3	7
160	70	7	2	7
160	71	8	5	8
160	72	7	2	7
160	73	7	1	7
160	74	7	2	7
160	75	7	3	7
160	76	7	2	7
160	77	6	3	6
160	78	6	3	6
160	79	8	5	8
160	80	6	3	6
160	81	5	3	5
160	82	7	1	7
160	83	8	5	8
160	84	7	4	7
160	85	7	2	7
160	86	7	3	7
160	87	8	1	8
160	88	7	2	7
160	89	8	5	8
160	90	7	5	7
160	91	6	4	6
160	92	7	3	7
160	93	7	3	7
160	94	7	4	7
160	95	8	5	8
160	96	6	2	6
160	97	6	2	6
160	98	8	5	8
160	99	7	4	7
160	100	8	3	8
160	101	8	3	8
160	102	7	4	7
160	103	8	2	8
160	104	7	3	7
160	105	7	3	7
160	106	7	5	7
160	107	7	3	7
160	108	6	4	6
160	109	5	1	5
160	110	7	3	7
160	111	7	3	7
160	112	7	4	7
160	113	7	3	7
160	114	7	1	7
160	115	7	3	7
160	116	8	6	8
160	117	6	4	6
160	118	7	5	7
160	119	7	5	7
160	120	5	5	5
160	121	7	2	7
160	122	6	3	6
160	123	7	3	7
160	124	6	3	6
160	125	8	5	8
160	126	7	1	7
160	127	7	5	7
160	128	8	2	8
160	129	7	4	7
160	130	8	4	8
160	131	8	5	8
160	132	8	4	8
160	133	7	4	7
160	134	7	3	7
160	135	8	4	8
160	136	8	4	8
160	137	7	3	7
160	138	6	5	6
160	139	7	4	7
160	140	8	4	8
160	141	8	4	8
160	142	8	5	8
160	143	7	2	7
160	144	6	4	6
160	145	7	3	7
160	146	7	4	7
160	147	6	1	6
160	148	7	3	7
160	149	8	3	8
160	150	7	5	7
160	151	7	3	7
160	152	7	3	7
160	153	6	3	6
160	154	7	4	7
160	155	6	4	6
160	156	6	5	6
160	157	7	4	7
160	158	7	5	7
160	159	5	2	5
160	160	8	6	8
170	1	8	0	8
170	2	6	0	6
170	3	7	0	7
170	4	8	0	8
170	5	7	0	7
170	6	7	0	7
170	7	7	1	7
170	8	7	0	7
170	9	8	1	8
170	10	6	0	6
170	11	7	2	7
170	12	7	0	7
170	13	9	0	9
170	14	8	0	8
170	15	7	1	7
170	16	6	1	6
170	17	5	2	5
170	18	7	1	7
170	19	6	0	6
170	20	8	3	8
170	21	8	1	8
170	22	6	0	6
170	23	6	1	6
170	24	7	1	7
170	25	6	1	6
170	26	7	0	7
170	27	7	0	7
170	28	7	2	7
170	29	8	0	8
170	30	4	0	4
170	31	4	1	4
170	32	8	2	8
170	33	7	2	7
170	34	6	1	6
170	35	6	1	6
170	36	8	4	8
170	37	6	1	6
170	38	5	1	5
170	39	7	1	7
170	40	8	2	8
170	41	6	1	6
170	42	6	0	6
170	43	6	0	6
170	44	7	0	7
170	45	7	2	7
170	46	7	3	7
170	47	6	2	6
170	48	7	4	7
170	49	7	1	7
170	50	6	2	6
170	51	7	0	7
170	52	5	1	5
170	53	7	0	7
170	54	8	4	8
170	55	5	1	5
170	56	7	2	7
170	57	7	3	7
170	58	8	1	8
170	59	4	1	4
170	60	6	1	6
170	61	7	0	7
170	62	7	1	7
170	63	8	4	8
170	64	4	0	4
170	65	5	1	5
170	66	7	2	7
170	67	7	4	7
170	68	5	3	5
170	69	7	0	7
170	70	7	2	7
170	71	7	4	7
170	72	5	2	5
170	73	8	2	8
170	74	7	2	7
170	75	7	3	7
170	76	6	0	6
170	77	7	2	7
170	78	7	3	7
170	79	8	2	8
170	80	8	4	8
170	81	6	3	6
170	82	7	1	7
170	83	7	4	7
170	84	7	1	7
170	85	6	1	6
170	86	6	1	6
170	87	7	5	7
170	88	8	3	8
170	89	7	3	7
170	90	8	4	8
170	91	5	2	5
170	92	6	2	6
170	93	8	2	8
170	94	7	2	7
170	95	6	2	6
170	96	6	2	6
170	97	5	2	5
170	98	7	3	7
170	99	6	1	6
170	100	8	3	8
170	101	6	2	6
170	102	5	2	5
170	103	7	4	7
170	104	7	5	7
170	105	6	0	6
170	106	7	2	7
170	107	6	4	6
170	108	5	3	5
170	109	7	0	7
170	110	6	3	6
170	111	8	3	8
170	112	5	1	5
170	113	6	2	6
170	114	6	2	6
170	115	7	1	7
170	116	7	2	7
170	117	8	1	8
170	118	5	4	5
170	119	8	3	8
170	120	7	3	7
170	121	7	6	7
170	122	7	3	7
170	123	6	5	6
170	124	7	3	7
170	125	6	1	6
170	126	8	4	8
170	127	7	4	7
170	128	7	4	7
170	129	7	1	7
170	130	6	4	6
170	131	7	2	7
170	132	6	1	6
170	133	7	3	7
170	134	7	4	7
170	135	7	3	7
170	136	7	2	7
170	137	6	1	6
170	138	6	2	6
170	139	6	2	6
170	140	6	2	6
170	141	6	5	6
170	142	6	3	6
170	143	6	1	6
170	144	7	1	7
170	145	7	3	7
170	146	6	3	6
170	147	7	3	7
170	148	8	2	8
170	149	5	3	5
170	150	7	3	7
170	151	7	5	7
170	152	6	2	6
170	153	7	3	7
170	154	6	4	6
170	155	7	3	7
170	156	6	2	6
170	157	7	4	7
170	158	5	3	5
170	159	6	3	6
170	160	7	2	7
170	161	6	4	6
170	162	7	3	7
170	163	7	3	7
170	164	7	5	7
170	165	8	4	8
170	166	6	2	6
170	167	7	4	7
170	168	6	3	6
170	169	7	2	7
170	170	4	1	4
180	1	5	0	5
180	2	5	0	5
180	3	5	0	5
180	4	6	0	6
180	5	5	0	5
180	6	5	1	5
180	7	4	0	4
180	8	5	0	5
180	9	4	0	4
180	10	6	0	6
180	11	7	0	7
180	12	4	0	4
180	13	5	0	5
180	14	4	2	4
180	15	4	0	4
180	16	4	0	4
180	17	5	0	5
180	18	4	1	4
180	19	5	1	5
180	20	4	0	4
180	21	4	0	4
180	22	4	0	4
180	23	5	0	5
180	24	6	0	6
180	25	5	1	5
180	26	3	0	3
180	27	5	0	5
180	28	4	0	4
180	29	5	0	5
180	30	2	1	2
180	31	1	0	1
180	32	5	0	5
180	33	4	1	4
180	34	5	1	5
180	35	4	2	4
180	36	5	0	5
180	37	4	2	4
180	38	5	0	5
180	39	2	0	2
180	40	4	1	4
180	41	5	2	5
180	42	2	1	2
180	43	4	2	4
180	44	5	1	5
180	45	4	2	4
180	46	5	1	5
180	47	4	0	4
180	48	5	3	5
180	49	4	1	4
180	50	6	2	6
180	51	3	0	3
180	52	2	1	2
180	53	4	0	4
180	54	3	2	3
180	55	5	3	5
180	56	5	2	5
180	57	3	1	3
180	58	6	2	6
180	59	2	0	2
180	60	3	1	3
180	61	3	0	3
180	62	5	4	5
180	63	3	2	3
180	64	2	1	2
180	65	6	1	6
180	66	4	1	4
180	67	4	1	4
180	68	3	1	3
180	69	4	2	4
180	70	5	4	5
180	71	5	2	5
180	72	4	1	4
180	73	2	0	2
180	74	3	2	3
180	75	2	2	2
180	76	2	0	2
180	77	3	2	3
180	78	2	1	2
180	79	6	2	6
180	80	3	2	3
180	81	3	0	3
180	82	3	1	3
180	83	4	1	4
180	84	5	4	5
180	85	5	1	5
180	86	3	1	3
180	87	4	0	4
180	88	5	1	5
180	89	4	2	4
180	90	5	3	5
180	91	5	2	5
180	92	4	1	4
180	93	6	0	6
180	94	4	1	4
180	95	5	2	5
180	96	3	0	3
180	97	4	1	4
180	98	4	3	4
180	99	4	0	4
180	100	5	2	5
180	101	5	1	5
180	102	4	2	4
180	103	5	2	5
180	104	4	4	4
180	105	5	1	5
180	106	4	4	4
180	107	3	1	3
180	108	4	2	4
180	109	4	2	4
180	110	3	1	3
180	111	4	2	4
180	112	5	1	5
180	113	3	0	3
180	114	4	3	4
180	115	2	1	2
180	116	3	1	3
180	117	4	1	4
180	118	3	2	3
180	119	5	2	5
180	120	4	1	4
180	121	4	2	4
180	122	3	0	3
180	123	4	2	4
180	124	3	1	3
180	125	3	1	3
180	126	3	2	3
180	127	5	2	5
180	128	3	2	3
180	129	3	0	3
180	130	3	2	3
180	131	4	2	4
180	132	3	2	3
180	133	3	2	3
180	134	3	2	3
180	135	3	0	3
180	136	4	2	4
180	137	5	3	5
180	138	2	2	2
180	139	4	2	4
180	140	4	1	4
180	141	4	1	4
180	142	4	3	4
180	143	4	1	4
180	144	6	2	6
180	145	3	2	3
180	146	7	4	7
180	147	4	3	4
180	148	2	0	2
180	149	3	2	3
180	150	5	3	5
180	151	3	1	3
180	152	3	0	3
180	153	3	2	3
180	154	4	0	4
180	155	5	3	5
180	156	4	0	4
180	157	2	2	2
180	158	4	2	4
180	159	4	1	4
180	160	6	4	6
180	161	5	1	5
180	162	2	2	2
180	163	3	1	3
180	164	3	2	3
180	165	4	1	4
180	166	3	2	3
180	167	4	3	4
180	168	4	3	4
180	169	3	0	3
180	170	5	3	5
180	171	4	0	4
180	172	4	2	4
180	173	4	2	4
180	174	3	2	3
180	175	5	2	5
180	176	3	2	3
180	177	6	5	6
180	178	4	2	4
180	179	6	3	6
180	180	5	3	5
190	1	8	0	8
190	2	7	0	7
190	3	8	0	8
190	4	7	0	7
190	5	8	1	8
190	6	8	0	8
190	7	8	0	8
190	8	8	0	8
190	9	8	0	8
190	10	8	1	8
190	11	8	1	8
190	12	8	0	8
190	13	8	0	8
190	14	8	0	8
190	15	8	0	8
190	16	8	1	8
190	17	8	0	8
190	18	7	2	7
190	19	8	0	8
190	20	7	3	7
190	21	7	0	7
190	22	8	1	8
190	23	8	2	8
190	24	7	1	7
190	25	6	1	6
190	26	8	1	8
190	27	7	2	7
190	28	7	1	7
190	29	8	2	8
190	30	6	1	6
190	31	7	2	7
190	32	7	1	7
190	33	8	1	8
190	34	6	2	6
190	35	7	1	7
190	36	8	1	8
190	37	8	1	8
190	38	7	0	7
190	39	8	3	8
190	40	7	1	7
190	41	7	1	7
190	42	5	2	5
190	43	6	2	6
190	44	6	2	6
190	45	6	3	6
190	46	8	1	8
190	47	6	1	6
190	48	5	3	5
190	49	8	2	8
190	50	7	3	7
190	51	8	2	8
190	52	8	5	8
190	53	8	2	8
190	54	7	5	7
190	55	7	1	7
190	56	7	1	7
190	57	6	5	6
190	58	7	1	7
190	59	7	3	7
190	60	7	0	7
190	61	7	2	7
190	62	8	2	8
190	63	8	2	8
190	64	7	4	7
190	65	6	0	6
190	66	7	0	7
190	67	8	4	8
190	68	8	2	8
190	69	6	1	6
190	70	7	3	7
190	71	7	2	7
190	72	8	1	8
190	73	7	5	7
190	74	7	2	7
190	75	7	3	7
190	76	8	2	8
190	77	6	3	6
190	78	6	3	6
190	79	6	3	6
190	80	6	2	6
190	81	6	1	6
190	82	8	4	8
190	83	7	2	7
190	84	7	2	7
190	85	8	4	8
190	86	7	3	7
190	87	5	1	5
190	88	8	4	8
190	89	7	4	7
190	90	7	2	7
190	91	7	6	7
190	92	7	3	7
190	93	8	3	8
190	94	6	4	6
190	95	6	2	6
190	96	7	2	7
190	97	7	6	7
190	98	7	2	7
190	99	5	3	5
190	100	8	3	8
190	101	8	2	8
190	102	7	1	7
190	103	5	3	5
190	104	5	2	5
190	105	7	2	7
190	106	6	3	6
190	107	6	2	6
190	108	8	4	8
190	109	7	3	7
190	110	8	1	8
190	111	7	3	7
190	112	6	3	6
190	113	7	3	7
190	114	8	6	8
190	115	7	2	7
190	116	6	2	6
190	117	7	5	7
190	118	8	3	8
190	119	8	3	8
190	120	7	1	7
190	121	7	6	7
190	122	7	4	7
190	123	8	4	8
190	124	5	3	5
190	125	6	4	6
190	126	7	3	7
190	127	7	2	7
190	128	7	3	7
190	129	7	5	7
190	130	7	5	7
190	131	6	4	6
190	132	7	4	7
190	133	7	3	7
190	134	8	5	8
190	135	8	6	8
190	136	7	3	7
190	137	7	3	7
190	138	8	7	8
190	139	7	1	7
190	140	6	3	6
190	141	7	3	7
190	142	6	4	6
190	143	6	4	6
190	144	7	2	7
190	145	7	5	7
190	146	7	5	7
190	147	7	5	7
190	148	6	4	6
190	149	7	5	7
190	150	6	3	6
190	151	7	5	7
190	152	7	2	7
190	153	7	6	7
190	154	7	3	7
190	155	6	4	6
190	156	8	6	8
190	157	7	5	7
190	158	7	1	7
190	159	6	4	6
190	160	8	4	8
190	161	7	3	7
190	162	8	5	8
190	163	5	2	5
190	164	8	4	8
190	165	7	3	7
190	166	8	3	8
190	167	8	5	8
190	168	6	3	6
190	169	4	1	4
190	170	6	4	6
190	171	5	2	5
190	172	8	3	8
190	173	5	3	5
190	174	7	4	7
190	175	8	4	8
190	176	7	5	7
190	177	7	4	7
190	178	7	3	7
190	179	5	2	5
190	180	7	4	7
190	181	7	5	7
190	182	7	5	7
190	183	6	2	6
190	184	6	3	6
190	185	7	2	7
190	186	8	5	8
190	187	8	6	8
190	188	4	2	4
190	189	7	1	7
190	190	7	5	7
200	1	6	0	6
200	2	7	0	7
200	3	7	0	7
200	4	6	1	6
200	5	7	0	7
200	6	6	0	6
200	7	5	0	5
200	8	6	0	6
200	9	4	0	4
200	10	6	0	6
200	11	5	0	5
200	12	7	0	7
200	13	7	0	7
200	14	6	0	6
200	15	6	0	6
200	16	4	0	4
200	17	7	0	7
200	18	6	0	6
200	19	7	1	7
200	20	6	0	6
200	21	6	2	6
200	22	7	1	7
200	23	6	0	6
200	24	6	1	6
200	25	5	0	5
200	26	6	2	6
200	27	7	1	7
200	28	6	1	6
200	29	5	1	5
200	30	6	0	6
200	31	5	0	5
200	32	7	2	7
200	33	5	2	5
200	34	6	3	6
200	35	6	2	6
200	36	5	0	5
200	37	6	2	6
200	38	6	2	6
200	39	6	2	6
200	40	4	2	4
200	41	6	0	6
200	42	7	2	7
200	43	7	3	7
200	44	6	2	6
200	45	8	2	8
200	46	5	1	5
200	47	6	2	6
200	48	7	2	7
200	49	5	1	5
200	50	7	0	7
200	51	6	2	6
200	52	7	3	7
200	53	5	0	5
200	54	6	3	6
200	55	5	0	5
200	56	6	1	6
200	57	6	3	6
200	58	6	4	6
200	59	4	2	4
200	60	4	0	4
200	61	6	0	6
200	62	6	3	6
200	63	7	2	7
200	64	5	4	5
200	65	4	2	4
200	66	6	1	6
200	67	5	2	5
200	68	6	3	6
200	69	5	2	5
200	70	6	2	6
200	71	6	3	6
200	72	5	1	5
200	73	5	3	5
200	74	7	2	7
200	75	6	3	6
200	76	7	1	7
200	77	4	2	4
200	78	6	2	6
200	79	5	1	5
200	80	6	1	6
200	81	6	2	6
200	82	6	0	6
200	83	7	5	7
200	84	6	0	6
200	85	6	1	6
200	86	4	0	4
200	87	6	3	6
200	88	7	3	7
200	89	6	3	6
200	90	5	1	5
200	91	7	0	7
200	92	6	3	6
200	93	7	3	7
200	94	6	2	6
200	95	6	3	6
200	96	7	4	7
200	97	5	4	5
200	98	5	3	5
200	99	8	3	8
200	100	6	3	6
200	101	4	1	4
200	102	5	3	5
200	103	4	1	4
200	104	5	2	5
200	105	7	4	7
200	106	6	4	6
200	107	6	4	6
200	108	6	4	6
200	109	6	1	6
200	110	6	2	6
200	111	5	2	5
200	112	5	2	5
200	113	7	1	7
200	114	5	3	5
200	115	4	1	4
200	116	7	2	7
200	117	6	3	6
200	118	6	1	6
200	119	5	2	5
200	120	5	3	5
200	121	5	3	5
200	122	4	3	4
200	123	5	2	5
200	124	5	1	5
200	125	5	4	5
200	126	6	4	6
200	127	5	4	5
200	128	5	1	5
200	129	4	2	4
200	130	5	3	5
200	131	5	3	5
200	132	6	5	6
200	133	6	2	6
200	134	6	3	6
200	135	6	1	6
200	136	4	2	4
200	137	6	2	6
200	138	7	2	7
200	139	5	4	5
200	140	6	3	6
200	141	4	3	4
200	142	6	3	6
200	143	6	4	6
200	144	5	3	5
200	145	7	2	7
200	146	6	4	6
200	147	5	2	5
200	148	6	3	6
200	149	6	3	6
200	150	6	5	6
200	151	5	3	5
200	152	4	1	4
200	153	7	2	7
200	154	6	4	6
200	155	6	3	6
200	156	5	3	5
200	157	6	4	6
200	158	5	3	5
200	159	5	2	5
200	160	6	4	6
200	161	6	3	6
200	162	6	2	6
200	163	7	4	7
200	164	5	1	5
200	165	7	3	7
200	166	5	3	5
200	167	6	1	6
200	168	7	2	7
200	169	6	3	6
200	170	4	4	4
200	171	5	3	5
200	172	5	5	5
200	173	5	2	5
200	174	6	3	6
200	175	6	1	6
200	176	6	5	6
200	177	5	4	5
200	178	5	4	5
200	179	6	3	6
200	180	6	3	6
200	181	5	4	5
200	182	4	3	4
200	183	7	6	7
200	184	5	3	5
200	185	5	3	5
200	186	6	3	6
200	187	7	5	7
200	188	6	4	6
200	189	6	4	6
200	190	5	3	5
200	191	6	4	6
200	192	6	3	6
200	193	5	2	5
200	194	5	3	5
200	195	5	4	5
200	196	7	4	7
200	197	6	2	6
200	198	6	4	6
200	199	6	2	6
200	200	6	4	6
