"number_wasps"	"w"	"max_steps"	"min_steps"	"mean_steps"	"mean_survival"	"mean_nested"	"mean_usurp"
50	1	664	1	149.7	0.7	0.7	0
50	2	432	1	86.4	0.8	0.8	0
50	3	1946	1	224.4	0.8	0.8	0
50	4	744	1	143.4	0.8	0.8	0
50	5	901	1	175	0.7	0.7	0
50	6	1487	1	203.3	0.9	0.9	0.1
50	7	976	1	150	0.8	0.8	0
50	8	176	1	49.4	0.9	0.9	0.1
50	9	1444	1	257.7	0.8	0.8	0.1
50	10	212	1	61.7	0.7	0.7	0
50	11	399	2	64.1	0.7	0.7	0
50	12	672	2	157	0.9	0.9	0.1
50	13	791	2	155.9	0.9	0.9	0
50	14	1983	1	245.4	0.7	0.7	0.1
50	15	1317	3	171.7	0.9	0.9	0
50	16	210	2	59.8	0.8	0.8	0
50	17	373	2	76.2	0.8	0.8	0
50	18	604	3	103.4	0.9	0.9	0.1
50	19	687	1	175.4	0.7	0.7	0
50	20	490	1	116.1	0.7	0.7	0.1
50	21	1468	2	256.7	0.8	0.8	0.2
50	22	898	2	141.7	0.9	0.9	0
50	23	698	6	112.2	0.8	0.8	0.1
50	24	564	2	116.9	0.8	0.8	0
50	25	733	8	144.9	0.9	0.9	0
50	26	466	4	89.6	0.7	0.7	0
50	27	1110	4	194	0.8	0.8	0.3
50	28	697	3	152.8	0.8	0.8	0.1
50	29	636	1	104.8	0.8	0.8	0.1
50	30	422	1	70.2	0.8	0.8	0.3
50	31	726	4	105.6	0.9	0.9	0.1
50	32	282	2	74.7	0.8	0.8	0.1
50	33	428	3	112.2	0.8	0.8	0.2
50	34	2136	2	251	0.8	0.8	0.1
50	35	519	3	132.3	0.7	0.7	0
50	36	740	4	103.1	0.7	0.7	0.1
50	37	932	1	178.2	0.8	0.8	0.1
50	38	617	1	128	0.9	0.9	0.3
50	39	745	3	120.1	0.7	0.7	0.1
50	40	689	3	126.6	0.5	0.5	0.1
50	41	722	6	126.2	0.8	0.8	0.3
50	42	479	3	83.6	0.7	0.7	0.2
50	43	555	2	118.5	0.7	0.7	0.1
50	44	246	2	66.3	0.8	0.8	0.3
50	45	1303	1	189.5	0.7	0.7	0.5
50	46	508	5	114.8	0.8	0.8	0.2
50	47	613	4	119.7	0.8	0.8	0.2
50	48	452	4	98.9	0.7	0.7	0.1
50	49	279	5	71	0.8	0.8	0.2
50	50	1205	7	165.6	0.8	0.8	0.1
60	1	310	1	50.8	0.9	0.9	0
60	2	153	1	46.8	0.8	0.8	0
60	3	258	1	57.5	0.8	0.8	0.1
60	4	1337	1	170.5	1	1	0
60	5	397	1	73.3	0.8	0.8	0
60	6	391	1	70.7	0.8	0.8	0
60	7	129	1	43.7	0.8	0.8	0
60	8	142	1	31.8	0.8	0.8	0
60	9	423	2	60.3	0.8	0.8	0.1
60	10	214	1	51.7	0.8	0.8	0.2
60	11	1184	2	142.7	0.9	0.9	0
60	12	155	2	43.5	0.9	0.9	0.1
60	13	216	2	56.2	0.8	0.8	0.1
60	14	234	2	48.5	0.9	0.9	0.1
60	15	1010	2	130.1	0.8	0.8	0
60	16	691	2	93	0.8	0.8	0
60	17	247	2	62.1	1	1	0
60	18	185	1	42	0.9	0.9	0.1
60	19	1004	1	137.3	0.9	0.9	0.1
60	20	1371	2	170.6	0.8	0.8	0
60	21	273	2	56.3	0.9	0.9	0.2
60	22	170	1	40.4	1	1	0.1
60	23	1205	2	138.9	0.7	0.7	0.1
60	24	254	1	55.8	0.8	0.8	0.1
60	25	157	2	37	0.9	0.9	0.3
60	26	199	2	47.1	0.9	0.9	0
60	27	709	3	87.4	0.7	0.7	0.1
60	28	152	3	33.3	0.8	0.8	0
60	29	108	1	31.6	0.7	0.7	0.1
60	30	401	1	69.4	0.9	0.9	0.1
60	31	124	2	31.5	0.9	0.9	0.2
60	32	121	1	32.3	0.8	0.8	0.2
60	33	103	3	29.7	0.9	0.9	0.3
60	34	104	3	28.2	0.9	0.9	0.1
60	35	2099	2	232.4	0.7	0.7	0.2
60	36	1010	3	130	0.9	0.9	0.1
60	37	249	1	54.9	0.8	0.8	0.1
60	38	486	4	73.5	0.9	0.9	0.2
60	39	502	5	79.2	0.9	0.9	0
60	40	180	3	46	0.8	0.8	0.2
60	41	204	1	35	0.8	0.8	0.1
60	42	1336	2	162.3	0.9	0.9	0.2
60	43	835	1	126.7	0.8	0.8	0.3
60	44	222	1	40	0.7	0.7	0.3
60	45	154	2	47.6	0.8	0.8	0.3
60	46	840	2	121.6	0.7	0.7	0.2
60	47	156	4	36	0.7	0.7	0
60	48	354	3	68.1	0.7	0.7	0.2
60	49	299	4	65	0.8	0.8	0.3
60	50	147	1	31.7	0.8	0.8	0.1
60	51	905	1	142.6	0.8	0.8	0.3
60	52	899	3	181.3	0.8	0.8	0.3
60	53	171	6	45.3	1	1	0
60	54	243	3	58.5	0.8	0.8	0.4
60	55	131	1	38	1	1	0.5
60	56	1405	1	166.9	1	1	0.3
60	57	129	5	31.2	0.8	0.8	0.1
60	58	1002	3	132.1	0.8	0.8	0.2
60	59	82	6	33.9	0.8	0.8	0.1
60	60	421	4	77.6	0.8	0.8	0.1
70	1	937	1	228.7	0.7	0.7	0
70	2	893	1	215.9	0.7	0.7	0
70	3	799	1	194.6	0.5	0.5	0
70	4	1539	1	287.4	0.5	0.5	0
70	5	1261	2	211.6	0.6	0.6	0
70	6	607	1	150.4	0.5	0.5	0
70	7	586	1	139	0.7	0.7	0
70	8	435	1	123.6	0.8	0.8	0
70	9	573	1	143.7	0.7	0.7	0.1
70	10	742	2	163.5	0.6	0.6	0
70	11	922	2	224.8	0.7	0.7	0
70	12	861	2	171.8	0.6	0.6	0
70	13	647	2	139	0.5	0.5	0
70	14	415	1	94.4	0.6	0.6	0.1
70	15	869	2	263.1	0.4	0.4	0
70	16	1159	2	188	0.5	0.5	0
70	17	633	3	139.3	0.6	0.6	0.1
70	18	651	4	133.3	0.6	0.6	0.1
70	19	484	1	95.7	0.5	0.5	0.1
70	20	1187	2	315.7	0.6	0.6	0
70	21	1308	3	194.5	0.5	0.5	0.2
70	22	1503	2	382.5	0.6	0.6	0.1
70	23	719	3	191	0.6	0.6	0
70	24	1295	1	217.1	0.6	0.6	0.2
70	25	937	1	247.9	0.7	0.7	0.1
70	26	879	4	144.3	0.4	0.4	0
70	27	224	2	50.7	0.6	0.6	0.1
70	28	562	1	147.6	0.6	0.6	0.2
70	29	1071	1	221.2	0.6	0.6	0.1
70	30	982	3	190.4	0.7	0.7	0.1
70	31	933	2	167.8	0.7	0.7	0.1
70	32	1148	7	266	0.5	0.5	0.1
70	33	1111	1	189	0.6	0.6	0.4
70	34	430	6	196.9	0.6	0.6	0.1
70	35	773	4	184.9	0.5	0.5	0
70	36	901	2	179.4	0.5	0.5	0
70	37	610	3	208	0.6	0.6	0.2
70	38	2084	2	521.1	0.7	0.7	0.1
70	39	450	2	119.9	0.5	0.5	0
70	40	1084	1	296.1	0.5	0.5	0.2
70	41	876	2	207.5	0.5	0.5	0.1
70	42	452	5	149.4	0.5	0.5	0
70	43	349	1	80.9	0.6	0.6	0.2
70	44	1333	2	312.8	0.5	0.5	0.3
70	45	379	3	81.8	0.5	0.5	0.1
70	46	887	5	278.9	0.5	0.5	0.2
70	47	1799	1	416.8	0.5	0.5	0.1
70	48	1646	4	244.9	0.4	0.4	0.1
70	49	910	1	251.3	0.7	0.7	0.1
70	50	630	5	253.4	0.5	0.5	0.3
70	51	1830	5	346.5	0.5	0.5	0
70	52	1092	6	192.6	0.6	0.6	0.2
70	53	1200	1	239.8	0.5	0.5	0.3
70	54	1085	4	272.8	0.5	0.5	0.1
70	55	703	1	168.8	0.5	0.5	0.1
70	56	2294	6	399.3	0.7	0.7	0.1
70	57	1328	2	293.1	0.4	0.4	0.1
70	58	919	2	162.7	0.4	0.4	0.2
70	59	662	2	252	0.7	0.7	0.1
70	60	715	3	182.3	0.5	0.5	0.2
70	61	1014	2	251.4	0.7	0.7	0.2
70	62	408	3	179	0.5	0.5	0
70	63	343	1	125.4	0.6	0.6	0.2
70	64	1002	3	331.7	0.6	0.6	0.1
70	65	823	2	130.2	0.6	0.6	0.3
70	66	686	6	214.1	0.5	0.5	0.2
70	67	1074	4	231.6	0.6	0.6	0.3
70	68	1319	4	293.8	0.7	0.7	0.3
70	69	745	5	297.3	0.6	0.6	0.2
70	70	106	6	40	0.4	0.4	0
80	1	366	1	46.4	0.9	0.9	0
80	2	885	1	183.7	0.8	0.8	0
80	3	792	1	161.3	0.7	0.7	0
80	4	1070	1	113.3	0.8	0.8	0
80	5	351	1	58.2	0.8	0.8	0.1
80	6	291	1	48.1	0.8	0.8	0
80	7	447	1	86.1	0.9	0.9	0
80	8	421	2	85.8	0.8	0.8	0
80	9	857	2	95.3	0.7	0.7	0
80	10	1088	1	188.2	0.6	0.6	0
80	11	587	1	92.3	0.8	0.8	0.1
80	12	1000	2	171.9	1	1	0.1
80	13	843	2	188.5	0.8	0.8	0.1
80	14	1606	2	203.7	0.7	0.7	0.1
80	15	418	2	72.4	0.9	0.9	0.1
80	16	1627	2	179.2	0.9	0.9	0
80	17	556	2	72.6	0.8	0.8	0.1
80	18	1047	2	125.8	0.9	0.9	0
80	19	397	1	89.3	0.8	0.8	0.2
80	20	628	5	99	0.9	0.9	0.2
80	21	302	1	54.7	0.8	0.8	0.3
80	22	83	2	20.4	0.8	0.8	0.1
80	23	199	2	47.3	0.8	0.8	0.1
80	24	552	1	96.5	0.7	0.7	0.1
80	25	508	2	108.4	0.9	0.9	0.1
80	26	703	3	113.3	0.8	0.8	0.1
80	27	617	2	76.5	0.8	0.8	0
80	28	481	3	90.8	0.8	0.8	0.2
80	29	637	4	99.7	0.9	0.9	0.2
80	30	80	2	21	1	1	0.1
80	31	306	2	66.2	0.7	0.7	0.2
80	32	863	1	134.8	0.8	0.8	0.1
80	33	153	1	36.1	0.8	0.8	0.4
80	34	92	2	33	0.8	0.8	0.4
80	35	370	1	91.4	0.9	0.9	0.4
80	36	294	5	62.5	0.7	0.7	0.2
80	37	569	1	151.6	0.6	0.6	0.1
80	38	644	2	113.4	0.7	0.7	0.1
80	39	363	3	107.3	0.7	0.7	0.3
80	40	841	1	147.2	0.8	0.8	0.3
80	41	146	1	32.6	0.8	0.8	0.2
80	42	176	3	44.6	0.7	0.7	0.3
80	43	184	1	31.3	0.9	0.9	0.2
80	44	1535	3	222.2	0.8	0.8	0.1
80	45	728	1	113.4	0.6	0.6	0.3
80	46	1032	6	166.7	0.8	0.8	0.2
80	47	202	3	50.7	0.9	0.9	0.1
80	48	1173	6	165.2	0.7	0.7	0.1
80	49	275	1	43.8	0.8	0.8	0.4
80	50	372	1	59.7	0.8	0.8	0.5
80	51	750	5	173.8	0.7	0.7	0.3
80	52	4072	2	460.1	0.9	0.9	0.4
80	53	760	1	167.1	0.8	0.8	0.4
80	54	302	1	57.2	0.7	0.7	0.1
80	55	851	1	113.9	0.8	0.8	0.4
80	56	1617	4	213.5	0.9	0.9	0.2
80	57	490	1	69.5	0.9	0.9	0.6
80	58	509	1	100.5	0.8	0.8	0.5
80	59	700	1	111.2	0.7	0.7	0.6
80	60	241	1	66.8	0.9	0.9	0.2
80	61	1383	5	200.5	0.7	0.7	0.3
80	62	741	4	140.1	0.8	0.8	0.1
80	63	1847	3	223.1	0.8	0.8	0.2
80	64	397	1	70.9	0.9	0.9	0.3
80	65	785	3	151.7	0.6	0.6	0.2
80	66	415	3	72.2	0.8	0.8	0.3
80	67	501	3	80.7	0.7	0.7	0.2
80	68	623	3	113.2	0.8	0.8	0.3
80	69	1255	2	178.2	0.8	0.8	0.5
80	70	375	3	73.6	0.8	0.8	0.5
80	71	816	5	96.8	0.8	0.8	0.5
80	72	1370	1	254.4	0.8	0.8	0.3
80	73	698	2	120.3	0.6	0.6	0.2
80	74	427	1	105.6	0.9	0.9	0.4
80	75	187	4	50.3	0.7	0.7	0.4
80	76	1121	1	157.6	0.8	0.8	0.5
80	77	286	2	61.2	0.9	0.9	0.3
80	78	365	3	56.1	0.9	0.9	0.3
80	79	637	2	103.8	0.8	0.8	0.7
80	80	1029	1	143.5	0.8	0.8	0.4
90	1	766	1	158.6	0.7	0.7	0
90	2	490	1	83.9	0.7	0.7	0
90	3	302	1	86.6	0.6	0.6	0
90	4	1422	1	230.1	0.7	0.7	0
90	5	479	1	166.7	0.7	0.7	0
90	6	519	2	135.9	0.7	0.7	0.1
90	7	655	1	130	0.6	0.6	0
90	8	297	1	71	0.6	0.6	0.1
90	9	656	1	123	0.6	0.6	0.1
90	10	850	3	138.4	0.6	0.6	0.1
90	11	295	2	76.2	0.7	0.7	0.1
90	12	757	4	220.1	0.7	0.7	0.1
90	13	700	3	173.8	0.6	0.6	0.1
90	14	965	6	243.1	0.8	0.8	0
90	15	259	4	61.5	0.6	0.6	0
90	16	545	4	108.6	0.7	0.7	0
90	17	655	6	164.5	0.7	0.7	0
90	18	1402	5	220.3	0.7	0.7	0.2
90	19	1457	4	244.7	0.8	0.8	0
90	20	79	2	33.6	0.6	0.6	0.1
90	21	749	4	123.4	0.6	0.6	0.1
90	22	559	2	162.3	0.7	0.7	0.2
90	23	543	2	144.7	0.8	0.8	0.3
90	24	1678	2	206.7	0.6	0.6	0.3
90	25	1109	3	242.4	0.7	0.7	0.1
90	26	545	2	149.5	0.6	0.6	0.1
90	27	173	5	67.3	0.6	0.6	0
90	28	1030	10	241.3	0.7	0.7	0.3
90	29	238	12	62.9	0.7	0.7	0
90	30	292	2	100.2	0.7	0.7	0.2
90	31	267	7	95.7	0.7	0.7	0.2
90	32	844	5	193.1	0.6	0.6	0
90	33	1051	7	247.6	0.7	0.7	0.4
90	34	663	2	188	0.6	0.6	0.3
90	35	490	6	150.7	0.7	0.7	0.2
90	36	1259	2	190.5	0.6	0.6	0.1
90	37	1433	2	250.2	0.7	0.7	0.2
90	38	985	13	190.3	0.7	0.7	0.1
90	39	678	2	224.7	0.5	0.5	0.1
90	40	459	12	116.2	0.8	0.8	0.1
90	41	577	2	145	0.7	0.7	0.1
90	42	1218	1	186.3	0.6	0.6	0.1
90	43	555	1	127.9	0.7	0.7	0.3
90	44	867	6	293.2	0.7	0.7	0.4
90	45	964	1	141.9	0.8	0.8	0.3
90	46	651	3	140.8	0.8	0.8	0.2
90	47	2351	1	526.7	0.8	0.8	0.3
90	48	654	9	121.2	0.6	0.6	0.1
90	49	809	4	205.2	0.8	0.8	0.2
90	50	393	4	126.6	0.4	0.4	0.1
90	51	512	2	128.6	0.7	0.7	0.4
90	52	1646	7	235.7	0.8	0.8	0.3
90	53	83	3	40.9	0.7	0.7	0.1
90	54	575	6	178.8	0.7	0.7	0.1
90	55	508	6	181.8	0.8	0.8	0.1
90	56	539	3	144.7	0.6	0.6	0.2
90	57	1167	11	205	0.7	0.7	0.2
90	58	2440	3	297.3	0.8	0.8	0
90	59	1292	7	210	0.7	0.7	0
90	60	647	5	140.8	0.9	0.9	0.1
90	61	1248	4	277.9	0.6	0.6	0.2
90	62	217	4	72.1	0.8	0.8	0.2
90	63	879	2	156.5	0.6	0.6	0.1
90	64	1771	3	332.2	0.6	0.6	0.2
90	65	542	9	110.4	0.6	0.6	0.2
90	66	384	3	129	0.8	0.8	0.2
90	67	1116	11	291.3	0.7	0.7	0.1
90	68	725	8	161.7	0.6	0.6	0.1
90	69	751	1	163.3	0.7	0.7	0.2
90	70	857	10	193.7	0.7	0.7	0.2
90	71	1834	1	435.8	0.9	0.9	0.3
90	72	663	7	209.9	0.8	0.8	0.1
90	73	932	9	190.3	0.6	0.6	0.2
90	74	327	2	105.7	0.8	0.8	0.4
90	75	1091	1	144.2	0.5	0.5	0.1
90	76	759	5	162.2	0.7	0.7	0.1
90	77	487	9	146.1	0.6	0.6	0.2
90	78	812	9	173.3	0.7	0.7	0.2
90	79	494	8	124	0.7	0.7	0.4
90	80	391	10	107.1	0.6	0.6	0.3
90	81	296	1	91.7	0.7	0.7	0.2
90	82	1504	1	208.1	0.7	0.7	0.2
90	83	801	5	209	0.7	0.7	0.2
90	84	698	2	112.3	0.5	0.5	0.1
90	85	436	2	114.9	0.7	0.7	0.4
90	86	434	9	147.1	0.6	0.6	0.1
90	87	313	7	93.9	0.6	0.6	0.4
90	88	438	6	126.7	0.7	0.7	0.3
90	89	1167	13	192.3	0.5	0.5	0.1
90	90	543	10	118.1	0.6	0.6	0.3
100	1	701	1	128.5	0.8	0.8	0
100	2	1172	1	154.4	0.7	0.7	0
100	3	186	1	59.2	0.6	0.6	0
100	4	872	1	152.1	0.7	0.7	0
100	5	720	1	194.3	0.8	0.8	0
100	6	262	1	98.7	0.7	0.7	0
100	7	519	1	141	0.7	0.7	0.1
100	8	567	1	166.9	0.5	0.5	0.1
100	9	464	1	115.7	0.7	0.7	0
100	10	1133	1	216.4	0.6	0.6	0.4
100	11	1439	2	230	0.6	0.6	0
100	12	698	2	168.5	0.7	0.7	0.1
100	13	825	2	125.1	0.7	0.7	0
100	14	1146	1	162.2	0.5	0.5	0.2
100	15	436	2	95.2	0.7	0.7	0
100	16	1833	1	229.6	0.7	0.7	0.1
100	17	486	2	134.5	0.6	0.6	0.1
100	18	435	2	111.3	0.8	0.8	0.2
100	19	1184	1	142.6	0.7	0.7	0.1
100	20	1737	3	245.5	0.7	0.7	0.1
100	21	405	4	78.6	0.7	0.7	0.1
100	22	517	2	115	0.5	0.5	0.3
100	23	983	1	150.9	0.8	0.8	0.1
100	24	661	2	133.7	0.7	0.7	0
100	25	1324	5	218.8	0.5	0.5	0
100	26	452	2	98.7	0.7	0.7	0.1
100	27	2102	3	262.8	0.8	0.8	0
100	28	659	2	111.6	0.8	0.8	0.3
100	29	301	2	80.1	0.8	0.8	0.1
100	30	2949	2	344.2	0.8	0.8	0
100	31	189	3	47.6	0.7	0.7	0.1
100	32	121	1	28.4	0.5	0.5	0.2
100	33	1201	3	195	0.8	0.8	0.2
100	34	268	4	91.1	0.8	0.8	0.3
100	35	1268	4	179.4	0.7	0.7	0.1
100	36	484	2	94.3	0.6	0.6	0.3
100	37	299	2	83.3	0.8	0.8	0.2
100	38	884	3	189.1	0.6	0.6	0.1
100	39	470	3	89.1	0.7	0.7	0.2
100	40	1280	2	169.9	0.7	0.7	0.3
100	41	451	1	93.7	0.5	0.5	0.1
100	42	2598	2	284.1	0.6	0.6	0.1
100	43	634	5	99.7	0.6	0.6	0.2
100	44	1046	1	208.4	0.6	0.6	0.1
100	45	2248	1	260.5	0.7	0.7	0.1
100	46	621	3	196.8	0.6	0.6	0.2
100	47	648	3	163.5	0.6	0.6	0
100	48	1247	1	164.1	0.6	0.6	0.2
100	49	652	2	146	0.7	0.7	0
100	50	635	8	140.9	0.8	0.8	0.2
100	51	832	2	129.5	0.8	0.8	0.2
100	52	1212	4	255.5	0.7	0.7	0.3
100	53	711	1	170.5	0.7	0.7	0.3
100	54	438	1	111.5	0.6	0.6	0.1
100	55	875	4	151.2	0.7	0.7	0
100	56	1182	5	283.1	0.6	0.6	0
100	57	160	4	60	0.8	0.8	0.1
100	58	933	3	226.5	0.7	0.7	0.2
100	59	1135	1	243.9	0.8	0.8	0.1
100	60	315	5	81	0.8	0.8	0.2
100	61	1618	2	270.8	0.8	0.8	0.4
100	62	1613	1	211.6	0.7	0.7	0.2
100	63	751	3	241.8	0.7	0.7	0.4
100	64	452	3	126	0.7	0.7	0.1
100	65	116	4	37.1	0.7	0.7	0.1
100	66	1286	8	354.7	0.7	0.7	0.2
100	67	516	1	114.3	0.5	0.5	0.2
100	68	2375	4	295	0.7	0.7	0.2
100	69	929	2	240.6	0.6	0.6	0.2
100	70	1050	7	199.9	0.6	0.6	0
100	71	738	2	122	0.7	0.7	0.2
100	72	899	3	188.5	0.6	0.6	0.3
100	73	242	2	81.3	0.7	0.7	0.3
100	74	1034	4	191.9	0.8	0.8	0.4
100	75	972	4	163.6	0.6	0.6	0.4
100	76	844	2	168.4	0.6	0.6	0.2
100	77	639	6	117.8	0.7	0.7	0
100	78	513	4	107.3	0.6	0.6	0.1
100	79	1594	6	276.9	0.7	0.7	0.3
100	80	842	4	131.1	0.5	0.5	0.5
100	81	554	6	140	0.6	0.6	0.3
100	82	748	3	110.3	0.6	0.6	0.2
100	83	462	2	102.8	0.8	0.8	0.5
100	84	1161	1	251.7	0.8	0.8	0.4
100	85	453	5	111.1	0.7	0.7	0.2
100	86	1197	3	213.3	0.8	0.8	0.2
100	87	441	5	80	0.8	0.8	0.3
100	88	491	7	130.7	0.6	0.6	0.1
100	89	352	2	86.1	0.7	0.7	0.4
100	90	581	6	154.9	0.7	0.7	0.2
100	91	1211	7	293.6	0.7	0.7	0.1
100	92	365	7	140	0.6	0.6	0.3
100	93	581	6	107.5	0.7	0.7	0.3
100	94	1998	2	329.9	0.6	0.6	0.4
100	95	1071	1	204.7	0.8	0.8	0.3
100	96	967	4	173.7	0.7	0.7	0.2
100	97	254	6	92.6	0.8	0.8	0.2
100	98	235	6	60.8	0.7	0.7	0.3
100	99	356	3	113.9	0.6	0.6	0.1
100	100	1866	1	319.8	0.5	0.5	0.2
110	1	908	1	151	0.9	0.9	0
110	2	139	1	43.7	0.9	0.9	0
110	3	147	1	50.6	0.7	0.7	0
110	4	1009	1	130.8	0.6	0.6	0
110	5	735	1	99.4	0.8	0.8	0
110	6	163	1	49.2	1	1	0
110	7	148	1	54.1	0.8	0.8	0
110	8	282	1	68.4	0.8	0.8	0
110	9	636	2	110.5	0.9	0.9	0
110	10	157	1	44.7	0.9	0.9	0
110	11	166	1	53.9	0.9	0.9	0
110	12	208	2	54.4	0.8	0.8	0.1
110	13	684	2	112.3	0.8	0.8	0
110	14	177	4	53.9	1	1	0.2
110	15	199	3	54.9	1	1	0.1
110	16	830	1	181.7	0.8	0.8	0.2
110	17	148	3	40.5	0.9	0.9	0
110	18	580	4	107.4	0.8	0.8	0.1
110	19	131	4	42	0.9	0.9	0
110	20	222	1	36.1	0.7	0.7	0.1
110	21	793	1	175.4	0.8	0.8	0.1
110	22	1480	3	178	0.8	0.8	0.1
110	23	256	2	54.7	0.6	0.6	0.1
110	24	205	3	67.2	0.8	0.8	0
110	25	141	2	39.8	0.9	0.9	0.1
110	26	306	4	50.8	0.6	0.6	0
110	27	909	6	143.3	0.8	0.8	0.1
110	28	2919	2	347.9	0.7	0.7	0
110	29	524	4	102.6	0.9	0.9	0.1
110	30	214	2	57.5	0.7	0.7	0.1
110	31	144	6	57.1	0.9	0.9	0
110	32	405	2	97.8	0.7	0.7	0
110	33	272	4	68.2	0.7	0.7	0
110	34	335	2	82.8	0.7	0.7	0.1
110	35	193	1	69	0.7	0.7	0.1
110	36	212	4	60.8	0.7	0.7	0.2
110	37	133	2	59	0.9	0.9	0.2
110	38	460	4	94.5	0.8	0.8	0.3
110	39	651	1	156.8	0.8	0.8	0.1
110	40	521	7	108.3	1	1	0.1
110	41	504	3	97.4	0.7	0.7	0.2
110	42	269	4	67.4	0.9	0.9	0.3
110	43	297	5	86.2	0.6	0.6	0.2
110	44	276	3	90.5	0.8	0.8	0.2
110	45	1060	4	137	0.6	0.6	0.2
110	46	153	4	54.1	1	1	0.3
110	47	428	3	85.3	0.8	0.8	0.4
110	48	417	1	104.2	0.9	0.9	0.4
110	49	892	3	209	0.8	0.8	0.1
110	50	132	3	33.9	0.8	0.8	0.2
110	51	1412	12	207.2	0.7	0.7	0.2
110	52	433	7	87.9	0.8	0.8	0.1
110	53	1075	1	142.6	0.5	0.5	0.2
110	54	741	7	113.2	0.8	0.8	0
110	55	170	1	39.7	0.6	0.6	0
110	56	515	2	125.1	0.9	0.9	0.3
110	57	251	2	72.1	0.7	0.7	0.2
110	58	1067	1	155.4	0.8	0.8	0.4
110	59	208	8	75.3	0.9	0.9	0.1
110	60	1679	8	240.1	0.8	0.8	0
110	61	186	1	52.5	1	1	0.2
110	62	179	5	53.5	0.9	0.9	0.1
110	63	819	3	128.8	0.6	0.6	0.2
110	64	659	10	104	0.7	0.7	0.1
110	65	1031	3	152.2	0.7	0.7	0.1
110	66	133	1	53.2	0.9	0.9	0.3
110	67	424	1	106.3	0.5	0.5	0
110	68	665	3	134	0.8	0.8	0.1
110	69	174	6	62	0.8	0.8	0.2
110	70	124	1	45.6	0.8	0.8	0.2
110	71	853	1	126.2	0.8	0.8	0.2
110	72	298	3	86.9	0.7	0.7	0.3
110	73	303	10	72.5	0.7	0.7	0
110	74	1569	5	314.6	0.7	0.7	0.3
110	75	447	7	97.8	0.6	0.6	0.2
110	76	753	7	123.3	0.8	0.8	0.2
110	77	282	5	111.6	0.8	0.8	0.4
110	78	203	5	53.7	0.7	0.7	0.4
110	79	555	1	113.4	0.8	0.8	0.3
110	80	679	8	123	0.9	0.9	0.3
110	81	104	5	52.1	0.7	0.7	0.4
110	82	549	2	87.4	0.5	0.5	0.4
110	83	848	4	180.8	0.8	0.8	0.5
110	84	2992	13	363.6	0.7	0.7	0.2
110	85	108	6	34.3	0.8	0.8	0.3
110	86	1830	1	242.7	0.9	0.9	0.1
110	87	215	5	61.9	0.7	0.7	0.3
110	88	234	9	72.6	0.9	0.9	0.1
110	89	977	2	198.1	0.7	0.7	0.2
110	90	159	2	56.6	1	1	0.3
110	91	391	2	114.6	0.8	0.8	0.4
110	92	462	5	110	0.8	0.8	0.2
110	93	112	4	45	1	1	0.4
110	94	1261	1	170.8	0.8	0.8	0.3
110	95	622	6	110.4	0.9	0.9	0.3
110	96	167	10	68.9	0.8	0.8	0.2
110	97	996	1	207.2	0.6	0.6	0.2
110	98	509	3	97.2	0.9	0.9	0.3
110	99	185	2	47	0.7	0.7	0.3
110	100	140	6	37.6	0.6	0.6	0.2
110	101	136	4	38.9	0.8	0.8	0.2
110	102	350	3	94	0.8	0.8	0.2
110	103	1326	9	314.9	0.7	0.7	0.1
110	104	723	6	124.8	0.8	0.8	0.4
110	105	157	7	73.8	0.8	0.8	0.1
110	106	232	4	80.2	0.9	0.9	0.3
110	107	150	5	72.4	0.9	0.9	0.2
110	108	1108	6	157.6	0.7	0.7	0.4
110	109	230	2	61.2	0.8	0.8	0.2
110	110	288	4	72.8	0.9	0.9	0.4
120	1	222	1	30.2	0.9	0.9	0
120	2	84	1	25.5	1	1	0
120	3	63	1	17.2	0.9	0.9	0
120	4	96	1	23.4	1	1	0
120	5	81	1	20.2	1	1	0
120	6	58	1	14.7	0.9	0.9	0
120	7	889	1	107.9	1	1	0
120	8	74	1	18.5	1	1	0
120	9	62	1	17.8	0.8	0.8	0
120	10	53	2	17.6	1	1	0
120	11	67	2	19.5	1	1	0
120	12	78	1	21.9	0.8	0.8	0
120	13	78	1	24.8	1	1	0.2
120	14	75	2	18.9	1	1	0.2
120	15	93	1	23.6	1	1	0.1
120	16	82	1	20.1	1	1	0.1
120	17	74	2	26.2	1	1	0.1
120	18	85	2	22	0.9	0.9	0
120	19	81	2	24.2	1	1	0
120	20	117	2	33.1	1	1	0.3
120	21	76	1	26	1	1	0.3
120	22	62	2	24.3	1	1	0.3
120	23	93	1	23	1	1	0.2
120	24	54	2	19.1	0.8	0.8	0.1
120	25	69	1	23.7	1	1	0.4
120	26	75	1	22.2	1	1	0.2
120	27	94	4	26.6	0.9	0.9	0
120	28	1080	3	133.3	0.9	0.9	0.1
120	29	266	1	41.1	0.8	0.8	0.2
120	30	2155	2	232.3	0.9	0.9	0.2
120	31	82	1	28.4	1	1	0.3
120	32	79	1	23.7	1	1	0.3
120	33	143	2	31.2	0.9	0.9	0
120	34	227	3	41.1	1	1	0.1
120	35	278	3	46.8	1	1	0
120	36	252	3	51.1	1	1	0.2
120	37	47	5	20.5	0.9	0.9	0
120	38	116	5	32.1	1	1	0.1
120	39	46	3	20.4	0.9	0.9	0.2
120	40	260	3	51.9	1	1	0
120	41	52	1	16.4	0.9	0.9	0.4
120	42	222	3	39.1	1	1	0.2
120	43	90	1	26.3	0.9	0.9	0.2
120	44	472	3	66.8	0.8	0.8	0
120	45	93	5	24.1	1	1	0
120	46	58	4	21.2	1	1	0.3
120	47	69	4	22.4	1	1	0.3
120	48	74	3	21.6	1	1	0.2
120	49	241	2	42.8	1	1	0.3
120	50	107	3	26.8	1	1	0.2
120	51	96	3	30	1	1	0.4
120	52	61	4	19.6	0.9	0.9	0.2
120	53	240	3	44	0.9	0.9	0.4
120	54	74	2	22	1	1	0.6
120	55	116	5	29.6	1	1	0.3
120	56	877	3	115.4	0.9	0.9	0.2
120	57	205	4	46	1	1	0
120	58	64	1	27.7	1	1	0.3
120	59	73	3	24.6	0.9	0.9	0.3
120	60	97	3	25.2	1	1	0.4
120	61	92	1	27.6	0.9	0.9	0.6
120	62	63	4	21.8	0.9	0.9	0.1
120	63	84	4	28.6	0.9	0.9	0.5
120	64	69	2	17.8	1	1	0.3
120	65	79	4	23.5	0.9	0.9	0.3
120	66	79	2	18.8	0.9	0.9	0.2
120	67	99	5	32.2	0.9	0.9	0.1
120	68	61	1	24.8	0.7	0.7	0.1
120	69	78	4	25.5	1	1	0.4
120	70	770	4	96.2	0.9	0.9	0.1
120	71	95	2	25.9	0.9	0.9	0.2
120	72	66	4	25.1	1	1	0.2
120	73	234	7	51	1	1	0.4
120	74	76	1	18.8	1	1	0.7
120	75	86	1	32.2	1	1	0.3
120	76	1165	3	133.4	0.9	0.9	0.4
120	77	84	2	26.3	0.9	0.9	0.2
120	78	98	5	34.8	1	1	0.3
120	79	331	3	52	0.8	0.8	0.3
120	80	121	6	32.7	1	1	0.4
120	81	69	2	27.1	0.9	0.9	0.4
120	82	373	1	57.9	0.9	0.9	0.2
120	83	87	1	21.9	0.8	0.8	0.5
120	84	82	3	29.3	1	1	0.5
120	85	124	2	37.1	1	1	0.3
120	86	133	3	31.4	1	1	0.1
120	87	473	3	68.1	0.9	0.9	0.2
120	88	672	1	89.8	0.9	0.9	0.3
120	89	68	4	21.5	0.9	0.9	0.4
120	90	100	5	31.4	1	1	0.5
120	91	169	2	38.2	0.9	0.9	0.5
120	92	244	2	47.6	0.8	0.8	0.3
120	93	122	4	34.9	0.9	0.9	0.3
120	94	80	9	28.9	0.9	0.9	0.6
120	95	53	2	19.7	0.9	0.9	0.5
120	96	66	4	19.1	0.9	0.9	0.5
120	97	86	2	24.2	0.8	0.8	0.4
120	98	230	3	53.2	1	1	0.4
120	99	98	6	34.5	1	1	0.4
120	100	71	4	27.5	0.8	0.8	0.6
120	101	70	7	23.9	0.9	0.9	0.3
120	102	108	2	35.5	1	1	0.5
120	103	211	1	35.8	0.7	0.7	0.3
120	104	93	4	36.2	0.9	0.9	0.7
120	105	1144	6	136.8	0.9	0.9	0.4
120	106	88	1	27.9	1	1	0.6
120	107	98	4	33.9	1	1	0.3
120	108	128	1	35.1	1	1	0.5
120	109	98	9	28.6	0.9	0.9	0.2
120	110	118	7	32	1	1	0.4
120	111	225	5	47.6	0.9	0.9	0.5
120	112	114	10	30.5	1	1	0.3
120	113	83	2	25.8	0.9	0.9	0.4
120	114	250	3	51.4	0.8	0.8	0.4
120	115	90	6	26.7	1	1	0.3
120	116	81	2	27.7	0.8	0.8	0.5
120	117	68	1	22.8	1	1	0.3
120	118	70	1	27.5	0.9	0.9	0.5
120	119	84	1	30	0.9	0.9	0.4
120	120	69	1	23.5	1	1	0.4
130	1	176	1	66.1	0.9	0.9	0
130	2	130	2	54	0.9	0.9	0
130	3	296	4	50.9	0.8	0.8	0
130	4	401	10	78.1	0.8	0.8	0
130	5	124	5	41.8	0.9	0.9	0
130	6	111	1	53.6	0.9	0.9	0
130	7	1465	4	185	0.7	0.7	0
130	8	119	3	34.6	0.8	0.8	0.1
130	9	177	5	61.6	0.8	0.8	0
130	10	1457	3	169	0.5	0.5	0
130	11	1530	7	195.8	0.8	0.8	0
130	12	1215	4	157.7	0.7	0.7	0.1
130	13	349	7	85.1	0.8	0.8	0.1
130	14	336	3	68.6	0.9	0.9	0.1
130	15	610	14	160	0.7	0.7	0.1
130	16	838	3	146.7	0.7	0.7	0
130	17	338	6	95.9	0.8	0.8	0.1
130	18	276	9	61.3	0.7	0.7	0.2
130	19	411	17	110.1	0.6	0.6	0
130	20	1558	9	289.8	0.7	0.7	0
130	21	1134	2	195.2	0.6	0.6	0.1
130	22	131	2	41.9	0.7	0.7	0
130	23	195	12	54.1	0.7	0.7	0
130	24	220	4	72.9	0.9	0.9	0.3
130	25	494	7	81	0.9	0.9	0.1
130	26	2081	9	256.4	0.6	0.6	0
130	27	1364	8	230	0.7	0.7	0
130	28	351	9	103.2	0.9	0.9	0
130	29	864	13	187.2	0.7	0.7	0
130	30	920	7	163.9	0.6	0.6	0.2
130	31	162	4	63.7	0.8	0.8	0.1
130	32	2675	11	317.9	0.8	0.8	0.3
130	33	316	7	98	0.7	0.7	0
130	34	2150	9	276.2	0.7	0.7	0
130	35	400	4	74.1	0.7	0.7	0.2
130	36	261	5	77.6	0.7	0.7	0.1
130	37	1332	6	232.2	0.6	0.6	0.1
130	38	123	25	58.4	0.8	0.8	0
130	39	488	11	117.7	0.6	0.6	0.1
130	40	1348	13	190.1	0.8	0.8	0.1
130	41	820	1	183.4	0.8	0.8	0.3
130	42	89	6	38	0.7	0.7	0.3
130	43	979	10	133.2	0.8	0.8	0.2
130	44	1197	9	193.7	0.7	0.7	0
130	45	668	4	107.5	0.5	0.5	0
130	46	163	9	60.7	0.7	0.7	0.2
130	47	295	10	72.3	0.6	0.6	0
130	48	815	6	118.8	0.9	0.9	0
130	49	1370	14	269.6	0.7	0.7	0.3
130	50	415	9	111.7	0.7	0.7	0.1
130	51	573	2	92.5	0.8	0.8	0.4
130	52	452	8	80.9	0.8	0.8	0.2
130	53	347	7	73.7	0.7	0.7	0.2
130	54	332	3	76	0.8	0.8	0
130	55	829	8	172.9	0.6	0.6	0.2
130	56	666	16	124.7	0.8	0.8	0.2
130	57	637	4	130.1	0.8	0.8	0.2
130	58	268	2	58.3	0.8	0.8	0.4
130	59	76	1	34.4	0.8	0.8	0.4
130	60	891	8	142.6	0.7	0.7	0.2
130	61	539	9	110.4	0.7	0.7	0.1
130	62	832	13	158.7	0.8	0.8	0.2
130	63	740	7	103.8	0.9	0.9	0.3
130	64	223	5	76.8	0.8	0.8	0
130	65	1020	14	227.5	0.7	0.7	0.2
130	66	644	9	107.7	0.6	0.6	0.3
130	67	820	16	188.7	0.6	0.6	0.1
130	68	1159	5	199.5	0.6	0.6	0.1
130	69	902	17	144.5	0.7	0.7	0.4
130	70	388	17	157.2	0.7	0.7	0.3
130	71	1213	10	256.7	0.7	0.7	0.2
130	72	1916	5	239	0.8	0.8	0.3
130	73	3771	3	539.2	0.6	0.6	0.1
130	74	2209	23	276.2	0.6	0.6	0.3
130	75	1066	10	223.9	0.6	0.6	0.2
130	76	427	11	86.5	0.9	0.9	0.4
130	77	1296	9	206.5	0.6	0.6	0.2
130	78	432	12	87.6	0.9	0.9	0.2
130	79	859	21	123.5	0.7	0.7	0.2
130	80	806	11	110.7	0.5	0.5	0.2
130	81	570	18	100.8	0.8	0.8	0
130	82	600	14	174.6	0.6	0.6	0.1
130	83	447	9	103.6	0.7	0.7	0.2
130	84	278	7	78.1	0.9	0.9	0.5
130	85	149	14	60.4	0.7	0.7	0.1
130	86	699	7	105.5	0.9	0.9	0.3
130	87	175	19	85.4	0.6	0.6	0.1
130	88	748	1	150.2	0.9	0.9	0.5
130	89	409	13	132.1	0.6	0.6	0.2
130	90	712	4	110.4	0.7	0.7	0.2
130	91	387	11	102.8	0.8	0.8	0.2
130	92	578	8	116.7	0.9	0.9	0.3
130	93	602	4	111.8	0.6	0.6	0.1
130	94	623	18	141.3	0.7	0.7	0.4
130	95	1040	2	181.4	0.6	0.6	0.1
130	96	80	4	35.6	0.8	0.8	0
130	97	392	10	77.2	0.9	0.9	0.3
130	98	395	5	103.7	0.5	0.5	0.4
130	99	805	9	201.4	0.7	0.7	0.3
130	100	1160	13	170.6	0.5	0.5	0
130	101	120	9	49.5	0.7	0.7	0.3
130	102	1476	21	193.9	0.8	0.8	0.1
130	103	362	9	96.3	0.7	0.7	0.4
130	104	542	5	116.6	0.5	0.5	0.2
130	105	622	8	206.8	0.6	0.6	0.2
130	106	210	12	78.1	0.7	0.7	0.3
130	107	175	13	51.1	0.6	0.6	0.1
130	108	159	17	78.4	0.6	0.6	0.2
130	109	487	5	89.8	0.7	0.7	0.2
130	110	1687	10	309.8	0.6	0.6	0.3
130	111	139	9	47.5	0.8	0.8	0.4
130	112	740	11	165.1	0.7	0.7	0.3
130	113	617	25	139.8	0.7	0.7	0.1
130	114	637	20	142.7	0.8	0.8	0.2
130	115	886	11	166.4	0.6	0.6	0.2
130	116	463	16	110.4	0.7	0.7	0.3
130	117	890	6	184.6	0.7	0.7	0.4
130	118	594	7	131	0.8	0.8	0.3
130	119	587	1	86.2	0.8	0.8	0.5
130	120	415	2	74.2	0.7	0.7	0.1
130	121	311	6	68.7	0.7	0.7	0.2
130	122	1189	7	161.9	0.7	0.7	0.2
130	123	82	19	41.5	0.8	0.8	0.2
130	124	323	7	70.8	0.9	0.9	0.2
130	125	588	28	162.6	0.8	0.8	0.4
130	126	1526	9	238.6	0.7	0.7	0.2
130	127	443	21	140.1	0.7	0.7	0.1
130	128	569	14	155.8	0.6	0.6	0.2
130	129	355	17	73	0.7	0.7	0.1
130	130	702	13	122.6	0.9	0.9	0.2
140	1	911	1	142.1	0.7	0.7	0
140	2	297	1	57.9	0.7	0.7	0
140	3	1029	1	242.3	0.7	0.7	0
140	4	1376	1	261.9	0.6	0.6	0.1
140	5	759	2	164.7	0.5	0.5	0
140	6	2098	2	424.6	0.5	0.5	0
140	7	1540	1	252.3	0.7	0.7	0
140	8	679	2	155.6	0.6	0.6	0
140	9	201	1	69.8	0.7	0.7	0
140	10	873	1	176.1	0.7	0.7	0
140	11	1150	1	244.9	0.7	0.7	0.1
140	12	806	2	151.5	0.8	0.8	0.1
140	13	1508	2	265.6	0.7	0.7	0
140	14	217	3	61.3	0.5	0.5	0
140	15	418	2	86.7	0.7	0.7	0.1
140	16	1358	2	333.7	0.6	0.6	0.1
140	17	669	2	143	0.8	0.8	0
140	18	258	1	111.8	0.7	0.7	0.1
140	19	348	2	87.9	0.6	0.6	0.3
140	20	385	3	109.8	0.6	0.6	0.1
140	21	1779	1	303.4	0.7	0.7	0.2
140	22	447	4	112.7	0.7	0.7	0.1
140	23	1317	4	194.3	0.7	0.7	0
140	24	208	2	69.7	0.6	0.6	0.1
140	25	2498	3	325.6	0.6	0.6	0
140	26	888	6	206.5	0.9	0.9	0.2
140	27	576	5	220.8	0.7	0.7	0.1
140	28	737	4	139.2	0.9	0.9	0.1
140	29	963	4	167.2	0.5	0.5	0.2
140	30	755	3	110.7	0.6	0.6	0.1
140	31	863	5	241.5	0.5	0.5	0
140	32	1124	2	245.6	0.7	0.7	0
140	33	910	4	198.3	0.6	0.6	0
140	34	454	6	91	0.7	0.7	0.1
140	35	1785	2	301.2	0.7	0.7	0.2
140	36	166	4	51.2	0.7	0.7	0.1
140	37	529	2	171.9	0.6	0.6	0.1
140	38	754	2	144.5	0.8	0.8	0.2
140	39	432	2	62.7	0.7	0.7	0.2
140	40	249	3	72.6	0.7	0.7	0.3
140	41	444	2	117.4	0.7	0.7	0.1
140	42	580	3	175.3	0.7	0.7	0.1
140	43	982	8	195.7	0.7	0.7	0.2
140	44	1682	3	195.2	0.6	0.6	0.2
140	45	1492	3	418	0.7	0.7	0.2
140	46	1172	1	307.7	0.6	0.6	0.2
140	47	390	5	78.9	0.8	0.8	0.2
140	48	1010	5	255	0.6	0.6	0.2
140	49	821	2	164.4	0.8	0.8	0.2
140	50	449	6	84.1	0.7	0.7	0.3
140	51	1007	6	183.7	0.5	0.5	0.2
140	52	165	3	51.8	0.6	0.6	0.2
140	53	340	4	117.3	0.7	0.7	0.3
140	54	133	2	48.1	0.6	0.6	0.3
140	55	439	5	91.2	0.5	0.5	0
140	56	553	2	78.2	0.7	0.7	0.2
140	57	858	4	146.5	0.6	0.6	0.1
140	58	575	1	104.7	0.6	0.6	0.3
140	59	276	6	91.2	0.7	0.7	0.2
140	60	1222	2	183.3	0.7	0.7	0.3
140	61	248	5	70.5	0.6	0.6	0.3
140	62	209	8	70.5	0.8	0.8	0.2
140	63	757	17	230	0.6	0.6	0.1
140	64	404	5	100.7	0.7	0.7	0.2
140	65	303	12	105.8	0.6	0.6	0.1
140	66	1584	3	257.8	0.6	0.6	0.2
140	67	664	8	127.7	0.8	0.8	0.4
140	68	1357	1	251.1	0.8	0.8	0.3
140	69	419	11	101.3	0.6	0.6	0.1
140	70	705	2	196.5	0.6	0.6	0.2
140	71	1164	2	176.4	0.5	0.5	0.2
140	72	965	3	317.1	0.6	0.6	0.3
140	73	1434	1	290.8	0.5	0.5	0.1
140	74	1371	1	230.3	0.6	0.6	0.2
140	75	741	10	191.9	0.7	0.7	0.2
140	76	646	3	175.7	0.7	0.7	0.2
140	77	578	8	126.9	0.7	0.7	0.2
140	78	540	1	127.3	0.7	0.7	0.5
140	79	1210	1	175.2	0.6	0.6	0.3
140	80	754	4	280.6	0.6	0.6	0.2
140	81	1501	1	183.2	0.7	0.7	0.1
140	82	443	1	121	0.5	0.5	0.2
140	83	950	2	187.9	0.7	0.7	0.2
140	84	557	3	168.4	0.8	0.8	0.3
140	85	950	11	134	0.6	0.6	0.2
140	86	1673	11	244.2	0.6	0.6	0.1
140	87	643	7	168.2	0.9	0.9	0.3
140	88	1525	1	376.3	0.6	0.6	0.3
140	89	1204	2	324.5	0.7	0.7	0.2
140	90	1933	2	327.4	0.5	0.5	0.3
140	91	603	8	138.7	0.5	0.5	0.2
140	92	593	12	146.1	0.7	0.7	0.2
140	93	1629	4	299.9	0.6	0.6	0.2
140	94	1097	3	225.4	0.7	0.7	0.6
140	95	406	3	94.5	0.7	0.7	0.2
140	96	212	10	68.6	0.6	0.6	0.3
140	97	711	2	197.3	0.6	0.6	0.3
140	98	416	2	136	0.6	0.6	0.3
140	99	433	3	115.9	0.6	0.6	0.3
140	100	710	8	122.8	0.7	0.7	0.3
140	101	903	8	200.1	0.6	0.6	0.4
140	102	123	6	49.3	0.7	0.7	0.2
140	103	1466	8	264.5	0.7	0.7	0.1
140	104	703	3	145.2	0.6	0.6	0.4
140	105	678	2	161.3	0.7	0.7	0.3
140	106	1829	10	332.2	0.7	0.7	0.3
140	107	338	10	116.4	0.5	0.5	0.3
140	108	778	5	133.2	0.7	0.7	0.3
140	109	1085	2	168.9	0.7	0.7	0.3
140	110	345	3	107.7	0.6	0.6	0.2
140	111	910	2	255.2	0.7	0.7	0.2
140	112	280	7	73.3	0.7	0.7	0.3
140	113	1544	7	429.8	0.6	0.6	0.2
140	114	850	2	182.1	0.6	0.6	0.2
140	115	512	1	150.5	0.4	0.4	0.2
140	116	650	9	140.1	0.8	0.8	0.2
140	117	898	3	251.1	0.5	0.5	0.2
140	118	1362	12	251.4	0.6	0.6	0.2
140	119	1151	10	221.2	0.4	0.4	0.2
140	120	417	3	80	0.7	0.7	0.3
140	121	632	1	151.5	0.7	0.7	0.5
140	122	1345	2	271.1	0.7	0.7	0.2
140	123	300	6	95.3	0.8	0.8	0.2
140	124	1537	5	283.7	0.5	0.5	0.2
140	125	1215	1	230.3	0.7	0.7	0.3
140	126	973	6	274.7	0.7	0.7	0.2
140	127	886	3	152.9	0.4	0.4	0.3
140	128	2291	4	454.6	0.6	0.6	0.1
140	129	532	2	111.3	0.5	0.5	0.5
140	130	1108	1	230.1	0.6	0.6	0.4
140	131	166	9	41.7	0.7	0.7	0.1
140	132	1223	8	269.6	0.6	0.6	0.1
140	133	464	10	132.9	0.7	0.7	0.6
140	134	1174	5	268.9	0.7	0.7	0.4
140	135	548	2	153.2	0.6	0.6	0.1
140	136	782	3	182.1	0.6	0.6	0.4
140	137	415	1	119	0.6	0.6	0.1
140	138	926	11	210.4	0.7	0.7	0.2
140	139	1050	6	237.1	0.7	0.7	0.4
140	140	800	18	212.7	0.8	0.8	0.4
150	1	649	1	104.5	0.9	0.9	0
150	2	496	1	88.6	0.7	0.7	0
150	3	659	1	141.7	0.7	0.7	0
150	4	175	1	40.2	0.9	0.9	0
150	5	1849	2	198.2	0.7	0.7	0
150	6	695	1	153.4	0.8	0.8	0
150	7	437	1	82.8	0.8	0.8	0.1
150	8	249	2	63.4	0.7	0.7	0
150	9	367	1	92.3	0.9	0.9	0.1
150	10	166	1	45.7	0.8	0.8	0.1
150	11	186	1	44.8	0.7	0.7	0.1
150	12	823	2	103.6	0.8	0.8	0
150	13	434	1	97.6	0.8	0.8	0.2
150	14	270	2	90.3	0.9	0.9	0.1
150	15	206	1	60.4	0.7	0.7	0
150	16	764	2	110.5	0.9	0.9	0.1
150	17	729	1	112.8	0.9	0.9	0.3
150	18	385	2	74.5	0.9	0.9	0.1
150	19	176	2	40.7	0.8	0.8	0.3
150	20	162	3	46.6	0.8	0.8	0
150	21	115	2	40.5	0.8	0.8	0
150	22	508	2	94.8	0.6	0.6	0.1
150	23	136	3	44.3	0.9	0.9	0.1
150	24	2951	2	331.3	0.8	0.8	0
150	25	159	2	46.6	0.9	0.9	0.1
150	26	722	7	145	0.7	0.7	0
150	27	273	3	65.5	0.6	0.6	0.1
150	28	174	2	47.5	0.8	0.8	0.2
150	29	342	6	86.4	0.9	0.9	0.1
150	30	337	5	81	0.9	0.9	0
150	31	420	2	105.3	0.7	0.7	0.1
150	32	193	5	51.6	0.6	0.6	0.2
150	33	323	1	60	0.8	0.8	0.1
150	34	1444	1	182.2	0.7	0.7	0.3
150	35	314	6	77.4	0.7	0.7	0.1
150	36	143	2	55.9	0.9	0.9	0.5
150	37	323	3	85.4	0.7	0.7	0.2
150	38	1060	1	146.3	0.8	0.8	0.2
150	39	308	8	88.8	0.8	0.8	0.1
150	40	501	7	98.4	0.8	0.8	0.1
150	41	627	1	125.4	0.8	0.8	0.3
150	42	122	1	49.2	0.9	0.9	0.2
150	43	145	2	66	0.8	0.8	0.1
150	44	249	2	63.9	0.9	0.9	0.3
150	45	148	3	39.8	0.8	0.8	0.1
150	46	380	3	80	0.9	0.9	0.1
150	47	770	5	180.2	0.7	0.7	0.2
150	48	1140	3	165.5	0.8	0.8	0.2
150	49	324	4	82.5	0.6	0.6	0.2
150	50	420	11	125.5	0.8	0.8	0
150	51	190	8	40.3	0.6	0.6	0.3
150	52	651	1	158.7	0.6	0.6	0.3
150	53	184	1	73.2	0.9	0.9	0.4
150	54	1459	5	183.6	0.8	0.8	0.1
150	55	148	6	57.4	0.9	0.9	0.4
150	56	1786	3	209.5	0.8	0.8	0.2
150	57	187	4	58	0.8	0.8	0.1
150	58	826	3	133.1	0.8	0.8	0.1
150	59	120	4	43.1	0.7	0.7	0.2
150	60	522	3	91.2	0.8	0.8	0.3
150	61	162	2	75.6	0.9	0.9	0.2
150	62	1350	8	184.3	0.9	0.9	0.1
150	63	140	1	70.4	0.7	0.7	0.4
150	64	249	5	56.5	0.8	0.8	0.3
150	65	118	6	43.2	0.8	0.8	0.4
150	66	473	11	108.1	0.6	0.6	0.2
150	67	1664	3	248.6	0.7	0.7	0.3
150	68	1265	1	176.6	0.8	0.8	0.1
150	69	278	4	70.4	0.9	0.9	0.3
150	70	199	2	45.2	0.7	0.7	0.3
150	71	439	9	99.9	0.8	0.8	0.2
150	72	1343	3	170.3	0.8	0.8	0.3
150	73	388	1	111.2	0.8	0.8	0.3
150	74	2003	6	368.2	0.8	0.8	0.2
150	75	205	9	67.1	0.9	0.9	0.2
150	76	478	1	91.3	0.8	0.8	0.3
150	77	425	3	87.1	0.8	0.8	0.4
150	78	765	2	126.8	0.6	0.6	0.1
150	79	922	4	133.5	0.6	0.6	0
150	80	781	1	133.2	0.9	0.9	0.5
150	81	1358	1	218.5	0.6	0.6	0.3
150	82	240	2	77.7	0.9	0.9	0.2
150	83	677	4	117.1	0.6	0.6	0.1
150	84	508	3	122	0.5	0.5	0.2
150	85	1148	2	201.7	0.8	0.8	0.6
150	86	977	1	143.1	0.8	0.8	0.2
150	87	149	2	48.8	0.7	0.7	0.3
150	88	293	3	106.3	0.8	0.8	0.3
150	89	942	5	144.3	0.6	0.6	0.1
150	90	312	5	103.8	0.4	0.4	0.3
150	91	1249	7	150.6	0.7	0.7	0.4
150	92	996	4	181.4	0.6	0.6	0.3
150	93	396	10	124.4	0.8	0.8	0.3
150	94	145	1	70.7	0.9	0.9	0.5
150	95	928	1	183.5	0.8	0.8	0.2
150	96	183	6	55	0.9	0.9	0.4
150	97	164	1	73	0.9	0.9	0.4
150	98	1419	5	194.7	0.8	0.8	0.2
150	99	455	9	106.6	0.7	0.7	0.2
150	100	1385	8	312.4	0.7	0.7	0.3
150	101	280	1	57.2	0.7	0.7	0.4
150	102	703	5	97.7	0.6	0.6	0.3
150	103	365	1	89.3	0.9	0.9	0.6
150	104	884	8	127.2	0.6	0.6	0.1
150	105	828	9	165.9	0.5	0.5	0.1
150	106	849	3	132	0.8	0.8	0.2
150	107	479	6	113.5	0.6	0.6	0.1
150	108	165	7	54.7	0.8	0.8	0.4
150	109	146	4	71.8	0.9	0.9	0.4
150	110	146	4	48.7	0.8	0.8	0.3
150	111	484	10	106.6	0.8	0.8	0
150	112	889	2	134.9	1	1	0.4
150	113	129	5	58.2	0.7	0.7	0.2
150	114	347	9	79.7	0.6	0.6	0.3
150	115	508	2	122.2	0.8	0.8	0.4
150	116	399	4	80.6	0.6	0.6	0.5
150	117	219	3	64.3	0.8	0.8	0.4
150	118	742	2	110.4	0.9	0.9	0.5
150	119	1597	6	274.7	0.6	0.6	0.1
150	120	122	1	43	0.7	0.7	0.4
150	121	1476	2	209.4	0.7	0.7	0.3
150	122	156	1	62.6	0.9	0.9	0.4
150	123	301	3	92.6	0.8	0.8	0.6
150	124	148	3	50.7	0.8	0.8	0.5
150	125	788	4	121.3	0.8	0.8	0.5
150	126	381	3	99	0.8	0.8	0.1
150	127	881	7	162.3	0.7	0.7	0.3
150	128	2683	1	332.1	0.9	0.9	0.7
150	129	353	15	117.4	0.9	0.9	0.3
150	130	380	1	119.1	0.7	0.7	0.5
150	131	700	3	213.7	0.6	0.6	0.1
150	132	1202	6	167.8	0.8	0.8	0.5
150	133	234	8	82.2	0.8	0.8	0.2
150	134	1718	3	222.2	0.8	0.8	0.4
150	135	167	3	69.2	0.7	0.7	0.3
150	136	266	2	67.3	0.7	0.7	0.3
150	137	482	4	94.1	0.6	0.6	0.3
150	138	154	3	54	0.7	0.7	0.4
150	139	1072	5	176.3	0.8	0.8	0.2
150	140	276	4	73.7	0.6	0.6	0.3
150	141	109	1	49.3	0.8	0.8	0.3
150	142	1374	1	282.9	0.7	0.7	0.4
150	143	868	4	122.6	0.8	0.8	0.5
150	144	114	2	42.7	0.8	0.8	0.4
150	145	648	11	122.5	0.7	0.7	0.5
150	146	312	4	74.5	0.8	0.8	0.7
150	147	236	7	71	0.7	0.7	0.4
150	148	393	11	81.6	0.9	0.9	0.7
150	149	522	5	114.8	0.8	0.8	0.4
150	150	525	3	96.2	0.8	0.8	0.4
160	1	1220	1	339.1	0.4	0.4	0
160	2	1175	1	302.8	0.4	0.4	0
160	3	1208	1	200.3	0.4	0.4	0
160	4	1668	2	526.8	0.3	0.3	0
160	5	1088	2	293.3	0.4	0.4	0
160	6	1013	1	229.1	0.3	0.3	0.1
160	7	1140	2	243.8	0.4	0.4	0
160	8	719	3	204.2	0.2	0.2	0
160	9	563	1	210.3	0.4	0.4	0
160	10	661	1	237.7	0.3	0.3	0.1
160	11	904	2	222.7	0.3	0.3	0.1
160	12	745	5	238.9	0.4	0.4	0
160	13	506	3	158.8	0.4	0.4	0
160	14	1071	2	308.4	0.3	0.3	0
160	15	899	2	362.2	0.3	0.3	0
160	16	771	6	251.6	0.5	0.5	0
160	17	639	2	260.3	0.3	0.3	0
160	18	445	3	154.7	0.3	0.3	0.1
160	19	1376	2	320.2	0.4	0.4	0.3
160	20	832	3	263.3	0.4	0.4	0
160	21	1300	5	333.8	0.4	0.4	0
160	22	446	3	146.6	0.4	0.4	0.1
160	23	412	1	155.4	0.4	0.4	0.2
160	24	902	6	287.1	0.5	0.5	0
160	25	507	4	150.6	0.3	0.3	0
160	26	257	1	81.5	0.3	0.3	0.2
160	27	1124	4	411.3	0.3	0.3	0.1
160	28	948	3	165.8	0.5	0.5	0.1
160	29	621	5	168	0.4	0.4	0
160	30	3029	5	514.1	0.3	0.3	0
160	31	1691	3	306.8	0.2	0.2	0
160	32	965	3	236.2	0.4	0.4	0.2
160	33	835	1	338	0.2	0.2	0
160	34	1373	1	438.1	0.3	0.3	0.1
160	35	2435	2	532.6	0.2	0.2	0
160	36	618	4	200.9	0.4	0.4	0.1
160	37	1750	4	544.3	0.4	0.4	0
160	38	1119	2	213.5	0.5	0.5	0.1
160	39	1577	4	364.2	0.3	0.3	0
160	40	1295	4	411.5	0.4	0.4	0
160	41	1125	7	378.2	0.5	0.5	0.1
160	42	1191	2	298.7	0.4	0.4	0.2
160	43	248	10	78.1	0.5	0.5	0.2
160	44	1220	5	350.7	0.5	0.5	0.1
160	45	1092	10	373.5	0.3	0.3	0
160	46	773	4	265.2	0.4	0.4	0.1
160	47	1432	1	391.1	0.4	0.4	0.1
160	48	635	5	285.5	0.2	0.2	0
160	49	1186	10	356.2	0.5	0.5	0.1
160	50	2459	6	677.8	0.3	0.3	0.1
160	51	3026	5	513.6	0.4	0.4	0.4
160	52	221	5	82	0.4	0.4	0.2
160	53	849	7	287.5	0.5	0.5	0.2
160	54	991	9	361.8	0.4	0.4	0
160	55	877	8	214.5	0.3	0.3	0.1
160	56	959	1	259.1	0.3	0.3	0
160	57	1848	2	504.7	0.4	0.4	0.1
160	58	984	3	221	0.5	0.5	0.1
160	59	1581	1	390.3	0.5	0.5	0.4
160	60	3538	4	600.6	0.4	0.4	0.1
160	61	743	1	270.3	0.4	0.4	0.2
160	62	588	4	204.2	0.4	0.4	0.1
160	63	1209	4	283.8	0.3	0.3	0.1
160	64	1366	2	471.4	0.4	0.4	0.1
160	65	1356	3	473.6	0.3	0.3	0.1
160	66	485	12	167.9	0.5	0.5	0.1
160	67	615	11	215.9	0.4	0.4	0
160	68	629	1	185.6	0.3	0.3	0.2
160	69	1531	1	518.8	0.4	0.4	0.1
160	70	817	5	397.2	0.2	0.2	0.1
160	71	1310	12	301.7	0.6	0.6	0.4
160	72	1172	4	413.6	0.3	0.3	0
160	73	777	4	222.3	0.3	0.3	0.2
160	74	1281	4	430	0.2	0.2	0.1
160	75	771	6	221.7	0.3	0.3	0.1
160	76	505	12	184.9	0.3	0.3	0
160	77	1341	6	560.3	0.4	0.4	0
160	78	731	3	289.4	0.5	0.5	0.2
160	79	905	3	263.7	0.4	0.4	0.2
160	80	1008	4	370.9	0.3	0.3	0.1
160	81	3489	7	679.3	0.4	0.4	0.1
160	82	2712	8	671.2	0.5	0.5	0.1
160	83	1156	2	314.6	0.3	0.3	0.2
160	84	584	8	234.1	0.4	0.4	0.2
160	85	720	2	272.7	0.3	0.3	0.1
160	86	794	7	181.4	0.4	0.4	0
160	87	721	14	187.6	0.4	0.4	0.1
160	88	630	17	236.8	0.4	0.4	0.1
160	89	1794	1	502.1	0.3	0.3	0.2
160	90	1796	3	450.1	0.4	0.4	0.1
160	91	1285	8	309.5	0.3	0.3	0.2
160	92	1054	1	318.6	0.3	0.3	0.1
160	93	981	5	357.4	0.3	0.3	0.3
160	94	1229	6	373.5	0.3	0.3	0
160	95	1916	6	495.2	0.7	0.7	0.2
160	96	860	6	271.2	0.3	0.3	0.1
160	97	1505	7	398.2	0.2	0.2	0
160	98	2848	6	467.1	0.3	0.3	0.2
160	99	1163	10	375.1	0.2	0.2	0
160	100	1175	2	439.7	0.2	0.2	0
160	101	1324	6	417.1	0.2	0.2	0.2
160	102	1219	13	320.3	0.4	0.4	0.1
160	103	634	6	230.1	0.2	0.2	0
160	104	1272	20	371.7	0.3	0.3	0
160	105	1581	1	336.3	0.4	0.4	0.1
160	106	1000	14	278.9	0.3	0.3	0.2
160	107	599	5	170.4	0.3	0.3	0.2
160	108	856	10	239.1	0.3	0.3	0.2
160	109	1368	11	292.2	0.2	0.2	0
160	110	801	3	201.9	0.3	0.3	0.2
160	111	848	11	222.1	0.3	0.3	0.2
160	112	870	17	298.5	0.3	0.3	0.1
160	113	1548	13	624.6	0.3	0.3	0
160	114	625	8	278.7	0.3	0.3	0.2
160	115	1933	14	416.2	0.3	0.3	0.2
160	116	1003	10	331.8	0.3	0.3	0
160	117	312	1	77.4	0.4	0.4	0.3
160	118	928	6	225.8	0.3	0.3	0.3
160	119	2057	5	343.4	0.3	0.3	0
160	120	583	4	216.7	0.3	0.3	0
160	121	879	11	336.1	0.4	0.4	0.2
160	122	1080	5	331.7	0.3	0.3	0.2
160	123	3361	5	555.4	0.2	0.2	0.1
160	124	651	6	190.6	0.6	0.6	0.1
160	125	1134	2	285.2	0.2	0.2	0.1
160	126	2292	1	780.8	0.1	0.1	0
160	127	952	3	310.6	0.2	0.2	0.2
160	128	844	4	204.3	0.5	0.5	0
160	129	1565	4	435.5	0.3	0.3	0.2
160	130	811	8	227.7	0.5	0.5	0.4
160	131	1819	16	356.4	0.4	0.4	0.1
160	132	2068	9	539.2	0.3	0.3	0.1
160	133	888	5	321.1	0.2	0.2	0.2
160	134	1190	4	285.2	0.3	0.3	0.3
160	135	823	12	366.4	0.3	0.3	0.1
160	136	453	13	152.4	0.4	0.4	0.1
160	137	1115	4	470.7	0.3	0.3	0.2
160	138	947	10	342.5	0.4	0.4	0.3
160	139	836	4	318.1	0.2	0.2	0.2
160	140	922	19	311.6	0.4	0.4	0
160	141	1194	6	368.7	0.4	0.4	0.3
160	142	700	15	275	0.2	0.2	0.1
160	143	499	17	223.8	0.2	0.2	0.1
160	144	2002	6	640.2	0.2	0.2	0.1
160	145	1123	15	196.1	0.3	0.3	0.1
160	146	1323	3	344.6	0.3	0.3	0.1
160	147	1768	12	473	0.3	0.3	0
160	148	971	7	276.5	0.5	0.5	0.1
160	149	2876	11	531.6	0.4	0.4	0.3
160	150	1834	6	448.9	0.4	0.4	0.1
160	151	1222	12	444.6	0.3	0.3	0.3
160	152	934	20	360.3	0.3	0.3	0.2
160	153	2289	9	595.4	0.3	0.3	0.2
160	154	730	13	251	0.3	0.3	0.1
160	155	866	5	273.2	0.4	0.4	0.3
160	156	1217	5	246.7	0.3	0.3	0.2
160	157	853	23	360.7	0.4	0.4	0
160	158	1559	2	382.5	0.3	0.3	0.2
160	159	2078	1	527.2	0.4	0.4	0.3
160	160	1027	3	398	0.4	0.4	0.2
170	1	172	1	36.4	0.9	0.9	0
170	2	121	1	28	0.7	0.7	0
170	3	231	1	44.6	0.7	0.7	0
170	4	2775	1	298.5	0.9	0.9	0
170	5	589	1	84.8	0.7	0.7	0
170	6	1193	1	173	0.8	0.8	0
170	7	324	1	77.2	0.8	0.8	0
170	8	893	2	163.6	0.7	0.7	0.1
170	9	829	2	127.7	0.8	0.8	0
170	10	329	1	55.2	0.9	0.9	0.3
170	11	774	2	121.4	0.7	0.7	0
170	12	482	2	69.1	0.9	0.9	0
170	13	299	2	46.4	0.8	0.8	0
170	14	870	1	105.5	0.9	0.9	0
170	15	752	1	102.6	0.8	0.8	0.2
170	16	253	1	39.4	0.9	0.9	0.1
170	17	463	2	72.6	0.8	0.8	0.1
170	18	1507	2	194.3	0.7	0.7	0.1
170	19	1217	2	254.8	0.7	0.7	0.1
170	20	239	3	49	0.8	0.8	0.3
170	21	134	2	30	0.8	0.8	0
170	22	679	3	129.8	0.8	0.8	0.1
170	23	308	3	48.8	0.9	0.9	0.1
170	24	829	2	140.5	0.7	0.7	0.2
170	25	1757	2	261.7	0.7	0.7	0.3
170	26	532	3	103.4	0.7	0.7	0.2
170	27	472	3	83.3	0.7	0.7	0
170	28	849	3	141.3	0.7	0.7	0.1
170	29	161	4	33.4	0.7	0.7	0.1
170	30	491	3	73.9	0.6	0.6	0.2
170	31	1473	3	260.2	0.9	0.9	0.1
170	32	681	4	122.9	0.8	0.8	0
170	33	663	3	142	0.7	0.7	0
170	34	763	5	118.8	0.6	0.6	0.1
170	35	1225	2	142.8	0.8	0.8	0.3
170	36	634	1	97.6	0.7	0.7	0.4
170	37	1311	4	220	0.6	0.6	0.2
170	38	294	2	58.2	0.8	0.8	0.3
170	39	541	2	150.2	0.7	0.7	0.2
170	40	474	3	107.3	0.8	0.8	0
170	41	235	4	61.8	0.4	0.4	0.1
170	42	970	3	136	0.7	0.7	0.3
170	43	866	6	132.8	0.7	0.7	0.1
170	44	322	2	75.8	0.6	0.6	0.2
170	45	114	2	34.8	0.9	0.9	0.4
170	46	441	5	110.3	0.6	0.6	0.1
170	47	2187	2	390.5	0.7	0.7	0.4
170	48	92	2	26.4	0.9	0.9	0.3
170	49	803	3	124.2	0.8	0.8	0.1
170	50	3001	7	441.7	0.9	0.9	0.1
170	51	169	4	43.1	0.7	0.7	0.4
170	52	872	4	206.9	0.7	0.7	0.1
170	53	636	3	153.3	0.8	0.8	0.4
170	54	350	4	83.6	0.4	0.4	0.1
170	55	1481	4	230.9	0.8	0.8	0.3
170	56	1588	2	243.8	0.6	0.6	0.2
170	57	2183	4	248.9	0.7	0.7	0.3
170	58	610	6	90.2	0.7	0.7	0.2
170	59	622	4	107.9	0.7	0.7	0.4
170	60	1052	1	240.4	0.7	0.7	0.2
170	61	341	7	69.8	0.7	0.7	0.3
170	62	521	4	118	0.7	0.7	0.2
170	63	605	1	120.2	0.6	0.6	0.3
170	64	686	3	206.9	0.6	0.6	0.2
170	65	463	2	95.7	0.6	0.6	0.3
170	66	212	1	59.4	0.7	0.7	0.5
170	67	512	5	119.7	0.7	0.7	0.1
170	68	835	6	224.1	0.7	0.7	0
170	69	758	1	125.5	0.8	0.8	0.3
170	70	568	5	91.7	0.7	0.7	0.2
170	71	1607	5	269.6	0.7	0.7	0.3
170	72	192	5	71.6	0.7	0.7	0.2
170	73	1109	2	155	0.8	0.8	0.3
170	74	1251	10	223.8	0.4	0.4	0.2
170	75	1234	6	267	0.7	0.7	0.1
170	76	1134	4	154.7	0.8	0.8	0.3
170	77	468	1	87.3	0.6	0.6	0.3
170	78	271	7	64.3	0.7	0.7	0
170	79	128	2	30.4	0.9	0.9	0.4
170	80	686	9	147	0.6	0.6	0.1
170	81	247	5	80.5	0.6	0.6	0.2
170	82	662	4	171.6	0.8	0.8	0.3
170	83	266	1	61.1	0.7	0.7	0.3
170	84	619	1	146.4	0.7	0.7	0.3
170	85	177	7	56.3	0.8	0.8	0.4
170	86	631	12	178.9	0.6	0.6	0.2
170	87	441	4	109	0.7	0.7	0.3
170	88	2106	3	293.7	0.8	0.8	0.5
170	89	696	2	105.6	0.6	0.6	0.3
170	90	729	11	143.8	0.6	0.6	0.3
170	91	273	1	61.8	0.6	0.6	0.3
170	92	491	2	81.4	0.9	0.9	0.3
170	93	751	1	140.9	0.8	0.8	0.3
170	94	885	4	127.6	0.6	0.6	0.3
170	95	2372	3	377.5	0.7	0.7	0.2
170	96	450	3	125.3	0.8	0.8	0.2
170	97	164	1	65.9	0.6	0.6	0.2
170	98	422	1	139.5	0.6	0.6	0.3
170	99	1036	3	210.2	0.8	0.8	0.2
170	100	291	1	74.9	0.7	0.7	0.6
170	101	480	3	107.5	0.6	0.6	0.4
170	102	912	7	142.3	0.7	0.7	0.4
170	103	1028	1	181	0.8	0.8	0.4
170	104	1217	2	148.6	0.8	0.8	0.5
170	105	914	9	148	0.6	0.6	0.2
170	106	614	4	98.7	0.6	0.6	0.4
170	107	180	1	38.7	0.7	0.7	0.3
170	108	897	1	332.6	0.4	0.4	0
170	109	852	1	103.6	0.6	0.6	0.4
170	110	1487	10	307.7	0.5	0.5	0.5
170	111	733	4	151.7	0.5	0.5	0.1
170	112	1268	4	237	0.5	0.5	0.3
170	113	1199	6	191	0.6	0.6	0.2
170	114	1248	4	160.2	0.8	0.8	0.1
170	115	1222	8	196.4	0.8	0.8	0.3
170	116	188	2	33.9	0.7	0.7	0.5
170	117	592	3	119.1	0.6	0.6	0.1
170	118	489	3	82	0.6	0.6	0.3
170	119	284	3	90.7	0.8	0.8	0.2
170	120	168	3	34.4	0.7	0.7	0.5
170	121	489	1	132.5	0.6	0.6	0.4
170	122	1496	1	234.2	0.5	0.5	0.5
170	123	940	7	196.7	0.6	0.6	0
170	124	916	1	131.2	0.6	0.6	0.2
170	125	599	1	91.8	0.8	0.8	0.6
170	126	2162	4	332.8	0.7	0.7	0.3
170	127	401	1	88	0.7	0.7	0.4
170	128	549	9	132.4	0.7	0.7	0.4
170	129	316	4	77.3	0.8	0.8	0.5
170	130	685	3	144.3	0.8	0.8	0.5
170	131	358	4	77.2	0.6	0.6	0.5
170	132	1216	1	201	0.8	0.8	0.4
170	133	875	10	242.6	0.7	0.7	0.2
170	134	736	1	170.7	0.7	0.7	0.3
170	135	1146	6	189.5	0.7	0.7	0.4
170	136	1229	5	163.2	0.8	0.8	0.4
170	137	366	3	87.1	0.7	0.7	0.5
170	138	142	1	45.6	0.6	0.6	0.2
170	139	339	1	97.9	0.7	0.7	0.2
170	140	1063	2	123.2	0.8	0.8	0.5
170	141	1033	1	177.1	0.8	0.8	0.4
170	142	452	2	122.6	0.7	0.7	0.3
170	143	1621	4	196.7	0.7	0.7	0.4
170	144	1002	11	221	0.8	0.8	0.4
170	145	674	5	191.1	0.5	0.5	0.2
170	146	1518	4	258.4	0.6	0.6	0.3
170	147	332	4	98.2	0.6	0.6	0.1
170	148	1263	9	272.1	0.5	0.5	0.2
170	149	705	4	119.2	0.7	0.7	0.2
170	150	488	6	109.1	0.6	0.6	0.3
170	151	370	2	101	0.5	0.5	0.5
170	152	1357	2	184.5	0.7	0.7	0.4
170	153	2086	2	394.8	0.6	0.6	0.2
170	154	585	6	133.5	0.7	0.7	0.4
170	155	1189	9	257.4	0.7	0.7	0.3
170	156	394	1	126.4	0.8	0.8	0.4
170	157	1049	3	201.9	0.6	0.6	0.3
170	158	1283	1	288.3	0.6	0.6	0.2
170	159	1117	3	242.9	0.6	0.6	0.4
170	160	608	8	105.3	0.6	0.6	0.5
170	161	91	1	31.6	0.8	0.8	0.5
170	162	556	4	99.7	0.7	0.7	0.3
170	163	1416	1	204	0.5	0.5	0.3
170	164	1399	1	314.1	0.4	0.4	0.4
170	165	641	10	210	0.4	0.4	0.3
170	166	120	1	29	0.9	0.9	0.5
170	167	114	1	39.8	0.7	0.7	0.4
170	168	690	6	133.1	0.4	0.4	0.3
170	169	205	6	64.8	0.6	0.6	0.4
170	170	536	14	170.2	0.4	0.4	0.2
180	1	674	1	178.5	0.6	0.6	0
180	2	744	1	140.3	0.6	0.6	0
180	3	819	1	147.1	0.7	0.7	0
180	4	1325	1	211.2	0.5	0.5	0.1
180	5	562	1	120.1	0.6	0.6	0.1
180	6	462	1	100.5	0.6	0.6	0.1
180	7	1282	1	189.2	0.5	0.5	0
180	8	411	2	83.2	0.6	0.6	0
180	9	809	1	178.7	0.6	0.6	0
180	10	822	1	200.5	0.7	0.7	0.2
180	11	1500	2	214.5	0.5	0.5	0
180	12	877	1	197.7	0.6	0.6	0.1
180	13	2053	2	414.9	0.6	0.6	0
180	14	613	1	133.2	0.8	0.8	0
180	15	566	2	140	0.6	0.6	0
180	16	436	1	117.5	0.7	0.7	0.2
180	17	802	2	199.4	0.6	0.6	0.3
180	18	566	2	118.5	0.5	0.5	0.1
180	19	547	1	124	0.7	0.7	0.2
180	20	1156	2	415.5	0.5	0.5	0.1
180	21	992	4	152.5	0.6	0.6	0.1
180	22	586	1	142.3	0.6	0.6	0.2
180	23	1151	2	189	0.7	0.7	0.1
180	24	282	1	91.5	0.5	0.5	0.2
180	25	1128	2	279.6	0.4	0.4	0.2
180	26	256	1	85.5	0.5	0.5	0.2
180	27	914	3	241	0.7	0.7	0.3
180	28	1187	4	255.9	0.5	0.5	0.1
180	29	2467	3	391.9	0.7	0.7	0.1
180	30	821	1	227.3	0.7	0.7	0.5
180	31	502	1	138	0.6	0.6	0.1
180	32	1116	2	168.4	0.6	0.6	0.2
180	33	786	3	226.6	0.6	0.6	0.3
180	34	2234	2	276.3	0.7	0.7	0.1
180	35	355	4	122.6	0.6	0.6	0.3
180	36	2347	1	331.2	0.7	0.7	0.2
180	37	1106	2	284.5	0.6	0.6	0.2
180	38	1069	4	192.4	0.6	0.6	0
180	39	1176	4	240.7	0.4	0.4	0.1
180	40	713	1	222.1	0.6	0.6	0.2
180	41	1369	3	168.4	0.6	0.6	0.2
180	42	1372	3	302.8	0.6	0.6	0.2
180	43	951	3	225.7	0.5	0.5	0.2
180	44	938	6	279.7	0.4	0.4	0.2
180	45	1116	1	195.5	0.5	0.5	0.3
180	46	930	1	309.6	0.4	0.4	0.3
180	47	416	2	165.5	0.4	0.4	0.2
180	48	919	2	248.8	0.5	0.5	0.1
180	49	1260	2	373.7	0.5	0.5	0.2
180	50	728	4	181.7	0.5	0.5	0.3
180	51	492	1	180.8	0.6	0.6	0.3
180	52	417	2	129.5	0.5	0.5	0.2
180	53	201	2	60.7	0.6	0.6	0.4
180	54	535	1	170.3	0.6	0.6	0.2
180	55	394	1	114.9	0.5	0.5	0.2
180	56	668	3	217.3	0.6	0.6	0.1
180	57	492	3	217.6	0.5	0.5	0.3
180	58	782	8	152.6	0.4	0.4	0
180	59	933	3	249.2	0.4	0.4	0.3
180	60	1451	4	276.2	0.6	0.6	0.2
180	61	1609	5	261.5	0.7	0.7	0.1
180	62	601	1	154.7	0.5	0.5	0.4
180	63	1381	1	235.9	0.5	0.5	0.3
180	64	861	2	163.7	0.5	0.5	0.2
180	65	862	6	197	0.5	0.5	0.2
180	66	711	3	209	0.6	0.6	0
180	67	207	8	74.6	0.6	0.6	0.1
180	68	1327	5	378.8	0.4	0.4	0.2
180	69	1921	1	419	0.5	0.5	0.2
180	70	997	4	198.9	0.5	0.5	0.2
180	71	396	4	113.5	0.6	0.6	0.1
180	72	804	1	223.2	0.6	0.6	0.3
180	73	2356	4	340.1	0.5	0.5	0.1
180	74	2732	7	546.2	0.5	0.5	0.2
180	75	1154	2	292.3	0.6	0.6	0.4
180	76	476	4	137.6	0.5	0.5	0.1
180	77	667	3	200.8	0.6	0.6	0.4
180	78	967	1	316.2	0.7	0.7	0.6
180	79	594	2	201.3	0.7	0.7	0.4
180	80	481	1	91.4	0.5	0.5	0.5
180	81	577	2	132.9	0.7	0.7	0.4
180	82	991	5	276.9	0.4	0.4	0.1
180	83	469	3	144.8	0.6	0.6	0.2
180	84	1170	3	253	0.5	0.5	0.3
180	85	872	1	153.2	0.5	0.5	0.2
180	86	231	3	82.1	0.6	0.6	0.2
180	87	424	4	92.8	0.6	0.6	0.2
180	88	1599	4	287.2	0.6	0.6	0.1
180	89	1301	4	302.4	0.6	0.6	0.3
180	90	1350	1	241.4	0.6	0.6	0.5
180	91	1195	2	216	0.6	0.6	0.2
180	92	472	6	167.9	0.6	0.6	0.4
180	93	498	2	126.9	0.5	0.5	0.3
180	94	1738	8	339.4	0.5	0.5	0.1
180	95	710	2	190	0.5	0.5	0.4
180	96	1341	1	358.5	0.7	0.7	0.4
180	97	587	1	152.4	0.5	0.5	0.2
180	98	1481	4	399.9	0.6	0.6	0.2
180	99	566	3	180.4	0.5	0.5	0.3
180	100	588	2	115.9	0.5	0.5	0.5
180	101	853	6	292.2	0.6	0.6	0.4
180	102	1149	7	364.4	0.4	0.4	0.3
180	103	1148	7	224.9	0.5	0.5	0.3
180	104	1959	1	250.1	0.6	0.6	0.4
180	105	973	1	239.8	0.6	0.6	0.4
180	106	970	4	230.9	0.7	0.7	0.3
180	107	1249	1	187	0.6	0.6	0.4
180	108	895	4	225.7	0.5	0.5	0.5
180	109	1574	1	295.2	0.5	0.5	0.3
180	110	1129	5	287.5	0.4	0.4	0.3
180	111	574	2	94.4	0.6	0.6	0.5
180	112	2524	7	457.9	0.5	0.5	0
180	113	550	6	228.2	0.6	0.6	0.3
180	114	379	6	117.8	0.2	0.2	0.1
180	115	945	4	248.3	0.4	0.4	0
180	116	911	2	202.5	0.5	0.5	0.3
180	117	1382	4	284.1	0.7	0.7	0.3
180	118	1216	5	311.3	0.4	0.4	0.2
180	119	1386	1	213.4	0.6	0.6	0.4
180	120	677	1	249.8	0.5	0.5	0.3
180	121	1618	1	389.5	0.4	0.4	0.2
180	122	1026	5	188.8	0.5	0.5	0.4
180	123	916	4	197.8	0.4	0.4	0.2
180	124	773	6	149.4	0.6	0.6	0.2
180	125	798	8	242.7	0.4	0.4	0.1
180	126	1080	4	202.2	0.5	0.5	0.2
180	127	685	4	268.4	0.6	0.6	0.3
180	128	577	8	202.8	0.7	0.7	0.4
180	129	398	1	103.3	0.6	0.6	0.4
180	130	1361	6	312.9	0.6	0.6	0.4
180	131	848	3	275.2	0.6	0.6	0.3
180	132	939	2	298.3	0.7	0.7	0.3
180	133	1144	1	187.1	0.6	0.6	0.4
180	134	550	3	123.7	0.6	0.6	0.4
180	135	569	3	142.9	0.6	0.6	0.2
180	136	706	1	220.4	0.5	0.5	0.5
180	137	1963	2	383.9	0.5	0.5	0.1
180	138	2891	1	504.2	0.5	0.5	0.2
180	139	1680	11	279.3	0.5	0.5	0.3
180	140	1018	6	246	0.5	0.5	0.2
180	141	1037	2	324.5	0.6	0.6	0.1
180	142	828	6	224.9	0.5	0.5	0.1
180	143	384	11	196.1	0.4	0.4	0.1
180	144	1205	3	392.4	0.4	0.4	0.3
180	145	824	2	184.6	0.5	0.5	0.4
180	146	743	2	236.9	0.6	0.6	0.4
180	147	1580	3	377.6	0.5	0.5	0.3
180	148	448	4	194	0.3	0.3	0.2
180	149	307	3	105.9	0.5	0.5	0.3
180	150	526	3	126.3	0.6	0.6	0.5
180	151	2540	1	313.4	0.6	0.6	0.5
180	152	941	1	303.5	0.6	0.6	0.3
180	153	553	5	193.1	0.5	0.5	0.2
180	154	1605	1	365.3	0.5	0.5	0.4
180	155	1036	2	315.9	0.4	0.4	0.2
180	156	1094	4	162.7	0.5	0.5	0.3
180	157	1511	3	259.7	0.5	0.5	0.4
180	158	1028	3	277.6	0.5	0.5	0.3
180	159	604	1	150.4	0.5	0.5	0.4
180	160	978	8	184.8	0.7	0.7	0.3
180	161	570	11	153.2	0.6	0.6	0.3
180	162	722	1	205.1	0.5	0.5	0.3
180	163	792	14	208.4	0.5	0.5	0.3
180	164	946	9	167.3	0.7	0.7	0.6
180	165	1864	1	326.1	0.7	0.7	0.6
180	166	523	2	216.6	0.7	0.7	0.5
180	167	1159	12	384.2	0.5	0.5	0.3
180	168	979	3	309.4	0.5	0.5	0.4
180	169	1087	7	208.3	0.6	0.6	0.2
180	170	963	2	266.3	0.6	0.6	0.3
180	171	1293	1	346.4	0.8	0.8	0.6
180	172	893	1	262.9	0.4	0.4	0.2
180	173	355	1	74.5	0.5	0.5	0.4
180	174	596	4	197.4	0.4	0.4	0.3
180	175	2736	4	402.6	0.5	0.5	0.3
180	176	1454	2	306.8	0.6	0.6	0.5
180	177	1876	1	393.2	0.5	0.5	0.2
180	178	681	5	107.2	0.5	0.5	0.3
180	179	436	1	100.5	0.5	0.5	0.3
180	180	1111	7	282.3	0.5	0.5	0.2
190	1	503	1	99.6	0.8	0.8	0
190	2	617	1	132.3	0.6	0.6	0.1
190	3	267	1	96.8	0.6	0.6	0
190	4	156	1	55.9	0.6	0.6	0
190	5	560	2	122	0.8	0.8	0
190	6	290	3	102.3	0.8	0.8	0
190	7	433	3	91	0.7	0.7	0.1
190	8	327	2	114.7	0.7	0.7	0
190	9	771	2	128.7	0.7	0.7	0
190	10	326	5	78.7	0.7	0.7	0
190	11	313	3	82.9	0.7	0.7	0
190	12	878	1	150.6	0.6	0.6	0
190	13	695	1	232.2	0.7	0.7	0.1
190	14	806	7	176.1	0.6	0.6	0
190	15	527	6	128.2	0.8	0.8	0.1
190	16	282	2	97.8	0.6	0.6	0
190	17	549	4	130.6	0.6	0.6	0
190	18	248	3	85.1	0.7	0.7	0
190	19	768	2	181.4	0.8	0.8	0
190	20	682	5	150.9	0.7	0.7	0.1
190	21	676	2	152.1	0.6	0.6	0
190	22	742	2	153.7	0.6	0.6	0
190	23	524	1	156.9	0.6	0.6	0.2
190	24	629	7	124	0.5	0.5	0.1
190	25	1117	8	196	0.7	0.7	0.2
190	26	407	4	96.5	0.7	0.7	0
190	27	1156	4	166	0.6	0.6	0
190	28	766	5	171.1	0.2	0.2	0.1
190	29	260	4	87.5	0.7	0.7	0.2
190	30	228	6	108.2	0.8	0.8	0.2
190	31	1166	5	205.9	0.8	0.8	0
190	32	565	6	116.8	0.6	0.6	0.1
190	33	1457	6	218.4	0.6	0.6	0
190	34	3355	4	390	0.5	0.5	0.1
190	35	1574	8	300.3	0.7	0.7	0
190	36	717	1	135.9	0.6	0.6	0.2
190	37	154	3	64.8	0.8	0.8	0.2
190	38	147	1	72.4	0.8	0.8	0.3
190	39	609	4	151.4	0.5	0.5	0.1
190	40	1478	6	298.5	0.6	0.6	0.1
190	41	1785	8	246.1	0.6	0.6	0.1
190	42	991	3	255.9	0.7	0.7	0.1
190	43	1371	3	232.8	0.7	0.7	0
190	44	3137	6	423	0.6	0.6	0
190	45	339	4	110.8	0.9	0.9	0.2
190	46	997	4	226.6	0.6	0.6	0.1
190	47	888	5	261.5	0.7	0.7	0.1
190	48	342	3	121.9	0.7	0.7	0.1
190	49	171	4	85.2	0.6	0.6	0.1
190	50	138	10	63.6	0.5	0.5	0.2
190	51	316	5	102.2	0.6	0.6	0
190	52	210	6	77.9	0.8	0.8	0.1
190	53	321	8	110.5	0.6	0.6	0
190	54	1101	4	226.2	0.7	0.7	0.4
190	55	918	3	164.7	0.6	0.6	0.2
190	56	1926	13	303.2	0.7	0.7	0.2
190	57	706	2	118.6	0.6	0.6	0.1
190	58	668	5	156.6	0.7	0.7	0.5
190	59	915	13	161.9	0.8	0.8	0.2
190	60	1354	2	200.7	0.6	0.6	0.1
190	61	1985	11	329.6	0.7	0.7	0.1
190	62	1160	12	175.7	0.5	0.5	0.2
190	63	977	6	200.2	0.7	0.7	0.2
190	64	1549	7	249.7	0.7	0.7	0.1
190	65	1251	7	187.8	0.7	0.7	0.2
190	66	626	16	131.4	0.6	0.6	0
190	67	1490	12	269.2	0.4	0.4	0
190	68	362	10	112.1	0.7	0.7	0.1
190	69	344	11	123.1	0.7	0.7	0.2
190	70	1551	9	209.7	0.5	0.5	0
190	71	284	10	124	0.6	0.6	0.1
190	72	894	5	206.8	0.7	0.7	0.2
190	73	343	9	94	0.7	0.7	0.1
190	74	544	4	131.9	0.7	0.7	0.1
190	75	198	2	84.9	0.6	0.6	0.1
190	76	336	9	94.9	0.7	0.7	0.1
190	77	390	5	82.6	0.6	0.6	0.1
190	78	347	4	87	0.6	0.6	0.1
190	79	1770	3	242	0.7	0.7	0
190	80	764	11	155.9	0.6	0.6	0.2
190	81	1184	22	225.1	0.6	0.6	0.1
190	82	941	7	197.9	0.6	0.6	0.2
190	83	865	4	229.4	0.6	0.6	0.1
190	84	783	2	154.5	0.8	0.8	0.2
190	85	727	19	177.8	0.7	0.7	0.1
190	86	577	8	152.3	0.6	0.6	0.2
190	87	257	5	80	0.6	0.6	0.2
190	88	660	7	165	0.6	0.6	0.3
190	89	478	4	103.5	0.7	0.7	0.2
190	90	2274	3	314.6	0.8	0.8	0.5
190	91	393	4	150.3	0.9	0.9	0.3
190	92	234	12	84.9	0.6	0.6	0.1
190	93	437	6	144.7	0.7	0.7	0
190	94	604	3	151	0.5	0.5	0.2
190	95	2406	5	341	0.8	0.8	0.3
190	96	848	11	230.7	0.7	0.7	0.3
190	97	1336	3	277.3	0.9	0.9	0.2
190	98	569	3	130.6	0.6	0.6	0.1
190	99	765	2	163.1	0.6	0.6	0.1
190	100	883	8	162.7	0.7	0.7	0.2
190	101	1017	7	216	0.5	0.5	0.2
190	102	627	10	175.2	0.7	0.7	0.2
190	103	685	2	171	0.7	0.7	0.3
190	104	1667	6	253.3	0.5	0.5	0.2
190	105	1200	14	237.8	0.7	0.7	0.4
190	106	943	5	175.2	0.4	0.4	0.2
190	107	2589	9	347.6	0.7	0.7	0.3
190	108	438	1	113.4	0.4	0.4	0.1
190	109	283	13	112.6	0.7	0.7	0.2
190	110	395	7	92.8	0.7	0.7	0.2
190	111	793	8	197	0.6	0.6	0.1
190	112	944	1	229.4	0.7	0.7	0.3
190	113	955	16	169.2	0.7	0.7	0.3
190	114	341	7	108.1	0.8	0.8	0.1
190	115	268	2	74.6	0.5	0.5	0.3
190	116	210	12	83.7	0.7	0.7	0.3
190	117	433	3	103.5	0.5	0.5	0.3
190	118	606	10	193.7	0.6	0.6	0.3
190	119	1488	20	229.9	0.7	0.7	0.1
190	120	1213	15	196.9	0.6	0.6	0
190	121	632	4	131.3	0.6	0.6	0.2
190	122	1500	5	267.1	0.7	0.7	0.3
190	123	409	16	113.8	0.8	0.8	0
190	124	878	7	239.9	0.6	0.6	0.3
190	125	728	2	139.9	0.7	0.7	0.4
190	126	420	18	126.3	0.7	0.7	0.4
190	127	224	11	97.6	0.8	0.8	0.6
190	128	1552	18	233.2	0.8	0.8	0.3
190	129	948	8	162.5	0.8	0.8	0.3
190	130	278	12	101.8	0.8	0.8	0.4
190	131	384	12	127.7	0.6	0.6	0
190	132	1898	11	279.8	0.6	0.6	0.3
190	133	336	10	109	0.6	0.6	0
190	134	1648	10	314.2	0.7	0.7	0.1
190	135	463	37	144	0.8	0.8	0.4
190	136	1504	8	255.7	0.6	0.6	0.4
190	137	388	29	124.4	0.6	0.6	0.1
190	138	1882	18	297.3	0.7	0.7	0.2
190	139	436	10	112	0.6	0.6	0.2
190	140	2870	5	425.1	0.6	0.6	0.3
190	141	961	7	183.4	0.8	0.8	0.5
190	142	731	2	125.6	0.6	0.6	0.2
190	143	212	11	86.5	0.7	0.7	0.3
190	144	1018	15	222.9	0.6	0.6	0.4
190	145	700	9	163.4	0.7	0.7	0.1
190	146	571	2	101.9	0.6	0.6	0.2
190	147	1027	24	210.7	0.6	0.6	0.5
190	148	971	6	193.5	0.8	0.8	0.2
190	149	1088	8	293.9	0.9	0.9	0.3
190	150	584	2	122.4	0.6	0.6	0.2
190	151	435	12	144.4	0.7	0.7	0.2
190	152	618	4	162.9	0.5	0.5	0.1
190	153	795	17	222.4	0.9	0.9	0.4
190	154	1063	6	225.1	0.7	0.7	0.3
190	155	976	10	233.5	0.7	0.7	0.1
190	156	175	7	84.5	0.8	0.8	0.5
190	157	919	7	203.7	0.7	0.7	0.5
190	158	780	6	179.3	0.7	0.7	0
190	159	712	5	149.9	0.8	0.8	0.2
190	160	1576	5	240.6	0.6	0.6	0.3
190	161	779	39	212.5	0.8	0.8	0.5
190	162	399	2	118.2	0.5	0.5	0.3
190	163	422	6	113.1	0.5	0.5	0.1
190	164	572	10	168	0.7	0.7	0.2
190	165	664	1	139.8	0.8	0.8	0.4
190	166	284	3	93.9	0.6	0.6	0.4
190	167	445	11	124.5	0.5	0.5	0.3
190	168	908	3	158.6	0.8	0.8	0.3
190	169	664	11	129.4	0.7	0.7	0.1
190	170	1897	2	319.4	0.5	0.5	0.3
190	171	465	7	141.4	0.8	0.8	0.4
190	172	315	5	101.7	0.7	0.7	0.4
190	173	1656	6	275.9	0.7	0.7	0.2
190	174	1780	10	272.8	0.6	0.6	0.3
190	175	608	9	186.6	0.7	0.7	0.4
190	176	260	16	106	0.7	0.7	0.4
190	177	1088	11	190.5	0.8	0.8	0.5
190	178	468	17	111.6	0.6	0.6	0
190	179	326	9	116.9	0.7	0.7	0.2
190	180	522	6	169.4	0.6	0.6	0.2
190	181	591	12	168.9	0.6	0.6	0.2
190	182	1199	1	209.6	0.8	0.8	0.3
190	183	673	11	129.7	0.5	0.5	0.2
190	184	599	9	125.2	0.6	0.6	0.5
190	185	227	6	86.9	0.7	0.7	0.3
190	186	2105	8	296.2	0.8	0.8	0.2
190	187	1009	1	288.4	0.5	0.5	0.3
190	188	378	19	146.3	0.8	0.8	0.4
190	189	1245	1	221.7	0.8	0.8	0.2
190	190	790	1	169.1	0.8	0.8	0.6
200	1	113	1	23.7	0.8	0.8	0
200	2	954	1	208.2	0.6	0.6	0
200	3	130	1	20.5	0.7	0.7	0
200	4	457	1	65.5	0.8	0.8	0.2
200	5	1095	1	144.4	0.7	0.7	0
200	6	261	1	59.3	0.7	0.7	0
200	7	581	1	150.7	0.6	0.6	0
200	8	715	1	114.8	0.7	0.7	0
200	9	363	1	103.1	0.5	0.5	0.1
200	10	463	1	140.7	0.7	0.7	0
200	11	583	2	99.3	0.6	0.6	0
200	12	257	1	69.7	0.7	0.7	0.2
200	13	347	1	40.1	0.8	0.8	0
200	14	804	2	148.3	0.7	0.7	0
200	15	855	2	185.1	0.7	0.7	0
200	16	472	2	70.1	0.6	0.6	0
200	17	1771	1	224.7	0.7	0.7	0.1
200	18	251	1	60.6	0.7	0.7	0.4
200	19	394	1	83.6	0.7	0.7	0
200	20	832	1	139.4	0.8	0.8	0.2
200	21	392	7	112.4	0.4	0.4	0
200	22	361	2	56.7	0.7	0.7	0.2
200	23	838	1	201.8	0.7	0.7	0.2
200	24	856	2	219.8	0.6	0.6	0
200	25	448	2	67	0.7	0.7	0.3
200	26	1034	3	194.3	0.7	0.7	0.2
200	27	395	2	87.7	0.8	0.8	0
200	28	421	2	145.4	0.7	0.7	0.1
200	29	435	3	122.5	0.6	0.6	0.1
200	30	382	2	91.7	0.8	0.8	0.2
200	31	904	2	174.4	0.6	0.6	0.1
200	32	1312	6	187.6	0.6	0.6	0
200	33	1617	3	305.3	0.6	0.6	0.1
200	34	598	6	217.7	0.5	0.5	0.1
200	35	1794	6	280	0.6	0.6	0.1
200	36	1143	5	285.6	0.6	0.6	0
200	37	364	1	47.6	0.9	0.9	0.2
200	38	906	3	211.3	0.7	0.7	0.1
200	39	390	2	113.7	0.6	0.6	0.1
200	40	506	2	151	0.5	0.5	0.2
200	41	986	4	156	0.8	0.8	0.2
200	42	455	3	125.6	0.7	0.7	0.2
200	43	1001	2	166	0.7	0.7	0.2
200	44	597	2	162.4	0.7	0.7	0.1
200	45	1121	2	152	0.6	0.6	0.3
200	46	2635	4	507.4	0.5	0.5	0.2
200	47	1537	3	285.7	0.5	0.5	0.1
200	48	396	7	126.9	0.5	0.5	0.2
200	49	1113	4	226.3	0.7	0.7	0.2
200	50	869	5	222	0.7	0.7	0.3
200	51	428	3	89.1	0.7	0.7	0.2
200	52	1323	1	339.7	0.8	0.8	0.2
200	53	570	1	88.5	1	1	0.4
200	54	246	2	79.6	0.5	0.5	0.1
200	55	638	2	184.8	0.6	0.6	0.2
200	56	1334	4	340.6	0.5	0.5	0
200	57	606	2	96.8	0.6	0.6	0.3
200	58	1138	2	197.7	0.6	0.6	0.2
200	59	727	4	173.6	0.8	0.8	0.2
200	60	729	4	194.1	0.8	0.8	0.1
200	61	1210	3	137.8	0.7	0.7	0.1
200	62	1633	2	296	0.6	0.6	0
200	63	761	4	144.1	0.6	0.6	0.2
200	64	254	1	59.3	0.7	0.7	0.4
200	65	901	3	270.2	0.5	0.5	0.1
200	66	636	2	116.2	0.7	0.7	0.3
200	67	434	5	87.7	0.8	0.8	0.2
200	68	1269	1	277.8	0.5	0.5	0.3
200	69	216	2	76.5	0.5	0.5	0.2
200	70	779	3	114.8	0.6	0.6	0.2
200	71	1047	1	251.5	0.8	0.8	0.1
200	72	565	2	110.6	0.5	0.5	0.1
200	73	649	7	104.9	0.8	0.8	0.3
200	74	803	1	189.7	0.8	0.8	0.4
200	75	1846	4	483.7	0.7	0.7	0.2
200	76	1712	4	215.2	0.8	0.8	0.2
200	77	651	2	267.5	0.5	0.5	0.1
200	78	842	1	193.7	0.6	0.6	0.3
200	79	759	4	137	0.6	0.6	0.4
200	80	622	7	130.6	0.8	0.8	0.4
200	81	447	3	116.4	0.7	0.7	0.5
200	82	196	2	58.3	0.7	0.7	0.3
200	83	643	1	178.9	0.5	0.5	0.2
200	84	254	2	52.4	0.8	0.8	0.4
200	85	265	2	92.1	0.6	0.6	0.2
200	86	768	11	230.4	0.5	0.5	0.1
200	87	1734	3	301.2	0.6	0.6	0.2
200	88	899	4	173.7	0.6	0.6	0.3
200	89	1165	2	214.3	0.8	0.8	0.1
200	90	718	1	115.1	0.8	0.8	0.6
200	91	989	5	203	0.5	0.5	0.4
200	92	781	7	201.7	0.6	0.6	0.3
200	93	774	7	217.5	0.6	0.6	0.2
200	94	1302	6	210.1	0.6	0.6	0.2
200	95	1039	5	202.5	0.6	0.6	0.3
200	96	659	1	173	0.6	0.6	0.3
200	97	1183	5	223.3	0.6	0.6	0.1
200	98	458	2	169	0.6	0.6	0.2
200	99	795	3	133.8	0.5	0.5	0.1
200	100	640	2	253.2	0.5	0.5	0.4
200	101	940	2	166.5	0.7	0.7	0.5
200	102	418	1	152.9	0.6	0.6	0.3
200	103	749	4	252.2	0.5	0.5	0.1
200	104	393	2	114.2	0.7	0.7	0.3
200	105	662	3	184	0.5	0.5	0.2
200	106	866	3	188.7	0.3	0.3	0.2
200	107	632	3	134.1	0.6	0.6	0.2
200	108	1722	8	349.2	0.6	0.6	0.3
200	109	335	10	85.3	0.5	0.5	0.2
200	110	1223	9	312.5	0.5	0.5	0.2
200	111	822	5	139.1	0.7	0.7	0.3
200	112	1307	13	323	0.4	0.4	0
200	113	1038	3	199.1	0.6	0.6	0.3
200	114	976	2	271.7	0.5	0.5	0.4
200	115	917	2	182.8	0.6	0.6	0.2
200	116	438	1	112.2	0.8	0.8	0.6
200	117	909	1	133.6	0.7	0.7	0.5
200	118	480	3	101.8	0.7	0.7	0.5
200	119	922	3	176.6	0.7	0.7	0.4
200	120	698	9	164.1	0.5	0.5	0.3
200	121	276	1	66.6	0.7	0.7	0.4
200	122	1483	4	217.2	0.9	0.9	0.5
200	123	909	1	143.3	0.8	0.8	0.5
200	124	1135	4	310.2	0.6	0.6	0.3
200	125	876	6	126.8	0.7	0.7	0.2
200	126	547	5	81.3	0.7	0.7	0.3
200	127	458	1	114.1	0.8	0.8	0.4
200	128	662	4	121	0.5	0.5	0.1
200	129	503	1	102.8	0.7	0.7	0.1
200	130	281	2	74.4	0.5	0.5	0.4
200	131	243	2	72.4	0.7	0.7	0.4
200	132	769	6	237.2	0.5	0.5	0.2
200	133	1437	2	322.9	0.6	0.6	0.2
200	134	1767	1	298.7	0.4	0.4	0.1
200	135	368	1	82.1	0.8	0.8	0.3
200	136	632	1	181.7	0.7	0.7	0.3
200	137	820	6	138.2	0.6	0.6	0.2
200	138	1243	4	212.1	0.6	0.6	0.1
200	139	2326	7	390.6	0.6	0.6	0.3
200	140	446	1	101.3	0.7	0.7	0.6
200	141	654	8	199.8	0.5	0.5	0.2
200	142	671	8	207.8	0.7	0.7	0.4
200	143	485	1	143	0.7	0.7	0.3
200	144	574	1	133.6	0.6	0.6	0.3
200	145	510	11	114.4	0.9	0.9	0.4
200	146	482	1	95	0.5	0.5	0.4
200	147	604	2	128.8	0.5	0.5	0.2
200	148	678	2	226.4	0.8	0.8	0.4
200	149	1634	1	282.1	0.6	0.6	0.4
200	150	453	6	142	0.5	0.5	0.2
200	151	295	8	80.9	0.8	0.8	0.3
200	152	521	3	145.4	0.6	0.6	0.3
200	153	807	4	223	0.4	0.4	0.3
200	154	424	1	99.1	0.7	0.7	0.5
200	155	1128	6	166.6	0.5	0.5	0.2
200	156	849	1	216.1	0.5	0.5	0.2
200	157	289	3	102.3	0.7	0.7	0.3
200	158	467	7	135.8	0.6	0.6	0.2
200	159	572	2	120.2	0.5	0.5	0.4
200	160	593	4	112.4	0.6	0.6	0.5
200	161	877	6	185.1	0.7	0.7	0.4
200	162	933	2	249.4	0.6	0.6	0.1
200	163	530	5	159.9	0.7	0.7	0.2
200	164	319	2	66.9	0.6	0.6	0.3
200	165	724	6	211.9	0.5	0.5	0.1
200	166	1312	4	271.6	0.6	0.6	0.3
200	167	2254	2	464.6	0.8	0.8	0.6
200	168	744	4	195.6	0.5	0.5	0.2
200	169	418	3	115.2	0.9	0.9	0.6
200	170	642	13	216.7	0.6	0.6	0.2
200	171	606	1	221.6	0.6	0.6	0.3
200	172	1296	4	342.4	0.6	0.6	0.5
200	173	439	1	139.5	0.4	0.4	0.1
200	174	1387	2	242.7	0.8	0.8	0.6
200	175	855	3	226.3	0.7	0.7	0.4
200	176	1460	1	341.1	0.6	0.6	0.5
200	177	639	1	89.4	0.5	0.5	0.5
200	178	405	4	134.1	0.6	0.6	0.3
200	179	956	12	274.3	0.6	0.6	0.2
200	180	683	5	89.4	0.6	0.6	0.3
200	181	592	1	135.6	0.6	0.6	0.6
200	182	887	9	123.4	0.6	0.6	0.5
200	183	1569	3	184.3	0.6	0.6	0.6
200	184	779	3	203.7	0.4	0.4	0.2
200	185	879	1	100.6	0.8	0.8	0.6
200	186	760	2	173.2	0.7	0.7	0.4
200	187	638	5	154.8	0.5	0.5	0.4
200	188	1547	4	234.5	0.5	0.5	0.3
200	189	785	2	146.2	0.7	0.7	0.3
200	190	553	4	103.3	0.7	0.7	0.4
200	191	1202	8	303.3	0.7	0.7	0.7
200	192	1400	4	365.9	0.6	0.6	0.2
200	193	1235	1	288.9	0.6	0.6	0.3
200	194	2275	8	292.1	0.7	0.7	0.3
200	195	602	1	251.6	0.4	0.4	0.3
200	196	1609	5	311.1	0.5	0.5	0
200	197	394	1	122.9	0.7	0.7	0.4
200	198	1148	6	317.4	0.5	0.5	0.1
200	199	792	1	148.3	0.4	0.4	0.3
200	200	525	1	119.1	0.9	0.9	0.7
