"number_wasps"	"w"	"max_steps"	"min_steps"	"mean_steps"	"mean_survival"	"mean_nested"	"mean_usurp"
50	1	478	1	54	0.8	0.8	0
50	2	1008	1	103.2	1	1	0
50	3	482	1	76.5	0.9	0.9	0
50	4	76	1	19.2	0.9	0.9	0
50	5	1052	1	113.8	0.8	0.8	0.1
50	6	347	1	66	0.7	0.7	0.1
50	7	575	1	64.6	1	1	0
50	8	19	1	7.7	0.8	0.8	0
50	9	584	2	73.9	0.9	0.9	0.1
50	10	901	1	132.9	0.8	0.8	0
50	11	780	1	137.3	0.8	0.8	0.3
50	12	552	2	94.8	0.8	0.8	0
50	13	155	3	25.5	0.8	0.8	0
50	14	1019	1	142.5	0.8	0.8	0
50	15	319	2	39	1	1	0
50	16	900	1	139.4	0.8	0.8	0.1
50	17	876	1	95.3	0.8	0.8	0.1
50	18	1190	3	129.4	0.8	0.8	0.1
50	19	917	6	151.9	0.8	0.8	0
50	20	138	2	30.3	0.8	0.8	0.1
50	21	557	2	69	0.9	0.9	0.3
50	22	137	2	25.8	0.8	0.8	0.2
50	23	1054	3	116.8	0.8	0.8	0.1
50	24	77	3	17.6	0.8	0.8	0
50	25	745	3	106.6	0.8	0.8	0
50	26	805	1	90.8	0.8	0.8	0.4
50	27	385	1	60.6	0.6	0.6	0.3
50	28	535	2	88.3	0.8	0.8	0.4
50	29	1194	2	161	0.6	0.6	0.2
50	30	434	1	68.4	0.8	0.8	0.2
50	31	541	2	76.9	0.9	0.9	0.2
50	32	902	2	215.8	0.8	0.8	0.1
50	33	188	1	27.2	0.9	0.9	0.6
50	34	226	4	42.1	0.8	0.8	0.2
50	35	1316	5	170.9	0.7	0.7	0.4
50	36	218	3	48.2	0.8	0.8	0.1
50	37	261	3	35	0.8	0.8	0.2
50	38	635	5	133.7	0.8	0.8	0
50	39	456	1	54	0.8	0.8	0.4
50	40	475	1	65.1	0.9	0.9	0.4
50	41	345	3	69.5	0.8	0.8	0.3
50	42	1017	3	168.2	0.6	0.6	0
50	43	801	3	141	0.7	0.7	0.2
50	44	167	1	29.2	0.7	0.7	0.3
50	45	493	1	59.5	0.9	0.9	0.4
50	46	128	6	27.4	0.8	0.8	0.3
50	47	585	3	74.6	0.8	0.8	0.2
50	48	328	3	54.3	0.7	0.7	0.2
50	49	306	4	50.5	0.8	0.8	0.3
50	50	126	7	36.9	0.9	0.9	0.1
60	1	820	1	308.7	0.3	0.3	0
60	2	788	1	228.1	0.2	0.2	0
60	3	1429	1	220.5	0.4	0.4	0
60	4	931	1	251.1	0.2	0.2	0
60	5	953	1	328.6	0.3	0.3	0
60	6	663	1	218.8	0.2	0.2	0
60	7	1116	2	365.6	0.2	0.2	0
60	8	721	3	234.9	0.2	0.2	0
60	9	325	1	130.9	0.4	0.4	0
60	10	2146	2	339.6	0.3	0.3	0
60	11	499	2	177.6	0.4	0.4	0
60	12	1434	3	571.4	0.2	0.2	0
60	13	1437	1	342.5	0.3	0.3	0
60	14	454	2	123.8	0.3	0.3	0
60	15	1366	3	342.8	0.3	0.3	0
60	16	346	2	163	0.3	0.3	0
60	17	2894	5	647.6	0.2	0.2	0
60	18	665	4	212	0.3	0.3	0
60	19	1012	2	368.5	0.3	0.3	0
60	20	795	2	294	0.2	0.2	0
60	21	1025	10	391.4	0.2	0.2	0
60	22	1821	5	514.5	0.4	0.4	0
60	23	1341	3	664.2	0.2	0.2	0
60	24	2389	7	540	0.3	0.3	0
60	25	1058	8	335.3	0.3	0.3	0
60	26	1036	3	354.1	0.3	0.3	0
60	27	730	4	217.5	0.4	0.4	0
60	28	1126	4	364.2	0.2	0.2	0
60	29	998	6	412.9	0.2	0.2	0
60	30	1430	4	217.2	0.3	0.3	0.1
60	31	468	12	149.2	0.3	0.3	0.1
60	32	701	2	171.3	0.3	0.3	0
60	33	1405	7	536.5	0.2	0.2	0
60	34	730	7	237.8	0.5	0.5	0.1
60	35	1700	2	398.3	0.3	0.3	0
60	36	1249	2	319.8	0.3	0.3	0
60	37	747	3	241.6	0.3	0.3	0
60	38	1667	4	456.7	0.4	0.4	0.2
60	39	1118	4	241.6	0.4	0.4	0.1
60	40	1041	3	215.7	0.3	0.3	0.1
60	41	1515	7	301.5	0.3	0.3	0
60	42	1252	2	252.6	0.2	0.2	0.1
60	43	1770	13	347.8	0.2	0.2	0
60	44	783	3	322.1	0.3	0.3	0
60	45	505	6	216.7	0.4	0.4	0
60	46	668	4	181.1	0.4	0.4	0.3
60	47	670	5	197.2	0.3	0.3	0.1
60	48	1067	20	269.4	0.3	0.3	0
60	49	1239	7	326.9	0.4	0.4	0.1
60	50	525	5	203.8	0.2	0.2	0.1
60	51	1100	2	324.6	0.3	0.3	0.1
60	52	1221	1	268.6	0.3	0.3	0.2
60	53	2085	4	509.7	0.3	0.3	0.1
60	54	1330	5	357.2	0.2	0.2	0
60	55	1086	5	295	0.3	0.3	0
60	56	1023	7	417.5	0.2	0.2	0
60	57	1097	1	343.8	0.3	0.3	0.1
60	58	824	5	328.1	0.2	0.2	0
60	59	1294	10	383.9	0.3	0.3	0.1
60	60	378	3	173.9	0.4	0.4	0.1
70	1	849	1	142.9	0.7	0.7	0
70	2	533	1	65.8	0.8	0.8	0
70	3	553	1	84.2	0.8	0.8	0
70	4	242	1	47.1	0.8	0.8	0.1
70	5	1097	1	127.3	0.8	0.8	0.1
70	6	180	1	34.7	0.8	0.8	0
70	7	1917	1	392.2	0.7	0.7	0.1
70	8	773	2	113.9	0.7	0.7	0
70	9	455	1	109.1	0.7	0.7	0.1
70	10	507	2	97.4	0.7	0.7	0
70	11	389	1	47.4	0.8	0.8	0.2
70	12	533	1	57.9	0.8	0.8	0
70	13	1388	1	196.9	0.8	0.8	0
70	14	1275	1	153.3	0.7	0.7	0.1
70	15	149	2	21.6	0.8	0.8	0.2
70	16	51	2	15	0.6	0.6	0.1
70	17	719	1	99.6	0.7	0.7	0.1
70	18	110	2	32.2	0.7	0.7	0.1
70	19	641	2	175.1	0.7	0.7	0.1
70	20	401	1	68.2	0.8	0.8	0.1
70	21	1574	3	203.5	0.7	0.7	0
70	22	268	2	48.3	0.8	0.8	0.1
70	23	256	4	43.6	0.7	0.7	0.1
70	24	702	2	136.3	0.7	0.7	0.5
70	25	1262	1	172.1	0.7	0.7	0.2
70	26	2117	2	293	0.7	0.7	0.1
70	27	624	3	132.8	0.7	0.7	0.1
70	28	892	1	158.1	0.8	0.8	0.3
70	29	163	3	36.1	0.8	0.8	0.2
70	30	461	1	117.8	0.6	0.6	0
70	31	2520	4	285.2	0.8	0.8	0.1
70	32	399	2	53.3	0.8	0.8	0.2
70	33	1505	1	297.2	0.8	0.8	0.2
70	34	155	4	44.3	0.7	0.7	0.2
70	35	58	5	23.6	0.7	0.7	0
70	36	572	3	75	0.7	0.7	0.2
70	37	358	1	56.5	0.7	0.7	0.1
70	38	577	1	94.5	0.8	0.8	0.2
70	39	377	3	83.1	0.8	0.8	0
70	40	1456	1	246.7	0.8	0.8	0.2
70	41	846	4	171.8	0.8	0.8	0.1
70	42	616	5	100.2	0.7	0.7	0.2
70	43	245	2	46.4	0.8	0.8	0.3
70	44	455	2	107.7	0.7	0.7	0.3
70	45	336	2	48.5	0.8	0.8	0.3
70	46	484	5	93.8	0.7	0.7	0.3
70	47	820	3	216	0.6	0.6	0.1
70	48	1007	4	182.6	0.7	0.7	0
70	49	1116	1	242.2	0.7	0.7	0.5
70	50	1371	4	225.4	0.8	0.8	0.3
70	51	608	4	110.6	0.7	0.7	0
70	52	460	4	76.9	0.8	0.8	0
70	53	442	2	67.8	0.7	0.7	0.3
70	54	305	1	44.7	0.8	0.8	0.4
70	55	1548	5	204.6	0.7	0.7	0
70	56	722	3	147.8	0.8	0.8	0.2
70	57	627	3	75.6	0.7	0.7	0.2
70	58	972	1	113	0.8	0.8	0.4
70	59	737	5	129.3	0.7	0.7	0.1
70	60	622	4	123.9	0.8	0.8	0.1
70	61	50	1	16.3	0.8	0.8	0.3
70	62	288	4	86.1	0.7	0.7	0.2
70	63	1515	1	275.4	0.8	0.8	0.5
70	64	723	4	131.4	0.8	0.8	0.2
70	65	1422	3	181	0.6	0.6	0.3
70	66	305	4	50.2	0.7	0.7	0.2
70	67	478	3	91.3	0.8	0.8	0.4
70	68	1076	3	237.4	0.6	0.6	0
70	69	305	2	43.5	0.7	0.7	0.3
70	70	1221	1	238.9	0.7	0.7	0.2
80	1	783	1	176.6	0.7	0.7	0
80	2	300	1	70.1	0.7	0.7	0
80	3	54	1	25.2	0.8	0.8	0
80	4	1070	1	120.9	0.8	0.8	0
80	5	1350	1	252.2	0.7	0.7	0
80	6	543	1	148.2	0.8	0.8	0
80	7	1321	1	156.7	0.6	0.6	0
80	8	472	1	91.5	0.8	0.8	0.1
80	9	743	1	118	0.6	0.6	0
80	10	668	1	127.9	0.6	0.6	0.2
80	11	679	1	144.1	0.5	0.5	0
80	12	1100	2	183.4	0.6	0.6	0
80	13	1300	2	162.8	0.8	0.8	0
80	14	1600	2	318.6	0.6	0.6	0
80	15	852	1	171.7	0.8	0.8	0.2
80	16	2813	1	494.4	0.6	0.6	0
80	17	411	1	119.4	0.7	0.7	0.2
80	18	1063	4	179.9	0.6	0.6	0
80	19	673	3	161.9	0.7	0.7	0
80	20	1208	2	161.7	0.7	0.7	0
80	21	588	2	109	0.8	0.8	0
80	22	424	3	62.7	0.8	0.8	0.1
80	23	2274	2	359.2	0.6	0.6	0.2
80	24	1813	5	305.6	0.7	0.7	0
80	25	505	2	82.6	0.6	0.6	0.1
80	26	937	1	217.2	0.8	0.8	0.5
80	27	91	4	26.2	0.8	0.8	0.1
80	28	928	5	207.5	0.7	0.7	0.4
80	29	131	1	40.9	0.8	0.8	0.4
80	30	1377	3	421.6	0.6	0.6	0
80	31	634	3	120.6	0.7	0.7	0
80	32	324	3	84.9	0.8	0.8	0
80	33	211	5	48.7	0.7	0.7	0.2
80	34	508	1	158	0.5	0.5	0.1
80	35	2159	4	275.7	0.5	0.5	0.2
80	36	980	3	234.1	0.7	0.7	0.2
80	37	1749	2	208.1	0.6	0.6	0.3
80	38	520	3	123.4	0.8	0.8	0.2
80	39	1114	2	152.5	0.8	0.8	0.2
80	40	660	5	163.5	0.6	0.6	0.1
80	41	322	3	62.8	0.8	0.8	0.3
80	42	383	3	115.5	0.8	0.8	0
80	43	809	2	144.7	0.6	0.6	0.2
80	44	263	4	80.3	0.7	0.7	0.2
80	45	1262	4	169	0.7	0.7	0
80	46	3100	3	391.5	0.8	0.8	0.3
80	47	1400	1	371.2	0.6	0.6	0.3
80	48	1270	2	181	0.7	0.7	0.3
80	49	1424	2	241.1	0.8	0.8	0.4
80	50	432	6	114.4	0.7	0.7	0.1
80	51	307	4	79.8	0.7	0.7	0.3
80	52	448	2	115.6	0.6	0.6	0.1
80	53	844	3	195.7	0.7	0.7	0.3
80	54	995	3	143.7	0.7	0.7	0.2
80	55	1328	3	248.1	0.6	0.6	0.1
80	56	411	2	87.2	0.9	0.9	0.3
80	57	1510	6	379.2	0.6	0.6	0.1
80	58	1140	3	352.7	0.7	0.7	0.3
80	59	2007	6	244.4	0.5	0.5	0.1
80	60	490	2	145.4	0.8	0.8	0.3
80	61	1637	1	377.5	0.5	0.5	0.3
80	62	2427	5	380.9	0.5	0.5	0.1
80	63	761	1	220.2	0.5	0.5	0.1
80	64	363	6	110	0.7	0.7	0.2
80	65	927	1	262.1	0.7	0.7	0.2
80	66	628	2	124.3	0.7	0.7	0.3
80	67	875	2	168.4	0.5	0.5	0.2
80	68	72	4	25.1	0.8	0.8	0.3
80	69	1692	3	375.8	0.6	0.6	0.1
80	70	553	5	181.7	0.6	0.6	0
80	71	437	10	99.2	0.9	0.9	0.2
80	72	1113	1	307	0.6	0.6	0.3
80	73	499	2	112.6	0.6	0.6	0.1
80	74	858	4	141.4	0.6	0.6	0.1
80	75	767	2	168.9	0.7	0.7	0.3
80	76	575	3	116.6	0.6	0.6	0.2
80	77	481	3	127.9	0.6	0.6	0.1
80	78	453	2	71.5	0.7	0.7	0.3
80	79	1430	4	207.5	0.4	0.4	0.2
80	80	248	2	84	0.7	0.7	0.2
90	1	384	1	64.1	0.8	0.8	0
90	2	845	1	132	0.7	0.7	0
90	3	450	1	95.7	0.6	0.6	0
90	4	464	1	98.9	0.7	0.7	0
90	5	1293	1	237.9	0.6	0.6	0.1
90	6	712	2	213.2	0.6	0.6	0
90	7	975	2	165.7	0.7	0.7	0
90	8	556	2	120.9	0.8	0.8	0
90	9	424	2	114.9	0.6	0.6	0
90	10	405	2	96.6	0.6	0.6	0.1
90	11	405	4	90.4	0.7	0.7	0.1
90	12	1411	1	191.9	0.4	0.4	0.1
90	13	769	1	133.4	0.8	0.8	0.1
90	14	1694	1	331.7	0.6	0.6	0
90	15	1365	2	304.7	0.5	0.5	0
90	16	871	2	168.3	0.6	0.6	0
90	17	1009	2	191.3	0.8	0.8	0.1
90	18	725	3	184.3	0.7	0.7	0
90	19	575	2	142.7	0.5	0.5	0.2
90	20	1180	2	248.9	0.6	0.6	0.1
90	21	493	1	138.1	0.5	0.5	0.2
90	22	729	3	163.9	0.7	0.7	0.1
90	23	3794	2	552.9	0.5	0.5	0
90	24	376	4	73.7	0.7	0.7	0.1
90	25	894	3	330.2	0.6	0.6	0.1
90	26	1070	4	228.3	0.6	0.6	0.1
90	27	892	6	207.3	0.5	0.5	0
90	28	500	3	118.5	0.6	0.6	0.1
90	29	2288	1	361.1	0.7	0.7	0.2
90	30	1002	1	174.6	0.5	0.5	0.1
90	31	693	2	192.9	0.6	0.6	0.1
90	32	738	2	102.2	0.6	0.6	0.1
90	33	393	1	94.8	0.4	0.4	0.3
90	34	638	3	120.4	0.7	0.7	0.1
90	35	1068	1	287.7	0.7	0.7	0.2
90	36	1467	2	206.6	0.7	0.7	0.1
90	37	2097	1	316.8	0.6	0.6	0.1
90	38	414	3	119.3	0.6	0.6	0.1
90	39	502	11	143.7	0.6	0.6	0.1
90	40	1689	7	361.6	0.6	0.6	0.2
90	41	815	1	224.4	0.5	0.5	0.2
90	42	570	5	144.9	0.7	0.7	0.2
90	43	1227	9	292.1	0.7	0.7	0
90	44	237	1	69.9	0.6	0.6	0.2
90	45	1520	8	180.8	0.6	0.6	0.2
90	46	2793	12	477.5	0.7	0.7	0.2
90	47	1103	5	167.1	0.6	0.6	0.3
90	48	2320	6	291.7	0.6	0.6	0.2
90	49	1206	5	281.9	0.4	0.4	0.1
90	50	2148	7	481.3	0.5	0.5	0.2
90	51	1509	4	229.7	0.6	0.6	0
90	52	720	2	177.7	0.8	0.8	0.3
90	53	1298	7	365.2	0.6	0.6	0.1
90	54	551	2	146.7	0.5	0.5	0.4
90	55	1538	7	348.1	0.6	0.6	0
90	56	641	12	202.3	0.5	0.5	0.1
90	57	593	4	172.9	0.7	0.7	0
90	58	989	4	183.9	0.5	0.5	0.3
90	59	428	3	123.7	0.5	0.5	0.1
90	60	1678	6	468.1	0.5	0.5	0
90	61	814	3	140.2	0.5	0.5	0.3
90	62	302	3	83.7	0.6	0.6	0.1
90	63	522	4	185.4	0.7	0.7	0.2
90	64	648	1	129.1	0.5	0.5	0.1
90	65	1690	8	373	0.4	0.4	0
90	66	249	1	94.6	0.7	0.7	0.1
90	67	560	5	155.3	0.6	0.6	0.1
90	68	1553	5	271	0.6	0.6	0
90	69	2189	4	486.7	0.5	0.5	0.1
90	70	1975	6	513.1	0.6	0.6	0
90	71	3328	5	589.1	0.4	0.4	0.2
90	72	728	2	151.3	0.5	0.5	0.2
90	73	1843	11	258.9	0.5	0.5	0.1
90	74	1198	2	155.5	0.8	0.8	0.2
90	75	1401	3	349.2	0.4	0.4	0.1
90	76	1217	13	243.8	0.5	0.5	0.2
90	77	457	5	136.4	0.7	0.7	0.3
90	78	954	1	163.5	0.7	0.7	0.2
90	79	1257	5	297	0.6	0.6	0.2
90	80	336	1	108.4	0.8	0.8	0.2
90	81	1200	4	280.5	0.6	0.6	0.3
90	82	1382	2	240.6	0.6	0.6	0.2
90	83	71	3	25.3	0.5	0.5	0.1
90	84	1337	11	208.9	0.8	0.8	0.3
90	85	920	3	144.6	0.7	0.7	0.3
90	86	478	5	130.5	0.6	0.6	0.6
90	87	1998	2	330.5	0.6	0.6	0.4
90	88	1929	4	408	0.4	0.4	0.1
90	89	1315	3	247.1	0.5	0.5	0.1
90	90	1081	3	279.7	0.6	0.6	0.2
100	1	2326	1	248.7	0.7	0.7	0
100	2	519	1	67.3	0.7	0.7	0
100	3	979	1	141.4	0.7	0.7	0
100	4	1176	1	212.2	0.6	0.6	0
100	5	1592	2	298.1	0.7	0.7	0
100	6	930	1	289.9	0.5	0.5	0
100	7	1385	1	291.8	0.6	0.6	0.1
100	8	1265	1	384.9	0.5	0.5	0
100	9	1237	2	405.2	0.6	0.6	0
100	10	1351	1	355.9	0.5	0.5	0.1
100	11	1604	2	275.4	0.5	0.5	0
100	12	914	1	245.5	0.6	0.6	0.3
100	13	576	1	114.6	0.7	0.7	0.2
100	14	734	2	142.4	0.7	0.7	0
100	15	635	1	121.7	0.6	0.6	0.2
100	16	547	2	92.1	0.6	0.6	0.1
100	17	492	1	87.3	0.7	0.7	0
100	18	655	4	157.8	0.6	0.6	0.1
100	19	630	2	141.4	0.6	0.6	0.1
100	20	589	2	123.1	0.6	0.6	0.1
100	21	1197	1	257.4	0.6	0.6	0.4
100	22	480	3	89.1	0.7	0.7	0.1
100	23	555	2	148.8	0.5	0.5	0.1
100	24	1354	1	256.4	0.6	0.6	0.2
100	25	841	2	148.4	0.7	0.7	0.1
100	26	1320	2	211.2	0.7	0.7	0.2
100	27	982	2	130.7	0.7	0.7	0.1
100	28	963	2	267.3	0.4	0.4	0.1
100	29	503	4	97.7	0.7	0.7	0.1
100	30	2302	5	417.4	0.5	0.5	0.1
100	31	612	1	141.3	0.7	0.7	0.3
100	32	1169	4	202.2	0.7	0.7	0
100	33	401	4	96.1	0.7	0.7	0.1
100	34	842	3	218.3	0.7	0.7	0.1
100	35	888	5	174.1	0.6	0.6	0
100	36	582	1	96.7	0.7	0.7	0.3
100	37	862	1	220.1	0.5	0.5	0.1
100	38	1075	2	172.4	0.5	0.5	0
100	39	849	1	180	0.5	0.5	0.2
100	40	784	2	114.5	0.5	0.5	0.3
100	41	1511	2	282.9	0.6	0.6	0.1
100	42	136	2	43.5	0.7	0.7	0.3
100	43	761	1	191.3	0.6	0.6	0.3
100	44	450	7	104.2	0.6	0.6	0.1
100	45	501	3	129.2	0.6	0.6	0.1
100	46	708	5	143.8	0.6	0.6	0.1
100	47	985	2	198.2	0.7	0.7	0.3
100	48	1143	2	233.9	0.6	0.6	0.1
100	49	289	3	49.2	0.6	0.6	0.2
100	50	899	3	248.2	0.6	0.6	0.1
100	51	1128	3	200.4	0.6	0.6	0.3
100	52	1390	1	312	0.5	0.5	0.4
100	53	1074	5	232.1	0.6	0.6	0.1
100	54	1204	1	192.1	0.7	0.7	0.1
100	55	937	2	206.3	0.6	0.6	0.2
100	56	494	5	131.3	0.6	0.6	0.1
100	57	1555	4	378.2	0.7	0.7	0.4
100	58	984	5	160.2	0.7	0.7	0.4
100	59	901	2	227.9	0.7	0.7	0.2
100	60	745	3	124.1	0.7	0.7	0.1
100	61	871	3	248.5	0.6	0.6	0.2
100	62	877	2	144.7	0.5	0.5	0.2
100	63	2055	5	247.9	0.6	0.6	0.3
100	64	2827	5	407.6	0.6	0.6	0
100	65	672	3	131.2	0.6	0.6	0.1
100	66	1671	2	242.2	0.3	0.3	0.3
100	67	1184	4	312.5	0.5	0.5	0.3
100	68	1037	3	180.2	0.7	0.7	0.4
100	69	824	4	141.7	0.7	0.7	0.3
100	70	729	1	109.1	0.5	0.5	0.2
100	71	870	1	177.2	0.7	0.7	0.1
100	72	993	7	177.7	0.6	0.6	0.1
100	73	2316	1	352.4	0.6	0.6	0
100	74	167	1	45.5	0.5	0.5	0.2
100	75	613	1	133.4	0.6	0.6	0.1
100	76	324	1	51.7	0.6	0.6	0.5
100	77	2651	7	556.7	0.6	0.6	0.2
100	78	391	9	91.7	0.6	0.6	0.1
100	79	1272	6	201.8	0.6	0.6	0.3
100	80	612	4	126.5	0.7	0.7	0.4
100	81	2370	2	449.7	0.5	0.5	0.1
100	82	202	3	63.3	0.5	0.5	0.2
100	83	961	5	256.8	0.6	0.6	0.1
100	84	956	2	248.8	0.6	0.6	0.1
100	85	1232	2	137.5	0.7	0.7	0.1
100	86	2907	2	466.7	0.6	0.6	0.2
100	87	587	2	225	0.4	0.4	0.3
100	88	920	4	227.7	0.6	0.6	0.2
100	89	362	1	101.3	0.6	0.6	0
100	90	1069	7	191.3	0.5	0.5	0.2
100	91	1451	2	235	0.6	0.6	0.2
100	92	2404	2	416	0.7	0.7	0.3
100	93	1869	6	446.8	0.5	0.5	0.2
100	94	667	4	100.2	0.5	0.5	0.2
100	95	751	1	117.5	0.7	0.7	0.2
100	96	713	5	154.5	0.6	0.6	0.3
100	97	1742	3	218.2	0.7	0.7	0.3
100	98	1149	2	263.7	0.5	0.5	0.3
100	99	616	1	199.9	0.5	0.5	0.5
100	100	953	5	249.6	0.6	0.6	0.3
110	1	1020	1	109.8	0.9	0.9	0
110	2	521	1	100.4	0.9	0.9	0
110	3	1091	1	161.1	0.8	0.8	0
110	4	294	1	49.4	0.8	0.8	0
110	5	110	1	20.6	0.7	0.7	0
110	6	623	1	69.6	0.8	0.8	0.1
110	7	537	1	82.7	0.8	0.8	0.1
110	8	278	1	53.5	0.7	0.7	0
110	9	817	2	107.9	0.8	0.8	0
110	10	495	1	84.8	0.8	0.8	0.2
110	11	584	1	88.5	0.8	0.8	0.1
110	12	766	2	90.5	0.8	0.8	0.1
110	13	712	1	97.6	0.8	0.8	0
110	14	155	2	34.4	0.8	0.8	0.1
110	15	197	2	33.7	0.7	0.7	0
110	16	573	1	70.3	0.7	0.7	0.1
110	17	61	3	14.2	0.8	0.8	0.1
110	18	1062	1	111.4	0.7	0.7	0.2
110	19	467	2	61.1	0.8	0.8	0
110	20	522	1	106.3	0.8	0.8	0.1
110	21	411	2	64.7	0.8	0.8	0.1
110	22	1831	2	266.6	0.8	0.8	0.2
110	23	678	1	73.1	0.8	0.8	0.2
110	24	648	1	135.1	0.8	0.8	0.2
110	25	218	1	37.8	0.7	0.7	0.1
110	26	710	3	103.5	0.8	0.8	0.1
110	27	770	2	103	0.8	0.8	0.3
110	28	281	2	53	0.8	0.8	0.1
110	29	2977	1	309.1	0.7	0.7	0
110	30	657	5	125.3	0.8	0.8	0
110	31	284	1	64.3	0.6	0.6	0.2
110	32	1910	4	215.2	0.8	0.8	0.2
110	33	379	1	51.2	0.8	0.8	0.4
110	34	751	2	111.9	0.8	0.8	0.3
110	35	600	3	97.5	0.8	0.8	0.1
110	36	691	2	142.3	0.8	0.8	0.3
110	37	284	3	37.6	0.8	0.8	0.2
110	38	562	5	95.9	0.8	0.8	0.2
110	39	208	1	37.1	0.7	0.7	0.4
110	40	556	3	111	0.8	0.8	0.1
110	41	737	3	112.6	0.8	0.8	0.4
110	42	587	5	118.6	0.8	0.8	0
110	43	1295	6	220.1	0.8	0.8	0.1
110	44	878	1	106.6	0.8	0.8	0.3
110	45	1522	4	184.1	0.8	0.8	0.6
110	46	710	1	126.1	0.7	0.7	0.3
110	47	579	2	62.3	0.8	0.8	0.4
110	48	1004	3	119.3	0.8	0.8	0.2
110	49	255	2	33.7	0.8	0.8	0
110	50	834	1	125.4	0.7	0.7	0.1
110	51	566	4	99.8	0.8	0.8	0.3
110	52	56	3	19.2	0.8	0.8	0.1
110	53	2025	2	365.1	0.8	0.8	0.3
110	54	801	4	114.9	0.8	0.8	0.1
110	55	1252	2	179	0.8	0.8	0.2
110	56	1971	1	257.1	0.7	0.7	0.4
110	57	244	4	56.1	0.7	0.7	0.4
110	58	987	4	119.3	0.8	0.8	0.3
110	59	965	4	133.5	0.8	0.8	0.3
110	60	1158	4	132.4	0.8	0.8	0.4
110	61	2086	1	223.5	0.7	0.7	0.3
110	62	132	6	28.6	0.8	0.8	0
110	63	360	4	79.5	0.7	0.7	0.3
110	64	1341	5	150.7	0.8	0.8	0.4
110	65	544	1	62.3	0.8	0.8	0.2
110	66	381	4	87.2	0.8	0.8	0.2
110	67	1669	5	192	0.6	0.6	0.1
110	68	239	3	39.5	0.8	0.8	0.6
110	69	566	1	74.1	0.8	0.8	0.2
110	70	724	1	82.9	0.7	0.7	0.3
110	71	103	4	25.3	0.8	0.8	0.3
110	72	446	3	63.9	0.8	0.8	0.2
110	73	487	2	98.7	0.8	0.8	0.3
110	74	709	3	86.7	0.8	0.8	0.5
110	75	573	1	71.2	0.8	0.8	0.3
110	76	114	1	20.6	0.8	0.8	0.4
110	77	2760	2	410.9	0.8	0.8	0.5
110	78	416	2	76.9	0.8	0.8	0.4
110	79	977	3	113.1	0.8	0.8	0.3
110	80	1051	3	121.9	0.8	0.8	0.6
110	81	727	4	95.9	0.8	0.8	0.5
110	82	513	2	63.2	0.8	0.8	0.3
110	83	376	3	72.7	0.7	0.7	0.2
110	84	1642	3	206.2	0.8	0.8	0.4
110	85	1874	7	209.1	0.8	0.8	0.1
110	86	262	1	56.3	0.7	0.7	0.4
110	87	219	2	35.7	0.7	0.7	0.4
110	88	1459	1	171.8	0.8	0.8	0.2
110	89	1428	1	164.4	0.8	0.8	0.3
110	90	533	5	116.5	0.8	0.8	0.2
110	91	221	2	38	0.7	0.7	0.5
110	92	1439	3	172.8	0.8	0.8	0.5
110	93	647	3	85.5	0.8	0.8	0.4
110	94	276	9	47.8	0.8	0.8	0.3
110	95	713	2	85.3	0.7	0.7	0.3
110	96	503	7	95.3	0.8	0.8	0.2
110	97	1162	3	199.7	0.8	0.8	0.3
110	98	1290	2	161.2	0.8	0.8	0.1
110	99	536	1	66.3	0.8	0.8	0.1
110	100	351	2	81.3	0.8	0.8	0.5
110	101	1037	1	190.7	0.8	0.8	0.2
110	102	805	3	97.4	0.8	0.8	0.3
110	103	441	7	62.4	0.8	0.8	0.3
110	104	1283	5	154.6	0.7	0.7	0.4
110	105	1203	4	174.7	0.6	0.6	0.3
110	106	275	2	49	0.8	0.8	0.3
110	107	2259	1	301.4	0.7	0.7	0.5
110	108	327	4	58.1	0.8	0.8	0.3
110	109	250	4	36	0.7	0.7	0.3
110	110	965	1	142.7	0.9	0.9	0.4
120	1	3495	1	476.9	0.3	0.3	0
120	2	3088	2	398.6	0.4	0.4	0
120	3	1231	1	275.8	0.4	0.4	0
120	4	760	1	217.3	0.4	0.4	0
120	5	955	2	306	0.4	0.4	0
120	6	1016	2	281.5	0.3	0.3	0
120	7	1714	1	369.8	0.3	0.3	0
120	8	2004	1	397	0.4	0.4	0
120	9	1666	1	378.7	0.3	0.3	0.1
120	10	714	2	229.9	0.3	0.3	0.1
120	11	674	4	243.6	0.4	0.4	0
120	12	2311	2	354.2	0.4	0.4	0.1
120	13	974	5	378.1	0.3	0.3	0.1
120	14	2246	5	512.3	0.4	0.4	0
120	15	1504	3	272.3	0.4	0.4	0
120	16	1358	4	401.7	0.3	0.3	0
120	17	1432	3	311.6	0.3	0.3	0
120	18	940	1	199.1	0.4	0.4	0.1
120	19	473	7	136.9	0.4	0.4	0.1
120	20	1547	2	473.2	0.4	0.4	0
120	21	1971	2	518	0.3	0.3	0
120	22	2264	4	446.4	0.4	0.4	0.1
120	23	1439	14	550.7	0.3	0.3	0.1
120	24	627	3	150.5	0.3	0.3	0.2
120	25	690	3	205.1	0.4	0.4	0.1
120	26	817	8	180.1	0.4	0.4	0
120	27	1002	6	327.2	0.4	0.4	0.1
120	28	1428	4	269.9	0.4	0.4	0.1
120	29	1479	7	434.5	0.3	0.3	0
120	30	863	6	297.6	0.3	0.3	0.1
120	31	3910	6	680.4	0.4	0.4	0
120	32	1627	5	295.8	0.3	0.3	0.1
120	33	693	6	210.5	0.3	0.3	0.1
120	34	1018	5	332.1	0.3	0.3	0.3
120	35	360	9	141	0.3	0.3	0.1
120	36	809	7	278.9	0.4	0.4	0
120	37	1257	2	473	0.3	0.3	0.3
120	38	813	4	293.8	0.4	0.4	0
120	39	1693	5	311.9	0.3	0.3	0.1
120	40	2565	2	436.3	0.4	0.4	0.1
120	41	3156	12	632.8	0.3	0.3	0
120	42	1572	2	304.4	0.4	0.4	0.2
120	43	1078	3	343	0.3	0.3	0.2
120	44	2051	8	376.8	0.5	0.5	0.1
120	45	997	5	308.5	0.3	0.3	0.1
120	46	1665	6	445.3	0.3	0.3	0.1
120	47	1368	2	255.9	0.3	0.3	0.2
120	48	1152	7	268.4	0.3	0.3	0
120	49	1056	5	318.9	0.3	0.3	0
120	50	995	4	324.8	0.2	0.2	0
120	51	1408	7	387.3	0.4	0.4	0
120	52	1094	3	284.6	0.4	0.4	0.1
120	53	985	6	219.6	0.4	0.4	0
120	54	997	15	235.3	0.4	0.4	0.1
120	55	2059	2	641.6	0.3	0.3	0.1
120	56	1482	4	376.1	0.5	0.5	0
120	57	1217	2	507.4	0.3	0.3	0.1
120	58	330	7	100	0.3	0.3	0
120	59	1443	1	260.6	0.2	0.2	0.1
120	60	1511	4	284.2	0.4	0.4	0.1
120	61	1189	6	386	0.4	0.4	0.3
120	62	3104	7	615.5	0.3	0.3	0.2
120	63	1011	8	282.8	0.4	0.4	0.1
120	64	1782	5	395.9	0.4	0.4	0.2
120	65	738	11	264.6	0.3	0.3	0.2
120	66	821	4	183.1	0.3	0.3	0.3
120	67	2252	6	518.8	0.3	0.3	0.1
120	68	2208	7	653.3	0.4	0.4	0.3
120	69	1611	7	401.3	0.3	0.3	0
120	70	1034	5	328.6	0.3	0.3	0.1
120	71	1834	3	353.8	0.3	0.3	0
120	72	638	7	231.4	0.4	0.4	0
120	73	2200	16	465.2	0.3	0.3	0
120	74	1366	1	474.1	0.3	0.3	0.1
120	75	936	11	236.7	0.4	0.4	0.3
120	76	621	1	191.2	0.3	0.3	0.1
120	77	975	3	285.4	0.3	0.3	0.1
120	78	1427	3	249	0.4	0.4	0.2
120	79	1317	11	436.4	0.4	0.4	0.4
120	80	673	1	222.3	0.4	0.4	0.2
120	81	1782	1	576.2	0.3	0.3	0.2
120	82	624	1	175.7	0.4	0.4	0.3
120	83	1806	9	400.8	0.3	0.3	0.1
120	84	870	8	208.2	0.3	0.3	0.1
120	85	1219	6	212.6	0.4	0.4	0.1
120	86	1375	7	481.3	0.3	0.3	0.1
120	87	1450	8	282.8	0.3	0.3	0
120	88	787	14	250.1	0.3	0.3	0.1
120	89	1460	9	400.1	0.4	0.4	0.1
120	90	613	2	143.8	0.3	0.3	0.2
120	91	1043	5	282.9	0.4	0.4	0.2
120	92	1429	5	299	0.4	0.4	0
120	93	1070	4	287.4	0.3	0.3	0.1
120	94	1814	7	459.5	0.4	0.4	0.2
120	95	2881	1	478.3	0.4	0.4	0.2
120	96	945	4	415.2	0.3	0.3	0.2
120	97	676	6	261.1	0.3	0.3	0
120	98	1904	4	629.7	0.3	0.3	0.1
120	99	1101	3	240.6	0.4	0.4	0.2
120	100	579	10	191.5	0.4	0.4	0.2
120	101	680	7	243.7	0.3	0.3	0.1
120	102	697	9	252.2	0.3	0.3	0.2
120	103	2266	7	405.8	0.3	0.3	0.1
120	104	715	3	228.9	0.4	0.4	0.1
120	105	986	8	317	0.3	0.3	0.2
120	106	633	7	249.2	0.3	0.3	0.3
120	107	1372	5	375.7	0.3	0.3	0.1
120	108	1390	8	383.1	0.2	0.2	0.1
120	109	982	2	391.9	0.2	0.2	0
120	110	1227	3	200.2	0.4	0.4	0.2
120	111	1150	5	248.5	0.3	0.3	0.1
120	112	823	7	285	0.3	0.3	0.1
120	113	608	5	122.1	0.3	0.3	0.2
120	114	1233	15	237.6	0.3	0.3	0.2
120	115	722	10	246.8	0.4	0.4	0.1
120	116	928	5	189.3	0.3	0.3	0
120	117	1120	11	361.6	0.4	0.4	0.1
120	118	903	16	372.9	0.4	0.4	0
120	119	963	6	277.8	0.3	0.3	0.2
120	120	1958	18	407.6	0.3	0.3	0
130	1	1739	1	385.7	0.5	0.5	0
130	2	477	1	143.5	0.6	0.6	0
130	3	384	1	76.3	0.6	0.6	0
130	4	1760	1	275.9	0.6	0.6	0
130	5	1974	1	451.2	0.6	0.6	0
130	6	361	1	79.2	0.5	0.5	0
130	7	337	2	85.9	0.5	0.5	0
130	8	676	1	113.7	0.6	0.6	0
130	9	333	1	74.9	0.6	0.6	0.1
130	10	2635	2	426.9	0.5	0.5	0
130	11	1846	1	232.4	0.6	0.6	0
130	12	731	1	154.5	0.6	0.6	0.2
130	13	1040	2	131	0.7	0.7	0
130	14	2810	2	469.2	0.6	0.6	0
130	15	397	3	86.2	0.7	0.7	0
130	16	537	1	154.9	0.6	0.6	0.1
130	17	451	3	91.7	0.6	0.6	0.2
130	18	1363	2	273.4	0.6	0.6	0.1
130	19	797	4	235.6	0.6	0.6	0
130	20	1056	3	225.7	0.6	0.6	0
130	21	585	2	90.9	0.7	0.7	0.2
130	22	1172	4	206.8	0.6	0.6	0
130	23	388	5	101.6	0.6	0.6	0.2
130	24	185	1	62.1	0.6	0.6	0.2
130	25	534	2	105.7	0.6	0.6	0.2
130	26	316	4	87.9	0.6	0.6	0
130	27	296	3	89.2	0.6	0.6	0.3
130	28	948	2	181.1	0.6	0.6	0
130	29	1789	3	322.5	0.6	0.6	0.3
130	30	533	2	159.9	0.6	0.6	0.1
130	31	1803	4	389.7	0.6	0.6	0
130	32	1121	2	212.5	0.6	0.6	0.1
130	33	3962	4	428.8	0.6	0.6	0
130	34	1822	1	307.8	0.6	0.6	0.1
130	35	578	8	137.9	0.6	0.6	0.1
130	36	1391	4	174.8	0.6	0.6	0.1
130	37	1422	4	249.9	0.6	0.6	0
130	38	837	4	184.3	0.6	0.6	0.1
130	39	879	1	128.4	0.4	0.4	0.2
130	40	351	3	78.2	0.4	0.4	0
130	41	783	5	146.3	0.7	0.7	0
130	42	1148	6	281.6	0.6	0.6	0.1
130	43	527	1	122.8	0.6	0.6	0.2
130	44	1183	3	225	0.5	0.5	0.2
130	45	908	4	203.5	0.6	0.6	0.1
130	46	1601	5	388.2	0.7	0.7	0.2
130	47	241	16	78.3	0.6	0.6	0.1
130	48	1842	6	424.2	0.6	0.6	0.1
130	49	1798	4	309.6	0.6	0.6	0.3
130	50	1901	6	326.8	0.5	0.5	0.1
130	51	1126	4	248.8	0.6	0.6	0.1
130	52	937	3	282.1	0.6	0.6	0.3
130	53	1130	7	263.2	0.5	0.5	0.1
130	54	958	4	241.8	0.6	0.6	0.2
130	55	1884	4	462	0.6	0.6	0.1
130	56	1519	7	294.4	0.6	0.6	0.1
130	57	1270	1	184	0.6	0.6	0.2
130	58	809	5	186.9	0.5	0.5	0.4
130	59	728	10	172.8	0.6	0.6	0
130	60	1394	3	182.7	0.5	0.5	0
130	61	1205	4	295.7	0.6	0.6	0.2
130	62	831	5	247.2	0.6	0.6	0.2
130	63	2076	5	349.9	0.6	0.6	0.3
130	64	1363	6	275.9	0.6	0.6	0.3
130	65	773	4	245.5	0.6	0.6	0.2
130	66	631	1	160.6	0.6	0.6	0.3
130	67	426	2	120.7	0.6	0.6	0.5
130	68	2309	6	385.7	0.6	0.6	0.2
130	69	454	5	102.3	0.6	0.6	0.2
130	70	873	1	238.7	0.6	0.6	0.1
130	71	618	3	127.8	0.6	0.6	0.2
130	72	875	2	196.7	0.6	0.6	0.1
130	73	479	3	103	0.6	0.6	0.2
130	74	2192	6	327.9	0.6	0.6	0.2
130	75	1097	2	167.3	0.6	0.6	0.2
130	76	621	2	155.2	0.6	0.6	0.2
130	77	399	3	91.9	0.6	0.6	0.4
130	78	636	8	101.4	0.5	0.5	0
130	79	1957	4	324.4	0.5	0.5	0.2
130	80	644	4	123.1	0.6	0.6	0.2
130	81	1439	1	316.9	0.6	0.6	0.3
130	82	845	4	262	0.5	0.5	0.1
130	83	2931	6	514.7	0.6	0.6	0.3
130	84	795	4	226.4	0.6	0.6	0.3
130	85	599	6	172.4	0.4	0.4	0.2
130	86	560	3	144.7	0.6	0.6	0.3
130	87	815	4	178.5	0.5	0.5	0.3
130	88	947	7	222.2	0.7	0.7	0.3
130	89	224	4	65.7	0.6	0.6	0.3
130	90	1183	7	179.2	0.6	0.6	0.4
130	91	742	6	157.7	0.5	0.5	0.3
130	92	2136	9	457.7	0.6	0.6	0.2
130	93	847	3	113.6	0.5	0.5	0.3
130	94	1347	9	298.9	0.6	0.6	0.3
130	95	1836	1	342.3	0.6	0.6	0.5
130	96	1056	2	297	0.6	0.6	0.3
130	97	964	15	247.4	0.6	0.6	0.1
130	98	750	11	207.6	0.6	0.6	0.4
130	99	1005	8	234.5	0.5	0.5	0.2
130	100	917	3	252.7	0.6	0.6	0.2
130	101	406	6	93.1	0.6	0.6	0.1
130	102	763	2	153.2	0.6	0.6	0.3
130	103	1047	12	212.5	0.6	0.6	0.2
130	104	1242	1	242.9	0.7	0.7	0.2
130	105	1067	4	214.3	0.5	0.5	0.3
130	106	916	8	165.5	0.6	0.6	0.2
130	107	619	4	124	0.5	0.5	0.2
130	108	1151	5	287.7	0.6	0.6	0.4
130	109	687	7	222.6	0.5	0.5	0.3
130	110	258	2	67.4	0.7	0.7	0.3
130	111	1016	16	243.7	0.6	0.6	0.3
130	112	846	6	214.8	0.5	0.5	0.2
130	113	1614	2	294.5	0.6	0.6	0.4
130	114	461	6	104	0.5	0.5	0.4
130	115	927	3	202.2	0.4	0.4	0.3
130	116	433	7	144.6	0.4	0.4	0.1
130	117	467	1	77.2	0.5	0.5	0.2
130	118	641	3	158.2	0.6	0.6	0.3
130	119	1303	1	322.5	0.6	0.6	0.4
130	120	2191	3	390.2	0.6	0.6	0.3
130	121	1376	4	180.5	0.5	0.5	0.4
130	122	736	1	274.4	0.5	0.5	0.2
130	123	967	6	229.9	0.7	0.7	0.3
130	124	1687	2	278.8	0.6	0.6	0.4
130	125	939	5	189.6	0.6	0.6	0.5
130	126	903	11	187.4	0.5	0.5	0.4
130	127	1894	7	279.7	0.6	0.6	0.5
130	128	1306	1	351.5	0.6	0.6	0.3
130	129	627	12	139.4	0.6	0.6	0.4
130	130	629	4	155.4	0.5	0.5	0.2
140	1	928	1	196.5	0.5	0.5	0
140	2	968	1	317	0.6	0.6	0
140	3	1180	1	276.3	0.6	0.6	0
140	4	469	1	122.3	0.6	0.6	0
140	5	2330	1	370.6	0.6	0.6	0
140	6	588	1	153.5	0.6	0.6	0
140	7	1238	1	265.4	0.5	0.5	0
140	8	830	1	152.5	0.6	0.6	0
140	9	444	2	93.4	0.6	0.6	0
140	10	678	2	197.1	0.6	0.6	0.1
140	11	727	3	115.9	0.5	0.5	0
140	12	574	2	94.5	0.6	0.6	0
140	13	2225	5	291.8	0.6	0.6	0.1
140	14	1129	3	304.6	0.5	0.5	0
140	15	622	2	131.5	0.6	0.6	0.1
140	16	1013	1	192	0.6	0.6	0.1
140	17	1646	1	311.5	0.5	0.5	0
140	18	566	2	181.7	0.5	0.5	0.1
140	19	1028	1	226.8	0.5	0.5	0.1
140	20	1190	2	170.5	0.6	0.6	0.1
140	21	1221	3	311.4	0.6	0.6	0
140	22	1090	4	214.6	0.6	0.6	0
140	23	770	1	217.1	0.6	0.6	0.2
140	24	875	4	140.9	0.6	0.6	0
140	25	1129	2	198.7	0.6	0.6	0.2
140	26	1372	4	290.1	0.6	0.6	0.1
140	27	2015	4	374.7	0.6	0.6	0
140	28	1168	1	251.2	0.6	0.6	0.2
140	29	598	3	119.1	0.6	0.6	0
140	30	371	5	89.9	0.6	0.6	0
140	31	583	6	150.7	0.5	0.5	0
140	32	2538	4	486.8	0.6	0.6	0.2
140	33	1874	4	441.3	0.6	0.6	0
140	34	1670	3	332.2	0.6	0.6	0
140	35	1322	1	275	0.6	0.6	0.1
140	36	1410	1	387.6	0.5	0.5	0.2
140	37	1573	4	252.8	0.6	0.6	0
140	38	1065	3	163	0.7	0.7	0.2
140	39	1156	1	177.1	0.6	0.6	0.4
140	40	1550	2	257.8	0.5	0.5	0
140	41	652	4	142.6	0.5	0.5	0.2
140	42	1999	3	291.7	0.5	0.5	0
140	43	811	2	150.7	0.6	0.6	0.2
140	44	357	8	112.6	0.6	0.6	0.1
140	45	1129	5	182.8	0.6	0.6	0.3
140	46	1567	6	267.9	0.6	0.6	0.3
140	47	495	4	148.5	0.5	0.5	0.1
140	48	3658	5	577.4	0.5	0.5	0
140	49	1191	2	194.8	0.6	0.6	0.2
140	50	1538	5	191	0.6	0.6	0.1
140	51	700	3	164.6	0.7	0.7	0.4
140	52	1538	3	299.4	0.6	0.6	0.1
140	53	653	5	145.9	0.6	0.6	0.2
140	54	1129	6	231	0.6	0.6	0.3
140	55	814	4	168.6	0.5	0.5	0
140	56	787	4	215.5	0.6	0.6	0.3
140	57	883	8	234.3	0.6	0.6	0.1
140	58	997	8	208.1	0.5	0.5	0.1
140	59	209	2	55.3	0.4	0.4	0
140	60	1869	7	335.4	0.5	0.5	0.3
140	61	702	8	178.6	0.5	0.5	0.3
140	62	674	3	150.4	0.6	0.6	0.1
140	63	1100	5	248.8	0.6	0.6	0.2
140	64	768	11	166.2	0.7	0.7	0.1
140	65	575	5	126.1	0.6	0.6	0.4
140	66	982	4	201.9	0.6	0.6	0.2
140	67	1469	10	271.9	0.5	0.5	0.2
140	68	1213	1	258.1	0.6	0.6	0.3
140	69	2333	8	353.9	0.6	0.6	0.2
140	70	1989	5	269.5	0.6	0.6	0.2
140	71	528	8	164.1	0.5	0.5	0.1
140	72	1276	7	175.7	0.6	0.6	0
140	73	891	7	190.2	0.6	0.6	0.2
140	74	269	4	66.3	0.5	0.5	0.1
140	75	1490	4	331.8	0.6	0.6	0.2
140	76	451	4	137.4	0.5	0.5	0.1
140	77	494	8	139.8	0.6	0.6	0.1
140	78	425	2	119.7	0.6	0.6	0.4
140	79	873	2	208.2	0.6	0.6	0.2
140	80	1057	4	206.1	0.6	0.6	0.2
140	81	943	5	189.3	0.6	0.6	0.3
140	82	1271	2	334.9	0.6	0.6	0.2
140	83	349	9	102.8	0.5	0.5	0.2
140	84	3597	6	420	0.5	0.5	0.2
140	85	526	6	125.8	0.6	0.6	0.4
140	86	425	7	113.9	0.6	0.6	0.3
140	87	756	2	159.8	0.6	0.6	0.3
140	88	1599	1	214.3	0.6	0.6	0.4
140	89	970	1	256.2	0.5	0.5	0.2
140	90	1454	10	199.7	0.5	0.5	0
140	91	1164	17	211.8	0.6	0.6	0.1
140	92	1477	1	430.3	0.5	0.5	0.2
140	93	2106	8	418.2	0.6	0.6	0.3
140	94	564	4	99.7	0.6	0.6	0.4
140	95	1080	6	286.2	0.6	0.6	0.2
140	96	630	6	198.7	0.5	0.5	0.4
140	97	3277	13	401.5	0.6	0.6	0.1
140	98	775	1	185.1	0.6	0.6	0.2
140	99	1622	3	359	0.6	0.6	0.1
140	100	410	2	113	0.6	0.6	0.5
140	101	1796	6	360.4	0.6	0.6	0.5
140	102	739	1	131.3	0.5	0.5	0.4
140	103	930	3	246.1	0.6	0.6	0.2
140	104	1811	4	356.5	0.6	0.6	0.3
140	105	575	9	140.5	0.6	0.6	0.3
140	106	1012	2	270.2	0.5	0.5	0.1
140	107	924	5	209	0.6	0.6	0.2
140	108	601	5	139.7	0.6	0.6	0.3
140	109	392	3	104.2	0.6	0.6	0.1
140	110	1113	8	337.5	0.6	0.6	0.1
140	111	713	3	230.2	0.6	0.6	0.3
140	112	743	12	189.4	0.6	0.6	0.3
140	113	874	5	285.3	0.5	0.5	0.2
140	114	957	2	213.1	0.5	0.5	0.2
140	115	86	4	32.9	0.6	0.6	0.3
140	116	408	8	81.3	0.6	0.6	0.3
140	117	794	1	202.1	0.6	0.6	0.4
140	118	2075	13	412.1	0.6	0.6	0.1
140	119	673	4	195.4	0.6	0.6	0.2
140	120	1566	8	323.7	0.6	0.6	0.3
140	121	745	2	160.3	0.5	0.5	0.2
140	122	1157	9	414.1	0.6	0.6	0
140	123	1300	9	187	0.6	0.6	0.4
140	124	300	2	93.8	0.6	0.6	0.4
140	125	804	4	223.3	0.6	0.6	0.1
140	126	1311	11	190.3	0.6	0.6	0.2
140	127	1163	10	373.7	0.6	0.6	0.1
140	128	804	6	163.2	0.6	0.6	0.5
140	129	2152	4	292.5	0.6	0.6	0.2
140	130	3140	3	440.1	0.6	0.6	0.3
140	131	862	2	162.6	0.6	0.6	0.2
140	132	978	5	190	0.5	0.5	0.3
140	133	445	12	136.3	0.6	0.6	0.3
140	134	1489	12	289	0.4	0.4	0
140	135	1815	4	318.3	0.6	0.6	0.5
140	136	819	7	248.7	0.4	0.4	0.2
140	137	1132	14	385.6	0.6	0.6	0.2
140	138	1524	2	425.3	0.6	0.6	0.4
140	139	593	9	174	0.5	0.5	0
140	140	795	3	228.7	0.6	0.6	0.1
150	1	73	1	14.7	0.9	0.9	0
150	2	424	1	81.2	0.8	0.8	0
150	3	42	1	11.3	0.9	0.9	0
150	4	136	1	25.9	0.8	0.8	0
150	5	272	1	32.6	0.8	0.8	0
150	6	767	1	137.4	0.8	0.8	0.1
150	7	101	1	18.1	0.9	0.9	0
150	8	1255	1	154.8	0.8	0.8	0.2
150	9	1378	1	154.8	0.8	0.8	0
150	10	462	2	76.7	0.8	0.8	0.1
150	11	54	1	14.1	0.9	0.9	0
150	12	161	2	24.8	0.9	0.9	0.2
150	13	313	2	42.5	0.9	0.9	0
150	14	855	2	164.2	0.8	0.8	0
150	15	49	2	13.6	0.9	0.9	0.1
150	16	479	3	63	0.8	0.8	0.1
150	17	89	1	21.1	0.9	0.9	0.1
150	18	100	3	30.6	0.9	0.9	0.2
150	19	661	1	76	0.8	0.8	0.1
150	20	617	3	79.1	0.8	0.8	0.1
150	21	671	2	77.2	0.9	0.9	0.1
150	22	441	1	56.2	0.7	0.7	0.1
150	23	252	2	38.8	0.9	0.9	0.3
150	24	657	2	76.7	0.9	0.9	0.2
150	25	900	1	103.1	0.9	0.9	0.2
150	26	558	1	91.8	0.9	0.9	0.4
150	27	122	3	24.7	0.8	0.8	0
150	28	100	5	22.8	0.9	0.9	0.1
150	29	352	2	45.4	0.8	0.8	0.5
150	30	115	5	34	0.8	0.8	0.3
150	31	1111	1	140	0.8	0.8	0.2
150	32	95	2	26.7	0.9	0.9	0.1
150	33	639	1	118.3	0.9	0.9	0.1
150	34	544	2	68.5	0.9	0.9	0.2
150	35	2108	1	312.2	0.7	0.7	0.5
150	36	560	4	106.6	0.9	0.9	0.2
150	37	1363	1	148.1	0.7	0.7	0.1
150	38	1119	2	141.5	0.9	0.9	0.3
150	39	183	3	30	0.9	0.9	0.2
150	40	908	3	111.6	0.9	0.9	0.4
150	41	984	4	144.5	0.7	0.7	0.1
150	42	338	2	62.1	0.8	0.8	0.2
150	43	1110	3	127.4	0.8	0.8	0.3
150	44	216	3	47	0.7	0.7	0.2
150	45	1503	2	160.9	0.9	0.9	0.5
150	46	562	4	99.6	0.8	0.8	0.1
150	47	854	1	126.2	0.7	0.7	0.3
150	48	478	1	91.3	0.9	0.9	0.3
150	49	171	2	32.3	0.8	0.8	0.4
150	50	141	3	37.9	0.8	0.8	0.4
150	51	1948	1	231.7	0.7	0.7	0.3
150	52	590	4	88.5	0.8	0.8	0.2
150	53	804	4	108.7	0.8	0.8	0.2
150	54	815	1	91.9	0.9	0.9	0.1
150	55	80	1	30.9	0.9	0.9	0.4
150	56	2004	2	236.4	0.8	0.8	0.3
150	57	805	3	103	0.8	0.8	0.1
150	58	571	5	73.2	0.9	0.9	0.2
150	59	337	2	59	0.8	0.8	0.3
150	60	1936	5	290.7	0.8	0.8	0.1
150	61	563	1	80.3	0.9	0.9	0.5
150	62	1572	1	216.8	0.8	0.8	0.2
150	63	67	3	19.9	0.8	0.8	0.2
150	64	24	6	12.7	0.8	0.8	0.1
150	65	987	5	117.7	0.8	0.8	0.2
150	66	136	3	28.5	0.9	0.9	0.4
150	67	672	3	81.9	0.7	0.7	0.3
150	68	305	5	61.9	0.8	0.8	0.2
150	69	141	1	24.3	0.9	0.9	0.4
150	70	392	1	71.5	0.8	0.8	0.6
150	71	401	2	75.8	0.9	0.9	0.3
150	72	538	4	96.2	0.8	0.8	0.2
150	73	835	2	115.1	0.9	0.9	0.5
150	74	264	1	48.5	0.9	0.9	0.3
150	75	1209	8	152.4	0.9	0.9	0.3
150	76	139	5	39.1	0.9	0.9	0.5
150	77	143	1	28.7	0.9	0.9	0.5
150	78	466	4	64.1	0.9	0.9	0.2
150	79	157	1	28.2	0.7	0.7	0.5
150	80	1499	4	270.7	0.8	0.8	0.3
150	81	321	2	47.8	0.9	0.9	0.5
150	82	501	6	107	0.8	0.8	0.2
150	83	879	5	129.8	0.8	0.8	0.3
150	84	244	1	59.4	0.9	0.9	0.5
150	85	224	5	49.1	0.9	0.9	0.1
150	86	404	3	66.3	0.8	0.8	0.5
150	87	535	2	96.8	0.7	0.7	0.4
150	88	93	2	24.7	0.8	0.8	0.3
150	89	588	2	103	0.9	0.9	0.6
150	90	434	7	78.4	0.8	0.8	0.2
150	91	659	3	90.4	0.6	0.6	0.1
150	92	742	6	93.7	0.8	0.8	0.4
150	93	601	7	86.6	0.8	0.8	0.3
150	94	286	3	54	0.7	0.7	0.5
150	95	216	7	49.4	0.7	0.7	0.5
150	96	631	5	128	0.9	0.9	0.6
150	97	782	1	96	0.7	0.7	0.2
150	98	516	4	74.5	0.8	0.8	0.3
150	99	438	3	72	0.8	0.8	0.3
150	100	235	4	42.9	0.7	0.7	0.5
150	101	3934	2	404.4	0.8	0.8	0.5
150	102	213	1	54.5	0.7	0.7	0.5
150	103	353	4	51.3	0.8	0.8	0.3
150	104	62	2	19.2	0.9	0.9	0.4
150	105	105	3	27.1	0.8	0.8	0.2
150	106	2487	8	289	0.7	0.7	0.5
150	107	396	2	60.6	0.9	0.9	0.9
150	108	443	6	71.5	0.9	0.9	0.6
150	109	542	2	118.1	0.8	0.8	0.6
150	110	144	3	30.6	0.7	0.7	0.3
150	111	616	6	79	0.9	0.9	0.5
150	112	262	2	67.1	0.7	0.7	0.2
150	113	381	2	54.5	0.9	0.9	0.5
150	114	1235	4	178.7	0.9	0.9	0.3
150	115	363	1	62.6	0.7	0.7	0.3
150	116	502	1	77.4	0.8	0.8	0.4
150	117	334	3	78.3	0.7	0.7	0.3
150	118	409	7	67.2	0.9	0.9	0.6
150	119	122	2	26.1	0.8	0.8	0.5
150	120	187	2	51.6	0.8	0.8	0.8
150	121	1589	2	217.8	0.8	0.8	0.2
150	122	117	5	28.3	0.7	0.7	0.4
150	123	965	4	127.3	0.6	0.6	0.3
150	124	251	2	53.3	0.8	0.8	0.3
150	125	816	9	109.5	0.8	0.8	0.5
150	126	440	1	75.6	0.9	0.9	0.2
150	127	352	3	72.8	0.7	0.7	0.3
150	128	490	2	61	0.8	0.8	0.3
150	129	753	3	90.3	0.7	0.7	0.4
150	130	574	3	76.5	0.9	0.9	0.6
150	131	52	1	21.6	0.9	0.9	0.6
150	132	1029	6	131.2	0.8	0.8	0.3
150	133	806	7	104.2	0.9	0.9	0.6
150	134	372	7	58.2	0.9	0.9	0.5
150	135	1066	7	172.3	0.8	0.8	0.4
150	136	488	2	68.7	0.7	0.7	0.3
150	137	81	4	27.8	0.9	0.9	0.5
150	138	667	1	113.9	0.8	0.8	0.7
150	139	648	2	96.6	0.8	0.8	0.4
150	140	2286	1	242.3	0.8	0.8	0.4
150	141	370	3	86.2	0.7	0.7	0.3
150	142	236	2	39.8	0.7	0.7	0.4
150	143	340	1	60	0.7	0.7	0.4
150	144	400	1	87.6	0.6	0.6	0.4
150	145	892	5	191.2	0.8	0.8	0.2
150	146	1357	1	167	0.8	0.8	0.5
150	147	3480	8	364.2	0.8	0.8	0.6
150	148	208	3	39.5	0.8	0.8	0.6
150	149	944	1	162.9	0.8	0.8	0.5
150	150	1943	1	241.9	0.8	0.8	0.5
160	1	556	1	113.4	0.8	0.8	0
160	2	465	1	63.6	0.8	0.8	0
160	3	421	1	77.9	0.8	0.8	0
160	4	560	1	74.6	0.8	0.8	0.1
160	5	541	1	70.1	0.8	0.8	0.1
160	6	599	1	78.4	0.8	0.8	0
160	7	1791	1	272.7	0.8	0.8	0.1
160	8	559	1	86.4	0.8	0.8	0.1
160	9	1831	1	274.6	0.9	0.9	0
160	10	1067	2	133.4	0.7	0.7	0
160	11	402	2	69.7	0.8	0.8	0
160	12	637	1	118.2	0.7	0.7	0
160	13	829	2	128.1	0.6	0.6	0.1
160	14	77	3	22.8	0.8	0.8	0.1
160	15	317	2	56.6	0.8	0.8	0.1
160	16	981	1	155.5	0.7	0.7	0.2
160	17	366	2	62.8	0.6	0.6	0.1
160	18	1571	2	294.3	0.7	0.7	0
160	19	1860	4	237.9	0.8	0.8	0.1
160	20	2733	3	364.7	0.8	0.8	0
160	21	1014	1	114.3	0.8	0.8	0.2
160	22	111	1	21.5	0.8	0.8	0.2
160	23	1863	1	295.3	0.8	0.8	0
160	24	785	3	123.4	0.8	0.8	0.3
160	25	469	3	69.3	0.6	0.6	0.2
160	26	985	1	167.8	0.7	0.7	0.2
160	27	958	2	140.6	0.7	0.7	0.1
160	28	896	1	145.2	0.8	0.8	0.2
160	29	486	4	128	0.8	0.8	0.1
160	30	635	4	92	0.8	0.8	0.2
160	31	978	2	184	0.8	0.8	0.2
160	32	249	7	50.6	0.8	0.8	0
160	33	1191	2	157.9	0.8	0.8	0
160	34	773	1	110.2	0.8	0.8	0.3
160	35	91	2	29.1	0.8	0.8	0.1
160	36	2170	1	252.9	0.8	0.8	0.2
160	37	338	5	54.2	0.7	0.7	0
160	38	457	8	95.9	0.7	0.7	0.2
160	39	1501	4	192.2	0.8	0.8	0.3
160	40	796	3	129.5	0.8	0.8	0.3
160	41	320	1	52.3	0.8	0.8	0.3
160	42	771	4	125.2	0.8	0.8	0.1
160	43	963	3	171	0.6	0.6	0.1
160	44	634	1	138.4	0.7	0.7	0.2
160	45	724	4	146.5	0.8	0.8	0.1
160	46	1353	6	160.9	0.8	0.8	0.3
160	47	215	5	54.3	0.7	0.7	0.3
160	48	645	1	96	0.7	0.7	0.3
160	49	1523	2	327.6	0.7	0.7	0.3
160	50	997	2	162.3	0.8	0.8	0.5
160	51	701	1	229.2	0.6	0.6	0.5
160	52	250	5	63.5	0.8	0.8	0.2
160	53	1341	4	175.6	0.7	0.7	0.2
160	54	1050	2	167.1	0.7	0.7	0.1
160	55	1897	5	287.3	0.7	0.7	0.2
160	56	1120	1	284.7	0.7	0.7	0.2
160	57	524	1	78.2	0.7	0.7	0.1
160	58	486	11	91.4	0.7	0.7	0.1
160	59	225	5	55.6	0.8	0.8	0.2
160	60	439	6	79.3	0.7	0.7	0.2
160	61	2206	5	309	0.6	0.6	0.2
160	62	1125	5	196.1	0.6	0.6	0.2
160	63	1950	1	208.7	0.7	0.7	0.4
160	64	547	2	83.6	0.7	0.7	0.3
160	65	808	4	107.9	0.8	0.8	0.3
160	66	725	2	99.7	0.8	0.8	0.3
160	67	1028	5	138	0.8	0.8	0.2
160	68	441	2	155.6	0.6	0.6	0
160	69	1001	2	260.1	0.7	0.7	0.3
160	70	1197	4	250.1	0.7	0.7	0.2
160	71	855	3	162.7	0.8	0.8	0.5
160	72	1443	6	192.1	0.7	0.7	0.2
160	73	565	1	135.2	0.7	0.7	0.1
160	74	1038	3	243.3	0.7	0.7	0.2
160	75	1039	1	180.3	0.7	0.7	0.3
160	76	2416	4	275.9	0.7	0.7	0.2
160	77	296	1	69.4	0.6	0.6	0.3
160	78	869	6	199.3	0.6	0.6	0.3
160	79	683	1	83.5	0.8	0.8	0.5
160	80	1204	1	213.4	0.6	0.6	0.3
160	81	433	4	84.5	0.5	0.5	0.3
160	82	382	8	85.9	0.7	0.7	0.1
160	83	922	3	122.4	0.8	0.8	0.5
160	84	1121	4	285.3	0.7	0.7	0.4
160	85	939	1	109	0.7	0.7	0.2
160	86	335	5	73.3	0.7	0.7	0.3
160	87	1311	2	197.1	0.8	0.8	0.1
160	88	1237	2	143.5	0.7	0.7	0.2
160	89	1284	4	338.7	0.8	0.8	0.5
160	90	639	1	207.5	0.7	0.7	0.5
160	91	2832	1	382.7	0.6	0.6	0.4
160	92	915	2	153.6	0.7	0.7	0.3
160	93	1342	5	270.7	0.7	0.7	0.3
160	94	1708	3	230.2	0.7	0.7	0.4
160	95	785	4	111.3	0.8	0.8	0.5
160	96	368	2	103.4	0.6	0.6	0.2
160	97	348	8	114.5	0.6	0.6	0.2
160	98	255	3	61.7	0.8	0.8	0.5
160	99	1192	7	223.3	0.7	0.7	0.4
160	100	1251	4	164.6	0.8	0.8	0.3
160	101	531	5	90.8	0.8	0.8	0.3
160	102	1791	1	225	0.7	0.7	0.4
160	103	520	6	87.1	0.8	0.8	0.2
160	104	637	1	92.9	0.7	0.7	0.3
160	105	2427	4	451.7	0.7	0.7	0.3
160	106	769	8	139.1	0.7	0.7	0.5
160	107	403	5	108.2	0.7	0.7	0.3
160	108	562	2	75.6	0.6	0.6	0.4
160	109	1200	2	188.6	0.5	0.5	0.1
160	110	476	1	85.5	0.7	0.7	0.3
160	111	616	5	123.7	0.7	0.7	0.3
160	112	720	1	98.9	0.7	0.7	0.4
160	113	534	6	73.3	0.7	0.7	0.3
160	114	1414	7	261.9	0.7	0.7	0.1
160	115	1299	6	204.3	0.7	0.7	0.3
160	116	483	2	93.2	0.8	0.8	0.6
160	117	989	4	136	0.6	0.6	0.4
160	118	67	4	27.6	0.7	0.7	0.5
160	119	573	5	135.8	0.7	0.7	0.5
160	120	693	1	162.7	0.5	0.5	0.5
160	121	908	4	162.1	0.7	0.7	0.2
160	122	2399	6	276.1	0.6	0.6	0.3
160	123	460	1	71.3	0.7	0.7	0.3
160	124	926	7	145.5	0.6	0.6	0.3
160	125	3520	5	383.4	0.8	0.8	0.5
160	126	635	6	121.4	0.7	0.7	0.1
160	127	236	9	56.6	0.7	0.7	0.5
160	128	357	6	77.5	0.8	0.8	0.2
160	129	858	2	200.3	0.7	0.7	0.4
160	130	1383	5	161.4	0.8	0.8	0.4
160	131	417	2	70.6	0.8	0.8	0.5
160	132	1152	5	158.3	0.8	0.8	0.4
160	133	155	3	48.6	0.7	0.7	0.4
160	134	289	5	70.4	0.7	0.7	0.3
160	135	990	1	150.4	0.8	0.8	0.4
160	136	1197	1	187.6	0.8	0.8	0.4
160	137	401	3	98.8	0.7	0.7	0.3
160	138	1015	1	210.1	0.6	0.6	0.5
160	139	2956	6	559.2	0.7	0.7	0.4
160	140	787	2	129.4	0.8	0.8	0.4
160	141	773	4	132.4	0.8	0.8	0.4
160	142	628	2	85.3	0.8	0.8	0.5
160	143	966	1	160.6	0.7	0.7	0.2
160	144	2036	6	492	0.6	0.6	0.4
160	145	287	2	60.8	0.7	0.7	0.3
160	146	740	5	170.4	0.7	0.7	0.4
160	147	860	4	153.5	0.6	0.6	0.1
160	148	581	2	164.8	0.7	0.7	0.3
160	149	293	7	85.6	0.8	0.8	0.3
160	150	386	2	89.7	0.7	0.7	0.5
160	151	211	2	48.3	0.7	0.7	0.3
160	152	2395	9	390	0.7	0.7	0.3
160	153	1206	6	183.6	0.6	0.6	0.3
160	154	1667	1	339.4	0.7	0.7	0.4
160	155	1840	4	301.2	0.6	0.6	0.4
160	156	1007	2	211.6	0.6	0.6	0.5
160	157	1985	3	229	0.7	0.7	0.4
160	158	1252	3	162.3	0.7	0.7	0.5
160	159	1938	2	299.5	0.5	0.5	0.2
160	160	1217	8	150.7	0.8	0.8	0.6
170	1	402	1	76.1	0.8	0.8	0
170	2	446	1	119	0.6	0.6	0
170	3	1396	1	277.1	0.7	0.7	0
170	4	912	1	230.7	0.8	0.8	0
170	5	668	2	149.9	0.7	0.7	0
170	6	418	2	89.8	0.7	0.7	0
170	7	211	2	66.6	0.7	0.7	0.1
170	8	688	1	142.4	0.7	0.7	0
170	9	2997	1	363.8	0.8	0.8	0.1
170	10	280	2	70.9	0.6	0.6	0
170	11	682	2	125.8	0.7	0.7	0.2
170	12	497	1	93.5	0.7	0.7	0
170	13	490	2	83.8	0.9	0.9	0
170	14	792	3	142.3	0.8	0.8	0
170	15	716	2	121.5	0.7	0.7	0.1
170	16	1745	3	276.6	0.6	0.6	0.1
170	17	571	2	113.5	0.5	0.5	0.2
170	18	130	2	37.4	0.7	0.7	0.1
170	19	1203	3	225.7	0.6	0.6	0
170	20	456	2	106.1	0.8	0.8	0.3
170	21	1007	4	196.8	0.8	0.8	0.1
170	22	448	4	102.1	0.6	0.6	0
170	23	455	4	87.4	0.6	0.6	0.1
170	24	209	2	81.1	0.7	0.7	0.1
170	25	956	1	133.1	0.6	0.6	0.1
170	26	563	2	95.7	0.7	0.7	0
170	27	159	6	47.2	0.7	0.7	0
170	28	721	4	179.2	0.7	0.7	0.2
170	29	1470	6	187.5	0.8	0.8	0
170	30	1122	4	347.2	0.4	0.4	0
170	31	631	1	172.8	0.4	0.4	0.1
170	32	332	1	84.8	0.8	0.8	0.2
170	33	998	2	162.7	0.7	0.7	0.2
170	34	1899	1	239.4	0.6	0.6	0.1
170	35	943	4	152.1	0.6	0.6	0.1
170	36	833	3	139.9	0.8	0.8	0.4
170	37	707	4	153.4	0.6	0.6	0.1
170	38	813	1	158.1	0.5	0.5	0.1
170	39	753	3	172.7	0.7	0.7	0.1
170	40	2075	3	262.1	0.8	0.8	0.2
170	41	906	6	169.3	0.6	0.6	0.1
170	42	484	5	97.2	0.6	0.6	0
170	43	726	3	152.1	0.6	0.6	0
170	44	1262	6	189.6	0.7	0.7	0
170	45	1788	6	374.3	0.7	0.7	0.2
170	46	517	3	76.6	0.7	0.7	0.3
170	47	300	5	96.8	0.6	0.6	0.2
170	48	1637	2	257.5	0.7	0.7	0.4
170	49	441	7	116.8	0.7	0.7	0.1
170	50	395	8	93.3	0.6	0.6	0.2
170	51	767	5	165.1	0.7	0.7	0
170	52	453	5	80.5	0.5	0.5	0.1
170	53	982	5	163.8	0.7	0.7	0
170	54	1309	1	347	0.8	0.8	0.4
170	55	638	7	208.5	0.5	0.5	0.1
170	56	2221	5	297.8	0.7	0.7	0.2
170	57	1052	4	157.4	0.7	0.7	0.3
170	58	2149	8	365.4	0.8	0.8	0.1
170	59	983	3	181.1	0.4	0.4	0.1
170	60	1606	4	385.5	0.6	0.6	0.1
170	61	2750	2	542.1	0.7	0.7	0
170	62	1578	13	238.6	0.7	0.7	0.1
170	63	1026	7	144	0.8	0.8	0.4
170	64	1130	7	265.6	0.4	0.4	0
170	65	540	6	90.2	0.5	0.5	0.1
170	66	195	6	46	0.7	0.7	0.2
170	67	690	2	108.6	0.7	0.7	0.4
170	68	2775	14	319.1	0.5	0.5	0.3
170	69	934	10	211	0.7	0.7	0
170	70	2021	3	517.5	0.7	0.7	0.2
170	71	635	5	132	0.7	0.7	0.4
170	72	1072	4	201.1	0.5	0.5	0.2
170	73	293	2	96.6	0.8	0.8	0.2
170	74	1202	5	268.2	0.7	0.7	0.2
170	75	775	5	221.9	0.7	0.7	0.3
170	76	2667	14	422.4	0.6	0.6	0
170	77	847	3	157.4	0.7	0.7	0.2
170	78	484	4	129.9	0.7	0.7	0.3
170	79	813	1	125.8	0.8	0.8	0.2
170	80	541	1	146.4	0.8	0.8	0.4
170	81	123	7	35.7	0.6	0.6	0.3
170	82	1320	9	234.2	0.7	0.7	0.1
170	83	623	2	150.6	0.7	0.7	0.4
170	84	1042	8	237.6	0.7	0.7	0.1
170	85	1997	6	448.5	0.6	0.6	0.1
170	86	257	2	71.7	0.6	0.6	0.1
170	87	1302	6	212.4	0.7	0.7	0.5
170	88	767	3	123.8	0.8	0.8	0.3
170	89	1372	1	299.6	0.7	0.7	0.3
170	90	1192	4	192.8	0.8	0.8	0.4
170	91	441	14	141.3	0.5	0.5	0.2
170	92	633	10	113.9	0.6	0.6	0.2
170	93	562	5	146.9	0.8	0.8	0.2
170	94	686	1	123.3	0.7	0.7	0.2
170	95	131	8	42.3	0.6	0.6	0.2
170	96	600	6	171.3	0.6	0.6	0.2
170	97	897	4	136.4	0.5	0.5	0.2
170	98	1362	1	242.4	0.7	0.7	0.3
170	99	2130	8	289	0.6	0.6	0.1
170	100	2710	1	343.1	0.8	0.8	0.3
170	101	421	7	115.7	0.6	0.6	0.2
170	102	373	2	103.9	0.5	0.5	0.2
170	103	872	5	141.3	0.7	0.7	0.4
170	104	163	3	62	0.7	0.7	0.5
170	105	1330	3	196.8	0.6	0.6	0
170	106	1308	8	259.8	0.7	0.7	0.2
170	107	809	1	98.4	0.6	0.6	0.4
170	108	709	8	149.5	0.5	0.5	0.3
170	109	297	13	86.5	0.7	0.7	0
170	110	371	5	160.6	0.6	0.6	0.3
170	111	1595	3	254.1	0.8	0.8	0.3
170	112	524	2	103.7	0.5	0.5	0.1
170	113	354	7	61.7	0.6	0.6	0.2
170	114	620	6	162.6	0.6	0.6	0.2
170	115	523	5	109.1	0.7	0.7	0.1
170	116	894	12	156.2	0.7	0.7	0.2
170	117	873	3	205.4	0.8	0.8	0.1
170	118	2337	3	274.5	0.5	0.5	0.4
170	119	298	5	83.6	0.8	0.8	0.3
170	120	507	18	135.1	0.7	0.7	0.3
170	121	1667	5	303.9	0.7	0.7	0.6
170	122	896	1	155	0.7	0.7	0.3
170	123	712	7	144.9	0.6	0.6	0.5
170	124	1301	10	323.5	0.7	0.7	0.3
170	125	611	10	134.3	0.6	0.6	0.1
170	126	712	4	188.7	0.8	0.8	0.4
170	127	1477	2	193.5	0.7	0.7	0.4
170	128	1954	6	274.5	0.7	0.7	0.4
170	129	1492	3	216.1	0.7	0.7	0.1
170	130	568	7	136.1	0.6	0.6	0.4
170	131	1322	8	213.2	0.7	0.7	0.2
170	132	356	14	105.9	0.6	0.6	0.1
170	133	421	5	112.1	0.7	0.7	0.3
170	134	1119	5	195.5	0.7	0.7	0.4
170	135	1094	6	178	0.7	0.7	0.3
170	136	577	5	168.5	0.7	0.7	0.2
170	137	1163	7	280.4	0.6	0.6	0.1
170	138	218	6	80.9	0.6	0.6	0.2
170	139	497	3	146.2	0.6	0.6	0.2
170	140	1831	9	389.2	0.6	0.6	0.2
170	141	208	3	63.9	0.6	0.6	0.5
170	142	973	11	214.2	0.6	0.6	0.3
170	143	406	8	101.9	0.6	0.6	0.1
170	144	610	6	120.8	0.7	0.7	0.1
170	145	1272	15	302.2	0.7	0.7	0.3
170	146	413	2	122.3	0.6	0.6	0.3
170	147	456	7	99.4	0.7	0.7	0.3
170	148	712	7	125.2	0.8	0.8	0.2
170	149	925	3	152.1	0.5	0.5	0.3
170	150	531	18	125.4	0.7	0.7	0.3
170	151	1038	6	162.6	0.7	0.7	0.5
170	152	1697	11	354.4	0.6	0.6	0.2
170	153	2379	4	325	0.7	0.7	0.3
170	154	595	6	127.8	0.6	0.6	0.4
170	155	919	10	227.5	0.7	0.7	0.3
170	156	1561	11	346.6	0.6	0.6	0.2
170	157	1080	6	203.6	0.7	0.7	0.4
170	158	1158	1	179.1	0.5	0.5	0.3
170	159	618	2	115.7	0.6	0.6	0.3
170	160	1379	1	223.6	0.7	0.7	0.2
170	161	1694	14	232.4	0.6	0.6	0.4
170	162	454	4	77.1	0.7	0.7	0.3
170	163	922	11	193.4	0.7	0.7	0.3
170	164	277	1	57.7	0.7	0.7	0.5
170	165	1199	3	277	0.8	0.8	0.4
170	166	979	15	249.2	0.6	0.6	0.2
170	167	764	2	167.6	0.7	0.7	0.4
170	168	1182	5	172.8	0.6	0.6	0.3
170	169	363	7	69	0.7	0.7	0.2
170	170	799	7	246.9	0.4	0.4	0.1
180	1	1738	1	401.6	0.5	0.5	0
180	2	1258	1	261.8	0.5	0.5	0
180	3	1606	1	263.4	0.5	0.5	0
180	4	2090	1	366.8	0.6	0.6	0
180	5	1220	1	260.3	0.5	0.5	0
180	6	1779	1	288.7	0.5	0.5	0.1
180	7	710	1	195.6	0.4	0.4	0
180	8	819	2	242.3	0.5	0.5	0
180	9	1279	2	328.3	0.4	0.4	0
180	10	356	1	98.7	0.6	0.6	0
180	11	626	2	145.1	0.7	0.7	0
180	12	1976	2	386.3	0.4	0.4	0
180	13	814	3	109.7	0.5	0.5	0
180	14	1679	1	386.4	0.4	0.4	0.2
180	15	965	1	184.8	0.4	0.4	0
180	16	957	2	210.2	0.4	0.4	0
180	17	421	2	97.4	0.5	0.5	0
180	18	1619	2	253	0.4	0.4	0.1
180	19	1289	3	368.4	0.5	0.5	0.1
180	20	2196	3	452.2	0.4	0.4	0
180	21	697	2	153.6	0.4	0.4	0
180	22	1147	3	211.6	0.4	0.4	0
180	23	635	5	181.9	0.5	0.5	0
180	24	859	7	152.2	0.6	0.6	0
180	25	708	6	219.9	0.5	0.5	0.1
180	26	1969	6	309.7	0.3	0.3	0
180	27	1388	4	329.9	0.5	0.5	0
180	28	426	2	115.4	0.4	0.4	0
180	29	1558	5	347.7	0.5	0.5	0
180	30	1714	5	382.9	0.2	0.2	0.1
180	31	884	9	290.2	0.1	0.1	0
180	32	330	3	99.5	0.5	0.5	0
180	33	1069	2	248.2	0.4	0.4	0.1
180	34	565	5	119.8	0.5	0.5	0.1
180	35	508	7	144.4	0.4	0.4	0.2
180	36	386	4	157.2	0.5	0.5	0
180	37	1952	1	290.2	0.4	0.4	0.2
180	38	569	3	156.7	0.5	0.5	0
180	39	555	8	146.3	0.2	0.2	0
180	40	1223	5	274.3	0.4	0.4	0.1
180	41	681	1	153.6	0.5	0.5	0.2
180	42	941	3	261.8	0.2	0.2	0.1
180	43	544	6	198.4	0.4	0.4	0.2
180	44	998	3	174.7	0.5	0.5	0.1
180	45	1112	2	276.7	0.4	0.4	0.2
180	46	358	1	114.6	0.5	0.5	0.1
180	47	874	14	264.1	0.4	0.4	0
180	48	977	11	172.3	0.5	0.5	0.3
180	49	1575	3	292.7	0.4	0.4	0.1
180	50	1581	9	407.2	0.6	0.6	0.2
180	51	793	4	356.4	0.3	0.3	0
180	52	874	6	340.2	0.2	0.2	0.1
180	53	828	10	234	0.4	0.4	0
180	54	1481	1	473.4	0.3	0.3	0.2
180	55	245	1	59.2	0.5	0.5	0.3
180	56	697	5	249.7	0.5	0.5	0.2
180	57	934	3	267.8	0.3	0.3	0.1
180	58	1418	8	431.4	0.6	0.6	0.2
180	59	906	6	243	0.2	0.2	0
180	60	1315	9	328.7	0.3	0.3	0.1
180	61	1388	22	370	0.3	0.3	0
180	62	1229	2	245.3	0.5	0.5	0.4
180	63	1885	2	540.8	0.3	0.3	0.2
180	64	1243	6	237.6	0.2	0.2	0.1
180	65	711	14	129.3	0.6	0.6	0.1
180	66	1098	4	288.1	0.4	0.4	0.1
180	67	1521	2	302.6	0.4	0.4	0.1
180	68	701	8	261.5	0.3	0.3	0.1
180	69	2194	4	492.5	0.4	0.4	0.2
180	70	975	4	279	0.5	0.5	0.4
180	71	801	2	176.8	0.5	0.5	0.2
180	72	1890	8	510.9	0.4	0.4	0.1
180	73	1053	9	384.5	0.2	0.2	0
180	74	3860	1	758.3	0.3	0.3	0.2
180	75	583	2	293.9	0.2	0.2	0.2
180	76	844	2	271.5	0.2	0.2	0
180	77	1549	2	440.5	0.3	0.3	0.2
180	78	1129	1	397.1	0.2	0.2	0.1
180	79	1716	8	315.3	0.6	0.6	0.2
180	80	2990	4	558.4	0.3	0.3	0.2
180	81	685	12	432.2	0.3	0.3	0
180	82	857	1	292.3	0.3	0.3	0.1
180	83	1401	3	326.3	0.4	0.4	0.1
180	84	942	3	211.5	0.5	0.5	0.4
180	85	960	7	283.2	0.5	0.5	0.1
180	86	599	3	165.5	0.3	0.3	0.1
180	87	1318	4	357.2	0.4	0.4	0
180	88	665	9	260.4	0.5	0.5	0.1
180	89	1645	4	317.3	0.4	0.4	0.2
180	90	1628	3	266.1	0.5	0.5	0.3
180	91	815	2	251.2	0.5	0.5	0.2
180	92	821	1	226	0.4	0.4	0.1
180	93	547	4	157.8	0.6	0.6	0
180	94	694	26	305.8	0.4	0.4	0.1
180	95	614	1	114.8	0.5	0.5	0.2
180	96	1826	7	372.5	0.3	0.3	0
180	97	1199	12	379.2	0.4	0.4	0.1
180	98	947	8	259.3	0.4	0.4	0.3
180	99	1347	5	465.3	0.4	0.4	0
180	100	977	5	192.3	0.5	0.5	0.2
180	101	896	2	198.2	0.5	0.5	0.1
180	102	861	2	227.9	0.4	0.4	0.2
180	103	1781	11	346.3	0.5	0.5	0.2
180	104	1394	1	358.2	0.4	0.4	0.4
180	105	710	4	148	0.5	0.5	0.1
180	106	1422	5	468.6	0.4	0.4	0.4
180	107	1039	4	196.5	0.3	0.3	0.1
180	108	1397	5	462.1	0.4	0.4	0.2
180	109	1400	9	386.2	0.4	0.4	0.2
180	110	353	6	95.1	0.3	0.3	0.1
180	111	981	10	329.2	0.4	0.4	0.2
180	112	382	12	115.8	0.5	0.5	0.1
180	113	811	5	248.6	0.3	0.3	0
180	114	1215	2	360.7	0.4	0.4	0.3
180	115	534	2	203	0.2	0.2	0.1
180	116	1645	9	462.1	0.3	0.3	0.1
180	117	879	3	145.1	0.4	0.4	0.1
180	118	1402	1	478.2	0.3	0.3	0.2
180	119	1766	2	350.7	0.5	0.5	0.2
180	120	2282	3	432.8	0.4	0.4	0.1
180	121	1566	3	446.8	0.4	0.4	0.2
180	122	524	10	228.6	0.3	0.3	0
180	123	623	8	124.5	0.4	0.4	0.2
180	124	914	9	283.6	0.3	0.3	0.1
180	125	1614	7	589.8	0.3	0.3	0.1
180	126	525	4	181.5	0.3	0.3	0.2
180	127	2721	9	687.1	0.5	0.5	0.2
180	128	1525	2	528.1	0.3	0.3	0.2
180	129	856	3	267.3	0.3	0.3	0
180	130	736	3	158.9	0.3	0.3	0.2
180	131	647	12	253.1	0.4	0.4	0.2
180	132	1261	5	343.1	0.3	0.3	0.2
180	133	943	2	258.3	0.3	0.3	0.2
180	134	1499	3	417	0.3	0.3	0.2
180	135	555	2	173.3	0.3	0.3	0
180	136	1046	1	390.8	0.4	0.4	0.2
180	137	442	8	188.6	0.5	0.5	0.3
180	138	1372	3	516.7	0.2	0.2	0.2
180	139	441	6	153.3	0.4	0.4	0.2
180	140	612	7	182.4	0.4	0.4	0.1
180	141	1070	1	174.8	0.4	0.4	0.1
180	142	774	4	143.3	0.4	0.4	0.3
180	143	1491	32	487.4	0.4	0.4	0.1
180	144	896	2	266	0.6	0.6	0.2
180	145	608	11	258.3	0.3	0.3	0.2
180	146	958	4	263.5	0.7	0.7	0.4
180	147	902	13	417.5	0.4	0.4	0.3
180	148	1537	2	357.6	0.2	0.2	0
180	149	2308	5	520.3	0.3	0.3	0.2
180	150	1288	2	224.1	0.5	0.5	0.3
180	151	1976	16	394.5	0.3	0.3	0.1
180	152	876	18	260.3	0.3	0.3	0
180	153	720	5	278.7	0.3	0.3	0.2
180	154	835	15	326.5	0.4	0.4	0
180	155	1429	2	431.8	0.5	0.5	0.3
180	156	1462	20	209.4	0.4	0.4	0
180	157	657	1	267	0.2	0.2	0.2
180	158	456	29	176.5	0.4	0.4	0.2
180	159	1204	2	367.2	0.4	0.4	0.1
180	160	1083	4	254.1	0.6	0.6	0.4
180	161	396	1	131.3	0.5	0.5	0.1
180	162	1691	4	519.1	0.2	0.2	0.2
180	163	432	10	154.2	0.3	0.3	0.1
180	164	922	16	280.1	0.3	0.3	0.2
180	165	1070	16	305.3	0.4	0.4	0.1
180	166	855	2	217.2	0.3	0.3	0.2
180	167	841	3	281.7	0.4	0.4	0.3
180	168	1153	8	283.2	0.4	0.4	0.3
180	169	1771	6	442.4	0.3	0.3	0
180	170	1874	5	372.5	0.5	0.5	0.3
180	171	586	19	198	0.4	0.4	0
180	172	1140	26	379	0.4	0.4	0.2
180	173	1395	1	447.1	0.4	0.4	0.2
180	174	653	19	259.2	0.3	0.3	0.2
180	175	1781	4	306	0.5	0.5	0.2
180	176	1178	6	372.2	0.3	0.3	0.2
180	177	1203	2	199.6	0.6	0.6	0.5
180	178	1881	3	489.8	0.4	0.4	0.2
180	179	2781	4	569.7	0.6	0.6	0.3
180	180	920	3	233.9	0.5	0.5	0.3
190	1	808	1	126.3	0.8	0.8	0
190	2	1528	1	205.8	0.7	0.7	0
190	3	641	1	123.5	0.8	0.8	0
190	4	199	1	36.4	0.7	0.7	0
190	5	370	1	44.9	0.8	0.8	0.1
190	6	103	1	22.7	0.8	0.8	0
190	7	215	1	37.8	0.8	0.8	0
190	8	198	1	38.3	0.8	0.8	0
190	9	1806	1	237	0.8	0.8	0
190	10	3670	2	383.4	0.8	0.8	0.1
190	11	720	2	85.8	0.8	0.8	0.1
190	12	1014	2	111.8	0.8	0.8	0
190	13	1798	2	210.3	0.8	0.8	0
190	14	1433	2	159.7	0.8	0.8	0
190	15	1809	2	197.3	0.8	0.8	0
190	16	1463	2	228.3	0.8	0.8	0.1
190	17	1030	3	139.7	0.8	0.8	0
190	18	1656	1	229.7	0.7	0.7	0.2
190	19	3029	2	329.2	0.8	0.8	0
190	20	644	2	126	0.7	0.7	0.3
190	21	611	3	105.3	0.7	0.7	0
190	22	601	3	100.3	0.8	0.8	0.1
190	23	536	3	98.8	0.8	0.8	0.2
190	24	392	3	67.7	0.7	0.7	0.1
190	25	251	4	50.5	0.6	0.6	0.1
190	26	1884	4	406.7	0.8	0.8	0.1
190	27	915	3	154.6	0.7	0.7	0.2
190	28	1419	2	214.4	0.7	0.7	0.1
190	29	257	2	55	0.8	0.8	0.2
190	30	2145	2	281	0.6	0.6	0.1
190	31	933	2	167	0.7	0.7	0.2
190	32	988	3	164.6	0.7	0.7	0.1
190	33	641	1	86.2	0.8	0.8	0.1
190	34	322	1	45.6	0.6	0.6	0.2
190	35	221	3	52.4	0.7	0.7	0.1
190	36	251	3	65.4	0.8	0.8	0.1
190	37	262	1	59.3	0.8	0.8	0.1
190	38	1889	6	337.3	0.7	0.7	0
190	39	1224	4	137.7	0.8	0.8	0.3
190	40	600	1	109.2	0.7	0.7	0.1
190	41	1049	4	326	0.7	0.7	0.1
190	42	583	2	154.8	0.5	0.5	0.2
190	43	600	2	118.7	0.6	0.6	0.2
190	44	377	5	62.9	0.6	0.6	0.2
190	45	549	5	126.9	0.6	0.6	0.3
190	46	1211	5	157.4	0.8	0.8	0.1
190	47	735	2	110.9	0.6	0.6	0.1
190	48	514	1	104.1	0.5	0.5	0.3
190	49	382	3	68.1	0.8	0.8	0.2
190	50	607	2	142.5	0.7	0.7	0.3
190	51	470	2	99.6	0.8	0.8	0.2
190	52	245	1	60.3	0.8	0.8	0.5
190	53	452	2	83.8	0.8	0.8	0.2
190	54	483	1	84.7	0.7	0.7	0.5
190	55	211	3	57.3	0.7	0.7	0.1
190	56	1822	2	250.8	0.7	0.7	0.1
190	57	1603	2	216.5	0.6	0.6	0.5
190	58	533	15	118.4	0.7	0.7	0.1
190	59	662	3	100.5	0.7	0.7	0.3
190	60	1183	10	158.1	0.7	0.7	0
190	61	626	4	104.5	0.7	0.7	0.2
190	62	1304	1	194.6	0.8	0.8	0.2
190	63	276	2	62.9	0.8	0.8	0.2
190	64	1135	1	228.5	0.7	0.7	0.4
190	65	1800	8	292.8	0.6	0.6	0
190	66	139	6	45.5	0.7	0.7	0
190	67	739	2	88.7	0.8	0.8	0.4
190	68	350	5	72.8	0.8	0.8	0.2
190	69	627	7	165	0.6	0.6	0.1
190	70	1060	2	126.4	0.7	0.7	0.3
190	71	996	3	145.8	0.7	0.7	0.2
190	72	950	9	162.1	0.8	0.8	0.1
190	73	345	3	68.2	0.7	0.7	0.5
190	74	926	2	164.1	0.7	0.7	0.2
190	75	2439	11	364.5	0.7	0.7	0.3
190	76	640	3	86.1	0.8	0.8	0.2
190	77	1236	9	303.5	0.6	0.6	0.3
190	78	2257	8	269.1	0.6	0.6	0.3
190	79	921	2	209.1	0.6	0.6	0.3
190	80	227	2	50.7	0.6	0.6	0.2
190	81	275	1	69.4	0.6	0.6	0.1
190	82	712	3	137.2	0.8	0.8	0.4
190	83	1615	6	244.1	0.7	0.7	0.2
190	84	1120	6	157.4	0.7	0.7	0.2
190	85	144	10	44	0.8	0.8	0.4
190	86	834	2	167.7	0.7	0.7	0.3
190	87	190	7	44.9	0.5	0.5	0.1
190	88	1757	6	242.7	0.8	0.8	0.4
190	89	1419	8	172.8	0.7	0.7	0.4
190	90	350	4	62	0.7	0.7	0.2
190	91	1840	1	260.9	0.7	0.7	0.6
190	92	945	2	174.7	0.7	0.7	0.3
190	93	586	5	85	0.8	0.8	0.3
190	94	1285	8	235.9	0.6	0.6	0.4
190	95	358	4	80.5	0.6	0.6	0.2
190	96	1761	5	284.9	0.7	0.7	0.2
190	97	1097	1	162.6	0.7	0.7	0.6
190	98	645	8	127.9	0.7	0.7	0.2
190	99	870	3	136.8	0.5	0.5	0.3
190	100	48	2	13.7	0.8	0.8	0.3
190	101	1292	8	181.7	0.8	0.8	0.2
190	102	537	2	107.8	0.7	0.7	0.1
190	103	716	11	157	0.5	0.5	0.3
190	104	698	2	121.5	0.5	0.5	0.2
190	105	1803	7	306.8	0.7	0.7	0.2
190	106	518	1	114.3	0.6	0.6	0.3
190	107	483	5	112.9	0.6	0.6	0.2
190	108	840	3	152.1	0.8	0.8	0.4
190	109	731	16	182.2	0.7	0.7	0.3
190	110	930	3	186.6	0.8	0.8	0.1
190	111	154	4	45.8	0.7	0.7	0.3
190	112	1208	4	159.6	0.6	0.6	0.3
190	113	2128	4	424.2	0.7	0.7	0.3
190	114	513	1	101.6	0.8	0.8	0.6
190	115	500	1	120.4	0.7	0.7	0.2
190	116	383	1	63.6	0.6	0.6	0.2
190	117	464	1	109.9	0.7	0.7	0.5
190	118	692	3	119.2	0.8	0.8	0.3
190	119	680	14	140.5	0.8	0.8	0.3
190	120	1462	14	232.3	0.7	0.7	0.1
190	121	435	6	77.1	0.7	0.7	0.6
190	122	273	3	65.9	0.7	0.7	0.4
190	123	560	2	84	0.8	0.8	0.4
190	124	485	1	140.4	0.5	0.5	0.3
190	125	486	2	61.8	0.6	0.6	0.4
190	126	327	1	108	0.7	0.7	0.3
190	127	757	8	184.6	0.7	0.7	0.2
190	128	432	7	135.2	0.7	0.7	0.3
190	129	1689	2	209.9	0.7	0.7	0.5
190	130	572	2	104.8	0.7	0.7	0.5
190	131	667	6	127.2	0.6	0.6	0.4
190	132	2164	2	263	0.7	0.7	0.4
190	133	2177	7	327.7	0.7	0.7	0.3
190	134	596	3	87	0.8	0.8	0.5
190	135	1016	2	163.6	0.8	0.8	0.6
190	136	599	1	157.6	0.7	0.7	0.3
190	137	961	3	268.4	0.7	0.7	0.3
190	138	1140	4	214.1	0.8	0.8	0.7
190	139	654	5	160.4	0.7	0.7	0.1
190	140	1028	3	189.4	0.6	0.6	0.3
190	141	2938	4	336.8	0.7	0.7	0.3
190	142	550	2	133.8	0.6	0.6	0.4
190	143	908	1	219.8	0.6	0.6	0.4
190	144	760	3	120.8	0.7	0.7	0.2
190	145	3085	1	567.3	0.7	0.7	0.5
190	146	287	1	47.6	0.7	0.7	0.5
190	147	467	2	92.3	0.7	0.7	0.5
190	148	1182	2	188.1	0.6	0.6	0.4
190	149	421	5	112.6	0.7	0.7	0.5
190	150	2116	3	319	0.6	0.6	0.3
190	151	1546	5	264.4	0.7	0.7	0.5
190	152	584	1	96.8	0.7	0.7	0.2
190	153	731	1	134.7	0.7	0.7	0.6
190	154	1488	3	206.7	0.7	0.7	0.3
190	155	104	5	46.4	0.6	0.6	0.4
190	156	1058	2	152.1	0.8	0.8	0.6
190	157	376	1	98.6	0.7	0.7	0.5
190	158	644	1	154.9	0.7	0.7	0.1
190	159	548	3	120.6	0.6	0.6	0.4
190	160	1625	4	216.4	0.8	0.8	0.4
190	161	775	1	177.2	0.7	0.7	0.3
190	162	1260	7	229.2	0.8	0.8	0.5
190	163	490	2	101.2	0.5	0.5	0.2
190	164	1231	1	148.4	0.8	0.8	0.4
190	165	392	1	90.4	0.7	0.7	0.3
190	166	250	3	48	0.8	0.8	0.3
190	167	330	5	66.2	0.8	0.8	0.5
190	168	1245	9	327.8	0.6	0.6	0.3
190	169	563	1	143.2	0.4	0.4	0.1
190	170	367	9	68.4	0.6	0.6	0.4
190	171	585	1	135.9	0.5	0.5	0.2
190	172	206	8	63.1	0.8	0.8	0.3
190	173	1578	1	253.2	0.5	0.5	0.3
190	174	1990	2	298.6	0.7	0.7	0.4
190	175	1350	2	168.2	0.8	0.8	0.4
190	176	342	5	79.6	0.7	0.7	0.5
190	177	1666	2	238	0.7	0.7	0.4
190	178	423	11	109.3	0.7	0.7	0.3
190	179	1518	4	206.1	0.5	0.5	0.2
190	180	786	1	137.3	0.7	0.7	0.4
190	181	1032	13	215.8	0.7	0.7	0.5
190	182	877	1	144.5	0.7	0.7	0.5
190	183	1316	2	169.8	0.6	0.6	0.2
190	184	1050	2	230.4	0.6	0.6	0.3
190	185	147	2	58.7	0.7	0.7	0.2
190	186	422	5	105	0.8	0.8	0.5
190	187	198	1	40.3	0.8	0.8	0.6
190	188	1537	8	310.7	0.4	0.4	0.2
190	189	1212	7	199.3	0.7	0.7	0.1
190	190	370	1	74.5	0.7	0.7	0.5
200	1	1520	1	296.9	0.6	0.6	0
200	2	1073	1	316	0.7	0.7	0
200	3	482	1	68.7	0.7	0.7	0
200	4	1344	1	188.8	0.6	0.6	0.1
200	5	158	1	53.1	0.7	0.7	0
200	6	529	1	118.5	0.6	0.6	0
200	7	1122	1	218.5	0.5	0.5	0
200	8	656	3	132.7	0.6	0.6	0
200	9	1665	1	292.5	0.4	0.4	0
200	10	1072	1	201.4	0.6	0.6	0
200	11	914	2	223.7	0.5	0.5	0
200	12	1098	1	282.5	0.7	0.7	0
200	13	630	3	118.9	0.7	0.7	0
200	14	1051	2	187.5	0.6	0.6	0
200	15	1563	3	331.1	0.6	0.6	0
200	16	787	1	184.9	0.4	0.4	0
200	17	257	2	75.8	0.7	0.7	0
200	18	452	1	98.5	0.6	0.6	0
200	19	428	2	83.9	0.7	0.7	0.1
200	20	848	3	165.5	0.6	0.6	0
200	21	113	1	38	0.6	0.6	0.2
200	22	197	2	72.5	0.7	0.7	0.1
200	23	1033	3	180.2	0.6	0.6	0
200	24	525	2	113	0.6	0.6	0.1
200	25	209	2	69.6	0.5	0.5	0
200	26	1192	1	196.8	0.6	0.6	0.2
200	27	643	3	120.9	0.7	0.7	0.1
200	28	1386	3	195.6	0.6	0.6	0.1
200	29	1480	2	392.4	0.5	0.5	0.1
200	30	936	2	224	0.6	0.6	0
200	31	1333	2	160.1	0.5	0.5	0
200	32	1271	2	263.7	0.7	0.7	0.2
200	33	635	1	128.7	0.5	0.5	0.2
200	34	434	1	94	0.6	0.6	0.3
200	35	1045	1	207.7	0.6	0.6	0.2
200	36	1579	3	188.3	0.5	0.5	0
200	37	1529	1	290	0.6	0.6	0.2
200	38	1184	1	267.3	0.6	0.6	0.2
200	39	490	1	64.2	0.6	0.6	0.2
200	40	3018	3	505	0.4	0.4	0.2
200	41	1805	3	378.3	0.6	0.6	0
200	42	538	1	111.2	0.7	0.7	0.2
200	43	407	2	81.8	0.7	0.7	0.3
200	44	611	2	142.5	0.6	0.6	0.2
200	45	497	3	75.1	0.8	0.8	0.2
200	46	1982	8	328.5	0.5	0.5	0.1
200	47	745	3	125.3	0.6	0.6	0.2
200	48	1512	1	318	0.7	0.7	0.2
200	49	1421	4	229.6	0.5	0.5	0.1
200	50	1567	4	246.7	0.7	0.7	0
200	51	845	1	132.4	0.6	0.6	0.2
200	52	2038	1	483	0.7	0.7	0.3
200	53	1151	7	322.7	0.5	0.5	0
200	54	759	3	198.8	0.6	0.6	0.3
200	55	718	7	140.2	0.5	0.5	0
200	56	1811	3	433.5	0.6	0.6	0.1
200	57	1189	6	318	0.6	0.6	0.3
200	58	829	4	198.1	0.6	0.6	0.4
200	59	646	3	138.8	0.4	0.4	0.2
200	60	1960	3	323	0.4	0.4	0
200	61	242	10	74.6	0.6	0.6	0
200	62	842	4	168.9	0.6	0.6	0.3
200	63	1514	2	225.4	0.7	0.7	0.2
200	64	530	1	133.7	0.5	0.5	0.4
200	65	935	2	204.9	0.4	0.4	0.2
200	66	1659	2	231.5	0.6	0.6	0.1
200	67	1385	3	359.4	0.5	0.5	0.2
200	68	1408	1	257.6	0.6	0.6	0.3
200	69	1489	3	283	0.5	0.5	0.2
200	70	529	3	177.2	0.6	0.6	0.2
200	71	2301	2	400.2	0.6	0.6	0.3
200	72	181	3	42.4	0.5	0.5	0.1
200	73	423	3	158.4	0.5	0.5	0.3
200	74	620	2	134.1	0.7	0.7	0.2
200	75	1515	4	280.3	0.6	0.6	0.3
200	76	1445	5	252.4	0.7	0.7	0.1
200	77	780	1	221.7	0.4	0.4	0.2
200	78	1568	7	364.2	0.6	0.6	0.2
200	79	397	1	96.4	0.5	0.5	0.1
200	80	593	3	179.1	0.6	0.6	0.1
200	81	695	2	130.9	0.6	0.6	0.2
200	82	1203	11	190.4	0.6	0.6	0
200	83	170	2	34.1	0.7	0.7	0.5
200	84	1684	8	282.1	0.6	0.6	0
200	85	592	6	153.7	0.6	0.6	0.1
200	86	1026	1	230.3	0.4	0.4	0
200	87	655	3	121.8	0.6	0.6	0.3
200	88	795	1	178	0.7	0.7	0.3
200	89	769	5	139.2	0.6	0.6	0.3
200	90	865	1	184.8	0.5	0.5	0.1
200	91	844	3	198.3	0.7	0.7	0
200	92	1792	7	266.5	0.6	0.6	0.3
200	93	1391	1	169.7	0.7	0.7	0.3
200	94	875	3	155.8	0.6	0.6	0.2
200	95	289	2	83.1	0.6	0.6	0.3
200	96	1583	4	288.1	0.7	0.7	0.4
200	97	772	1	148.7	0.5	0.5	0.4
200	98	874	3	145.6	0.5	0.5	0.3
200	99	338	1	76.1	0.8	0.8	0.3
200	100	524	7	100.9	0.6	0.6	0.3
200	101	1599	7	317.5	0.4	0.4	0.1
200	102	863	2	183.3	0.5	0.5	0.3
200	103	1013	1	241.8	0.4	0.4	0.1
200	104	1580	2	401.3	0.5	0.5	0.2
200	105	958	2	216.3	0.7	0.7	0.4
200	106	460	1	90.7	0.6	0.6	0.4
200	107	627	3	157.4	0.6	0.6	0.4
200	108	320	5	119.9	0.6	0.6	0.4
200	109	225	6	66.2	0.6	0.6	0.1
200	110	1590	5	214.5	0.6	0.6	0.2
200	111	387	1	122.2	0.5	0.5	0.2
200	112	577	4	87.5	0.5	0.5	0.2
200	113	1559	3	303.6	0.7	0.7	0.1
200	114	329	2	99.3	0.5	0.5	0.3
200	115	1407	2	305.2	0.4	0.4	0.1
200	116	320	4	74.1	0.7	0.7	0.2
200	117	1246	1	328.4	0.6	0.6	0.3
200	118	642	4	98.6	0.6	0.6	0.1
200	119	1167	1	173.2	0.5	0.5	0.2
200	120	1223	1	384.6	0.5	0.5	0.3
200	121	606	7	160.2	0.5	0.5	0.3
200	122	1282	5	487.4	0.4	0.4	0.3
200	123	751	2	210.9	0.5	0.5	0.2
200	124	1703	6	252.2	0.5	0.5	0.1
200	125	1807	1	374.1	0.5	0.5	0.4
200	126	1915	1	401.3	0.6	0.6	0.4
200	127	939	1	245.2	0.5	0.5	0.4
200	128	666	4	190.8	0.5	0.5	0.1
200	129	1383	8	431.5	0.4	0.4	0.2
200	130	333	2	67.5	0.5	0.5	0.3
200	131	3608	7	542.6	0.5	0.5	0.3
200	132	1386	1	219	0.6	0.6	0.5
200	133	2325	6	400	0.6	0.6	0.2
200	134	751	5	143.1	0.6	0.6	0.3
200	135	363	1	85.9	0.6	0.6	0.1
200	136	951	1	276.6	0.4	0.4	0.2
200	137	1017	8	232.3	0.6	0.6	0.2
200	138	405	5	87.9	0.7	0.7	0.2
200	139	586	2	114.3	0.5	0.5	0.4
200	140	988	2	218.5	0.6	0.6	0.3
200	141	967	2	217.3	0.4	0.4	0.3
200	142	904	2	202.6	0.6	0.6	0.3
200	143	1747	3	331.4	0.6	0.6	0.4
200	144	792	1	181.4	0.5	0.5	0.3
200	145	462	1	106.5	0.7	0.7	0.2
200	146	583	1	155.6	0.6	0.6	0.4
200	147	508	5	172.6	0.5	0.5	0.2
200	148	1725	3	395.9	0.6	0.6	0.3
200	149	1409	3	217.8	0.6	0.6	0.3
200	150	702	2	121.1	0.6	0.6	0.5
200	151	390	2	105.8	0.5	0.5	0.3
200	152	3263	3	612.3	0.4	0.4	0.1
200	153	1451	7	251.2	0.7	0.7	0.2
200	154	538	2	91.3	0.6	0.6	0.4
200	155	1339	4	192.6	0.6	0.6	0.3
200	156	888	4	185.6	0.5	0.5	0.3
200	157	1075	1	294.8	0.6	0.6	0.4
200	158	669	2	175.5	0.5	0.5	0.3
200	159	973	3	256.8	0.5	0.5	0.2
200	160	706	2	153.9	0.6	0.6	0.4
200	161	1182	1	157.3	0.6	0.6	0.3
200	162	1262	11	283.6	0.6	0.6	0.2
200	163	1324	2	206.5	0.7	0.7	0.4
200	164	1364	5	247.7	0.5	0.5	0.1
200	165	925	1	196.4	0.7	0.7	0.3
200	166	2272	8	441.9	0.5	0.5	0.3
200	167	1624	4	211.1	0.6	0.6	0.1
200	168	714	15	149.4	0.7	0.7	0.2
200	169	1074	9	301	0.6	0.6	0.3
200	170	2110	3	398.9	0.4	0.4	0.4
200	171	2106	14	439.7	0.5	0.5	0.3
200	172	2153	2	374.9	0.5	0.5	0.5
200	173	779	4	205.2	0.5	0.5	0.2
200	174	2479	3	342.6	0.6	0.6	0.3
200	175	1127	10	250.3	0.6	0.6	0.1
200	176	692	5	176.4	0.6	0.6	0.5
200	177	276	1	81.5	0.5	0.5	0.4
200	178	344	10	94.4	0.5	0.5	0.4
200	179	1050	1	238.8	0.6	0.6	0.3
200	180	649	6	125.4	0.6	0.6	0.3
200	181	700	2	157.7	0.5	0.5	0.4
200	182	1318	4	374.4	0.4	0.4	0.3
200	183	2039	1	347.7	0.7	0.7	0.6
200	184	1246	7	189.8	0.5	0.5	0.3
200	185	636	2	270.6	0.5	0.5	0.3
200	186	1693	1	302.8	0.6	0.6	0.3
200	187	730	1	121.3	0.7	0.7	0.5
200	188	1448	2	373.1	0.6	0.6	0.4
200	189	751	1	125.9	0.6	0.6	0.4
200	190	361	1	123.1	0.5	0.5	0.3
200	191	1244	1	248.5	0.6	0.6	0.4
200	192	412	1	125.2	0.6	0.6	0.3
200	193	1360	10	329.4	0.5	0.5	0.2
200	194	618	1	173.2	0.5	0.5	0.3
200	195	1316	3	273.1	0.5	0.5	0.4
200	196	472	2	107.8	0.7	0.7	0.4
200	197	1097	9	208.6	0.6	0.6	0.2
200	198	736	2	185.6	0.6	0.6	0.4
200	199	969	1	159.6	0.6	0.6	0.2
200	200	1072	5	223.6	0.6	0.6	0.4
