"number_wasps"	"w"	"max_steps"	"min_steps"	"mean_steps"	"mean_survival"	"mean_nested"	"mean_usurp"
50	1	756	1	163	0.6	0.6	0
50	2	1091	1	205.1	0.7	0.7	0
50	3	551	1	119.3	0.7	0.7	0
50	4	295	1	67.9	0.6	0.6	0
50	5	880	1	157.1	0.6	0.6	0
50	6	1009	2	183.7	0.9	0.9	0
50	7	915	1	146.7	0.8	0.8	0.2
50	8	303	2	78.3	0.6	0.6	0
50	9	1118	2	210.8	0.7	0.7	0.1
50	10	517	1	72.8	0.8	0.8	0.1
50	11	579	3	112.1	0.8	0.8	0
50	12	2198	1	274.1	0.6	0.6	0.1
50	13	384	2	79.7	0.6	0.6	0.2
50	14	2062	1	306.1	0.7	0.7	0.1
50	15	1469	3	212.6	0.9	0.9	0.2
50	16	341	2	69.1	0.7	0.7	0.2
50	17	1574	2	276.7	0.6	0.6	0.2
50	18	764	5	155.2	0.7	0.7	0.2
50	19	1669	1	361.9	0.8	0.8	0.1
50	20	830	4	315.5	0.5	0.5	0
50	21	2284	2	311.2	0.6	0.6	0
50	22	396	2	88.8	0.7	0.7	0.3
50	23	1404	3	195.5	0.7	0.7	0.1
50	24	1183	3	159.7	0.6	0.6	0.2
50	25	612	4	124.8	0.6	0.6	0.2
50	26	3130	2	454.8	0.6	0.6	0.3
50	27	1772	3	238.7	0.6	0.6	0.1
50	28	692	4	172.9	0.6	0.6	0.2
50	29	948	4	126.7	0.5	0.5	0.1
50	30	958	1	138.5	0.7	0.7	0.3
50	31	1259	2	157.8	0.5	0.5	0.1
50	32	1246	2	211.8	0.6	0.6	0.2
50	33	185	3	40.6	0.8	0.8	0.2
50	34	509	1	114.4	0.7	0.7	0.1
50	35	370	5	90.6	0.7	0.7	0.2
50	36	945	6	151.3	0.7	0.7	0.1
50	37	2167	4	356.3	0.5	0.5	0.1
50	38	1257	1	303.2	0.5	0.5	0
50	39	569	5	145.8	0.6	0.6	0.3
50	40	1260	3	324.4	0.7	0.7	0.3
50	41	649	4	137.7	0.6	0.6	0
50	42	254	4	78.6	0.7	0.7	0.3
50	43	528	2	106.2	0.7	0.7	0.3
50	44	387	7	86	0.7	0.7	0.2
50	45	257	4	48.4	0.5	0.5	0
50	46	764	2	257.9	0.6	0.6	0.3
50	47	678	5	176.1	0.5	0.5	0.1
50	48	508	3	118.3	0.7	0.7	0.5
50	49	383	1	128.9	0.5	0.5	0
50	50	1446	3	249.6	0.7	0.7	0.4
60	1	514	1	138.6	0.6	0.6	0
60	2	730	1	128.4	0.6	0.6	0
60	3	259	1	74.7	0.7	0.7	0
60	4	1573	1	377.5	0.7	0.7	0
60	5	1598	2	352.2	0.7	0.7	0
60	6	1449	1	314	0.8	0.8	0
60	7	385	1	81	0.7	0.7	0.1
60	8	1756	2	337.2	0.6	0.6	0
60	9	2449	1	402.7	0.7	0.7	0.2
60	10	2480	2	477.3	0.8	0.8	0.1
60	11	580	2	94.9	0.4	0.4	0
60	12	382	5	122.7	0.7	0.7	0.2
60	13	1308	2	268.4	0.5	0.5	0
60	14	934	1	158.5	0.8	0.8	0.1
60	15	1207	2	287.3	0.7	0.7	0.2
60	16	419	1	108.5	0.8	0.8	0.3
60	17	307	2	87	0.7	0.7	0.2
60	18	1535	2	197.3	0.7	0.7	0.2
60	19	671	3	137.7	0.6	0.6	0
60	20	314	3	69.3	0.6	0.6	0.1
60	21	531	3	110.3	0.8	0.8	0.2
60	22	306	4	53.5	0.7	0.7	0.2
60	23	1155	2	178.8	0.7	0.7	0.1
60	24	1013	9	254.3	0.7	0.7	0.2
60	25	2165	5	355.2	0.7	0.7	0.1
60	26	666	4	136.5	0.7	0.7	0.3
60	27	400	4	117	0.6	0.6	0.2
60	28	855	3	154.5	0.5	0.5	0.1
60	29	1375	2	368.3	0.6	0.6	0.2
60	30	544	4	155.5	0.6	0.6	0.2
60	31	604	2	89.1	0.7	0.7	0.3
60	32	997	3	314.6	0.5	0.5	0.1
60	33	574	1	114.5	0.5	0.5	0.2
60	34	183	2	54.2	0.7	0.7	0.2
60	35	2191	1	313.1	0.7	0.7	0.4
60	36	955	5	193	0.6	0.6	0.2
60	37	577	4	117.8	0.8	0.8	0.3
60	38	135	2	47.4	0.5	0.5	0
60	39	680	2	199.4	0.5	0.5	0.1
60	40	958	6	180.4	0.5	0.5	0.2
60	41	900	1	175	0.6	0.6	0.2
60	42	467	4	145.9	0.5	0.5	0.3
60	43	367	4	95.9	0.7	0.7	0.1
60	44	1134	4	254.9	0.6	0.6	0.2
60	45	762	9	194.6	0.7	0.7	0.1
60	46	313	1	55.6	0.7	0.7	0.2
60	47	1034	2	291.6	0.7	0.7	0.3
60	48	391	6	114.4	0.5	0.5	0
60	49	236	3	63	0.6	0.6	0.3
60	50	1080	4	177.3	0.7	0.7	0.2
60	51	875	1	147.7	0.6	0.6	0.2
60	52	863	5	225.2	0.6	0.6	0
60	53	1464	5	252.5	0.6	0.6	0.1
60	54	364	3	102.5	0.7	0.7	0.3
60	55	1032	2	192.6	0.7	0.7	0.2
60	56	2454	4	445.3	0.4	0.4	0
60	57	282	3	124.8	0.6	0.6	0.1
60	58	654	4	133.1	0.6	0.6	0.2
60	59	415	1	135.2	0.7	0.7	0.5
60	60	792	6	188.6	0.6	0.6	0.3
70	1	856	1	172	0.7	0.7	0
70	2	403	1	116.9	0.7	0.7	0
70	3	663	2	192.4	0.7	0.7	0
70	4	570	1	120.1	0.8	0.8	0
70	5	514	1	78.9	0.6	0.6	0
70	6	809	1	180.6	0.6	0.6	0
70	7	340	1	113.4	0.7	0.7	0
70	8	2326	2	384.5	0.7	0.7	0
70	9	429	1	87	0.6	0.6	0.1
70	10	518	2	110.2	0.8	0.8	0.1
70	11	2693	1	373.7	0.5	0.5	0.2
70	12	735	2	196.1	0.6	0.6	0.1
70	13	1512	2	329.2	0.7	0.7	0.1
70	14	1288	3	237.3	0.7	0.7	0
70	15	600	2	150.5	0.6	0.6	0.1
70	16	1234	2	269.8	0.6	0.6	0.1
70	17	742	2	178.6	0.6	0.6	0.1
70	18	641	3	144	0.6	0.6	0.1
70	19	759	4	111	0.8	0.8	0.1
70	20	621	4	92.7	0.6	0.6	0
70	21	630	2	172.3	0.6	0.6	0.1
70	22	660	2	117.3	0.6	0.6	0
70	23	1256	4	198.5	0.7	0.7	0.2
70	24	1073	4	254.2	0.4	0.4	0
70	25	2281	2	464.2	0.6	0.6	0.2
70	26	1138	3	176.1	0.7	0.7	0.2
70	27	362	6	89.8	0.8	0.8	0.2
70	28	1881	6	311.6	0.6	0.6	0
70	29	1567	4	293.2	0.4	0.4	0.1
70	30	1083	2	252.8	0.6	0.6	0.1
70	31	548	2	128.8	0.7	0.7	0.4
70	32	807	1	159.2	0.6	0.6	0.1
70	33	1900	2	297.5	0.6	0.6	0.1
70	34	1347	6	332.6	0.6	0.6	0.2
70	35	679	1	115.1	0.6	0.6	0.3
70	36	356	4	78.5	0.8	0.8	0.3
70	37	1280	6	217	0.6	0.6	0.2
70	38	467	3	163.7	0.5	0.5	0.1
70	39	229	1	79.8	0.6	0.6	0.2
70	40	602	2	118.7	0.6	0.6	0.3
70	41	1274	4	295.4	0.7	0.7	0.2
70	42	801	3	200.8	0.7	0.7	0.3
70	43	1301	2	221.1	0.7	0.7	0.1
70	44	579	1	159.6	0.6	0.6	0.2
70	45	1304	6	181.1	0.6	0.6	0.1
70	46	619	5	131.4	0.8	0.8	0.4
70	47	1308	3	254.5	0.7	0.7	0.2
70	48	198	3	82.3	0.5	0.5	0.3
70	49	921	1	128.1	0.6	0.6	0.2
70	50	1051	2	266	0.6	0.6	0.1
70	51	1160	4	220.3	0.6	0.6	0.1
70	52	2167	5	316.4	0.7	0.7	0.4
70	53	1370	6	210.5	0.7	0.7	0.1
70	54	541	2	126.5	0.6	0.6	0.4
70	55	646	7	160.3	0.6	0.6	0.3
70	56	662	1	174.5	0.7	0.7	0.2
70	57	1190	6	251.1	0.7	0.7	0.5
70	58	1150	1	220	0.7	0.7	0.4
70	59	679	6	205.7	0.6	0.6	0.1
70	60	2644	2	281.3	0.8	0.8	0.5
70	61	370	5	113.3	0.7	0.7	0.3
70	62	210	1	66.2	0.7	0.7	0.5
70	63	1659	1	204.4	0.4	0.4	0.1
70	64	464	3	116.6	0.6	0.6	0.2
70	65	528	1	160.1	0.6	0.6	0.2
70	66	324	3	69.5	0.6	0.6	0.1
70	67	954	4	212	0.6	0.6	0.4
70	68	831	8	184.2	0.5	0.5	0.1
70	69	1412	8	389.2	0.7	0.7	0.2
70	70	1215	5	298	0.7	0.7	0.3
80	1	1351	1	201.6	0.6	0.6	0
80	2	2592	1	416.5	0.8	0.8	0
80	3	642	2	136.1	0.7	0.7	0
80	4	690	1	110.1	0.7	0.7	0
80	5	1914	1	322.9	0.7	0.7	0
80	6	453	1	110.7	0.7	0.7	0.2
80	7	1891	1	321.8	0.8	0.8	0.1
80	8	1509	1	314.7	0.7	0.7	0
80	9	764	2	153.5	0.6	0.6	0
80	10	579	2	124.1	0.6	0.6	0
80	11	1595	2	191.2	0.7	0.7	0
80	12	902	1	163	0.6	0.6	0
80	13	1008	2	123.1	0.8	0.8	0
80	14	767	1	161.4	0.6	0.6	0
80	15	580	2	125.5	0.6	0.6	0
80	16	350	3	64.6	0.7	0.7	0.1
80	17	1030	3	282	0.7	0.7	0.2
80	18	1233	4	171.6	0.6	0.6	0
80	19	289	2	73.4	0.7	0.7	0.2
80	20	616	4	184.7	0.7	0.7	0.1
80	21	816	3	115.7	0.7	0.7	0.1
80	22	724	3	185.5	0.7	0.7	0.1
80	23	98	1	40.9	0.6	0.6	0.2
80	24	597	1	167.9	0.7	0.7	0.3
80	25	1056	5	173.9	0.7	0.7	0.2
80	26	1061	7	192.3	0.5	0.5	0
80	27	633	2	186.5	0.6	0.6	0.4
80	28	1044	2	192	0.6	0.6	0.2
80	29	444	4	101.6	0.7	0.7	0.2
80	30	649	1	120	0.7	0.7	0.2
80	31	1045	4	179.8	0.7	0.7	0.1
80	32	636	7	162.5	0.6	0.6	0.1
80	33	820	6	169	0.6	0.6	0.2
80	34	639	4	153.6	0.7	0.7	0.3
80	35	411	2	123.2	0.7	0.7	0.4
80	36	1228	1	241.9	0.8	0.8	0.3
80	37	1731	1	274.3	0.6	0.6	0.2
80	38	381	5	134.7	0.6	0.6	0.2
80	39	514	7	129.6	0.7	0.7	0.2
80	40	574	2	99.3	0.6	0.6	0.2
80	41	1355	3	194	0.6	0.6	0.3
80	42	1415	9	196.2	0.6	0.6	0.3
80	43	858	3	143.1	0.6	0.6	0.1
80	44	281	4	89	0.6	0.6	0
80	45	603	2	120.4	0.6	0.6	0.1
80	46	263	12	72.8	0.7	0.7	0.3
80	47	232	3	70.2	0.6	0.6	0.2
80	48	265	2	82.1	0.7	0.7	0.3
80	49	1249	5	213.5	0.6	0.6	0.1
80	50	1973	6	308.6	0.6	0.6	0.2
80	51	994	3	215.7	0.6	0.6	0.2
80	52	1287	5	228.9	0.6	0.6	0.2
80	53	326	4	84.7	0.6	0.6	0.3
80	54	748	3	228.1	0.7	0.7	0.3
80	55	2209	6	569.7	0.6	0.6	0.3
80	56	461	3	137.7	0.7	0.7	0.5
80	57	458	7	112.8	0.6	0.6	0.2
80	58	622	5	150.1	0.5	0.5	0
80	59	630	2	126.7	0.8	0.8	0.3
80	60	632	6	159.9	0.6	0.6	0.2
80	61	636	2	192.3	0.5	0.5	0.2
80	62	978	14	217.5	0.6	0.6	0.1
80	63	636	6	195.1	0.6	0.6	0.2
80	64	1848	5	274.1	0.4	0.4	0.1
80	65	1183	4	248.8	0.6	0.6	0.1
80	66	385	4	81.1	0.6	0.6	0.3
80	67	286	4	78.4	0.7	0.7	0.4
80	68	354	7	82.6	0.6	0.6	0.1
80	69	472	4	99.8	0.5	0.5	0.3
80	70	1206	3	200.2	0.7	0.7	0.2
80	71	645	7	174.2	0.7	0.7	0.3
80	72	531	5	114.7	0.9	0.9	0.2
80	73	2077	4	378.5	0.7	0.7	0.3
80	74	323	5	123.2	0.5	0.5	0
80	75	576	4	103.8	0.5	0.5	0.2
80	76	1489	1	283.4	0.5	0.5	0.2
80	77	376	4	98.3	0.5	0.5	0.3
80	78	777	4	164.8	0.7	0.7	0.3
80	79	660	1	177.9	0.6	0.6	0.4
80	80	1871	6	232.8	0.7	0.7	0.5
90	1	840	1	136.5	0.6	0.6	0
90	2	527	1	106.3	0.7	0.7	0
90	3	509	1	78.5	0.7	0.7	0.1
90	4	812	1	107.6	0.6	0.6	0
90	5	557	1	110.2	0.8	0.8	0.1
90	6	689	1	169.4	0.6	0.6	0
90	7	1086	1	158	0.7	0.7	0.1
90	8	897	1	175.3	0.7	0.7	0
90	9	1123	1	154.7	0.6	0.6	0.1
90	10	706	2	166.7	0.5	0.5	0
90	11	759	2	131	0.7	0.7	0
90	12	135	1	46.2	0.8	0.8	0
90	13	1487	2	259.2	0.7	0.7	0.1
90	14	438	2	83.2	0.7	0.7	0
90	15	1212	2	259.5	0.6	0.6	0.1
90	16	507	1	103.6	0.7	0.7	0.2
90	17	660	2	86.5	0.6	0.6	0.2
90	18	656	2	104.5	0.6	0.6	0.1
90	19	967	2	244.5	0.5	0.5	0.2
90	20	961	3	251.7	0.6	0.6	0.1
90	21	571	3	135.5	0.6	0.6	0.1
90	22	544	3	98.5	0.6	0.6	0
90	23	1542	1	233.2	0.5	0.5	0.3
90	24	544	2	119.6	0.7	0.7	0.3
90	25	168	3	78.2	0.7	0.7	0.3
90	26	482	3	154.8	0.7	0.7	0.1
90	27	1188	1	247.7	0.6	0.6	0.1
90	28	720	3	171.3	0.6	0.6	0.1
90	29	1218	3	287.4	0.7	0.7	0.4
90	30	2137	4	462	0.7	0.7	0.2
90	31	661	2	134	0.6	0.6	0.4
90	32	1249	5	210.8	0.6	0.6	0.1
90	33	225	5	47.3	0.8	0.8	0.2
90	34	1431	5	270.6	0.4	0.4	0.1
90	35	1840	3	290.4	0.7	0.7	0.1
90	36	256	1	108.7	0.6	0.6	0.3
90	37	550	3	178.9	0.6	0.6	0
90	38	1062	2	164.4	0.7	0.7	0.1
90	39	571	5	141.2	0.7	0.7	0.4
90	40	839	6	214.8	0.6	0.6	0.1
90	41	922	2	227.4	0.7	0.7	0.1
90	42	1221	9	238.7	0.6	0.6	0.2
90	43	1009	4	216.7	0.6	0.6	0.1
90	44	920	6	231.9	0.6	0.6	0
90	45	820	3	166.3	0.7	0.7	0.1
90	46	1165	5	251.7	0.6	0.6	0.1
90	47	295	3	65.8	0.7	0.7	0.4
90	48	1314	5	385.4	0.6	0.6	0.2
90	49	753	9	214.7	0.5	0.5	0.2
90	50	914	4	182.9	0.6	0.6	0.2
90	51	737	1	196.6	0.5	0.5	0.2
90	52	450	3	133	0.6	0.6	0.2
90	53	1484	7	235.4	0.7	0.7	0.5
90	54	733	3	110.8	0.7	0.7	0.3
90	55	1184	3	198	0.7	0.7	0.3
90	56	504	3	167.1	0.6	0.6	0.3
90	57	461	3	140.3	0.7	0.7	0.2
90	58	893	2	221.1	0.7	0.7	0.3
90	59	1629	8	200	0.7	0.7	0.4
90	60	1111	9	232.8	0.7	0.7	0.3
90	61	2032	2	346.5	0.7	0.7	0.4
90	62	759	2	183.9	0.6	0.6	0.5
90	63	385	10	118.1	0.5	0.5	0.1
90	64	1756	1	284.9	0.6	0.6	0.3
90	65	1267	1	272.3	0.7	0.7	0.2
90	66	437	11	91.5	0.6	0.6	0.1
90	67	1279	1	315.6	0.6	0.6	0.3
90	68	1519	1	320.6	0.7	0.7	0.3
90	69	1562	2	253.8	0.7	0.7	0.4
90	70	523	3	90.7	0.7	0.7	0.2
90	71	1074	8	350.2	0.6	0.6	0.2
90	72	1995	5	246.3	0.8	0.8	0.5
90	73	1287	6	197.8	0.6	0.6	0.2
90	74	1042	3	153.3	0.7	0.7	0.2
90	75	1073	6	218.5	0.8	0.8	0.4
90	76	830	5	214.8	0.6	0.6	0.2
90	77	760	2	126	0.7	0.7	0.4
90	78	444	2	81.1	0.7	0.7	0.4
90	79	621	9	170.2	0.6	0.6	0.3
90	80	1126	12	177.5	0.6	0.6	0.4
90	81	922	3	205.3	0.6	0.6	0.6
90	82	548	3	149	0.7	0.7	0.7
90	83	1741	1	330.3	0.7	0.7	0.4
90	84	469	1	107.4	0.5	0.5	0.1
90	85	850	5	183.1	0.7	0.7	0.4
90	86	465	8	104.1	0.5	0.5	0.1
90	87	475	12	171.1	0.7	0.7	0.1
90	88	1533	6	247.2	0.5	0.5	0.1
90	89	755	5	139.3	0.8	0.8	0.5
90	90	639	4	128	0.5	0.5	0
100	1	1991	1	412	0.7	0.7	0
100	2	598	1	122.3	0.7	0.7	0
100	3	424	1	88.4	0.7	0.7	0.1
100	4	413	1	103.2	0.5	0.5	0
100	5	405	1	123.3	0.6	0.6	0
100	6	309	1	64.4	0.7	0.7	0
100	7	813	1	154.9	0.7	0.7	0.1
100	8	356	2	103.1	0.6	0.6	0
100	9	734	2	96.3	0.9	0.9	0
100	10	1677	2	295.2	0.7	0.7	0.2
100	11	1198	1	275.6	0.7	0.7	0.1
100	12	788	2	198.4	0.6	0.6	0
100	13	257	2	84	0.7	0.7	0.1
100	14	1713	2	310.9	0.6	0.6	0.1
100	15	1607	1	280.6	0.6	0.6	0.2
100	16	731	2	148.7	0.6	0.6	0.1
100	17	803	2	243.7	0.6	0.6	0
100	18	501	1	156.2	0.6	0.6	0.1
100	19	721	2	138.9	0.7	0.7	0
100	20	201	1	85.6	0.6	0.6	0.2
100	21	1049	5	154.5	0.4	0.4	0
100	22	402	3	93.4	0.7	0.7	0.3
100	23	628	2	154.7	0.6	0.6	0.2
100	24	1001	1	143.4	0.6	0.6	0.3
100	25	1000	2	194.4	0.7	0.7	0.1
100	26	549	5	138.5	0.7	0.7	0.2
100	27	1487	2	268.6	0.6	0.6	0.2
100	28	667	2	89.6	0.6	0.6	0.2
100	29	357	1	70.6	0.6	0.6	0.2
100	30	471	6	116	0.5	0.5	0
100	31	784	6	300.7	0.6	0.6	0.1
100	32	1085	6	337.4	0.7	0.7	0.3
100	33	789	3	150.3	0.8	0.8	0.2
100	34	668	5	147.7	0.6	0.6	0.1
100	35	572	3	106.1	0.6	0.6	0.4
100	36	839	4	202	0.6	0.6	0.1
100	37	923	2	298.2	0.5	0.5	0.2
100	38	402	3	122.6	0.6	0.6	0.1
100	39	1458	6	259.5	0.6	0.6	0.2
100	40	1430	3	284.3	0.7	0.7	0.1
100	41	471	3	122.1	0.7	0.7	0.4
100	42	521	2	105.6	0.8	0.8	0.2
100	43	605	3	147.5	0.6	0.6	0.3
100	44	1079	10	147.9	0.7	0.7	0.1
100	45	417	4	103.4	0.5	0.5	0.1
100	46	1219	4	279.6	0.7	0.7	0.3
100	47	478	3	85.5	0.8	0.8	0.4
100	48	1252	15	202.9	0.6	0.6	0.2
100	49	465	5	117.3	0.5	0.5	0.3
100	50	619	4	141.4	0.5	0.5	0.1
100	51	801	2	182.5	0.7	0.7	0.1
100	52	882	3	119.7	0.7	0.7	0.2
100	53	534	3	112.8	0.5	0.5	0.2
100	54	689	3	147.2	0.6	0.6	0
100	55	1514	4	218.5	0.5	0.5	0.1
100	56	173	12	61.1	0.6	0.6	0.2
100	57	1663	2	376.9	0.7	0.7	0.3
100	58	1948	1	260.5	0.7	0.7	0.4
100	59	1820	4	378.4	0.7	0.7	0.3
100	60	953	6	153.8	0.6	0.6	0.3
100	61	2015	12	373.1	0.7	0.7	0.3
100	62	115	10	39	0.7	0.7	0.2
100	63	781	10	287.7	0.7	0.7	0.2
100	64	105	3	46.9	0.7	0.7	0.3
100	65	1157	4	186.9	0.6	0.6	0.2
100	66	732	2	180	0.7	0.7	0.4
100	67	1106	7	282.9	0.6	0.6	0.1
100	68	534	5	137.1	0.7	0.7	0.2
100	69	2237	3	298.9	0.7	0.7	0.7
100	70	565	6	167	0.5	0.5	0.2
100	71	356	1	98.4	0.6	0.6	0.3
100	72	1055	1	157.4	0.6	0.6	0.4
100	73	285	4	99.6	0.5	0.5	0.4
100	74	197	6	72.8	0.7	0.7	0.3
100	75	1275	6	219.8	0.7	0.7	0.3
100	76	542	6	110.2	0.7	0.7	0.5
100	77	733	1	176.2	0.7	0.7	0.2
100	78	247	4	83.6	0.5	0.5	0.1
100	79	2001	8	440.6	0.7	0.7	0.3
100	80	738	4	150	0.8	0.8	0.5
100	81	1433	6	276.5	0.7	0.7	0.4
100	82	744	5	151.7	0.7	0.7	0.4
100	83	1502	6	349.6	0.7	0.7	0.2
100	84	1927	2	311.6	0.7	0.7	0.3
100	85	635	12	173.6	0.7	0.7	0.3
100	86	342	5	95	0.7	0.7	0.2
100	87	337	1	114.3	0.7	0.7	0.5
100	88	1149	2	215.3	0.6	0.6	0.5
100	89	1413	8	237.4	0.6	0.6	0.3
100	90	418	3	125.1	0.5	0.5	0.2
100	91	592	2	101.7	0.7	0.7	0.5
100	92	690	1	108.3	0.6	0.6	0.3
100	93	3005	8	573.9	0.7	0.7	0.3
100	94	2537	20	353.5	0.7	0.7	0.4
100	95	1816	5	222.5	0.6	0.6	0.4
100	96	401	2	87.3	0.7	0.7	0.4
100	97	529	1	87	0.5	0.5	0.3
100	98	861	13	259.3	0.7	0.7	0.5
100	99	885	7	204.9	0.7	0.7	0.7
100	100	1031	5	181.9	0.7	0.7	0.4
110	1	595	1	125.7	0.7	0.7	0
110	2	1296	1	211.6	0.6	0.6	0
110	3	430	1	109.2	0.7	0.7	0.1
110	4	1580	2	352.2	0.6	0.6	0
110	5	849	1	215.2	0.7	0.7	0.2
110	6	712	1	176.3	0.6	0.6	0
110	7	785	2	182.3	0.7	0.7	0
110	8	1542	1	222.6	0.6	0.6	0.1
110	9	997	2	178	0.6	0.6	0.1
110	10	331	1	66.2	0.7	0.7	0.1
110	11	2065	2	301.2	0.6	0.6	0
110	12	289	3	75.4	0.5	0.5	0
110	13	350	4	91.7	0.7	0.7	0
110	14	1094	2	245.2	0.6	0.6	0.1
110	15	688	3	108.3	0.5	0.5	0
110	16	1189	2	182.6	0.7	0.7	0.1
110	17	1935	1	372.3	0.7	0.7	0.2
110	18	1366	3	259.5	0.7	0.7	0.2
110	19	627	3	118.8	0.7	0.7	0.1
110	20	1527	2	201.8	0.6	0.6	0
110	21	633	4	158.3	0.7	0.7	0.3
110	22	596	3	114.6	0.6	0.6	0
110	23	1397	1	213.8	0.7	0.7	0.2
110	24	958	3	199.9	0.7	0.7	0.2
110	25	362	1	82.9	0.5	0.5	0.2
110	26	2182	1	342.2	0.7	0.7	0.1
110	27	584	2	113.8	0.6	0.6	0.1
110	28	380	3	94.2	0.6	0.6	0.1
110	29	633	2	124.6	0.7	0.7	0.3
110	30	840	1	178	0.7	0.7	0.2
110	31	1813	2	459.2	0.6	0.6	0.1
110	32	799	1	119.2	0.6	0.6	0.1
110	33	391	5	127.2	0.5	0.5	0
110	34	155	6	41	0.7	0.7	0.2
110	35	414	1	82.2	0.7	0.7	0.3
110	36	1434	3	264.4	0.6	0.6	0.5
110	37	761	3	127.9	0.7	0.7	0.1
110	38	1059	4	261.3	0.6	0.6	0.2
110	39	948	6	173.5	0.7	0.7	0.1
110	40	673	4	207.1	0.7	0.7	0.2
110	41	1338	6	236.7	0.7	0.7	0.2
110	42	398	2	163.4	0.7	0.7	0.3
110	43	851	4	182.6	0.5	0.5	0.1
110	44	714	5	197.1	0.7	0.7	0.4
110	45	1275	5	213.1	0.7	0.7	0.4
110	46	1577	1	196.5	0.6	0.6	0.1
110	47	842	2	221.1	0.5	0.5	0.1
110	48	531	4	128.6	0.7	0.7	0.2
110	49	724	1	195.6	0.6	0.6	0.1
110	50	414	9	141.7	0.6	0.6	0.2
110	51	1313	6	166.5	0.7	0.7	0.4
110	52	611	4	119.7	0.6	0.6	0.1
110	53	582	2	126.5	0.7	0.7	0.1
110	54	422	3	151.5	0.7	0.7	0.1
110	55	236	4	68.1	0.6	0.6	0.1
110	56	1087	4	227.6	0.8	0.8	0.4
110	57	363	9	113.7	0.6	0.6	0.2
110	58	425	4	136.2	0.6	0.6	0
110	59	1754	7	295.2	0.7	0.7	0.2
110	60	309	5	108.5	0.6	0.6	0.3
110	61	1360	3	172.2	0.7	0.7	0.3
110	62	1161	5	218.9	0.7	0.7	0.3
110	63	234	1	66.6	0.6	0.6	0.4
110	64	206	4	63	0.7	0.7	0.2
110	65	647	2	142.6	0.4	0.4	0.2
110	66	811	3	235.5	0.7	0.7	0.4
110	67	1175	10	249.9	0.6	0.6	0.1
110	68	643	1	119.3	0.6	0.6	0.3
110	69	528	8	99.4	0.6	0.6	0.2
110	70	689	8	119.2	0.6	0.6	0.4
110	71	1442	6	210.5	0.5	0.5	0.2
110	72	552	12	124.9	0.6	0.6	0.2
110	73	215	5	52.6	0.6	0.6	0.4
110	74	2484	12	360.7	0.7	0.7	0.1
110	75	1742	3	306.2	0.6	0.6	0.4
110	76	643	1	187.1	0.6	0.6	0.2
110	77	731	12	244.2	0.7	0.7	0.4
110	78	1228	2	242.8	0.6	0.6	0.3
110	79	747	13	194.4	0.6	0.6	0.4
110	80	752	3	144.3	0.7	0.7	0.6
110	81	847	12	146.9	0.6	0.6	0.3
110	82	1003	1	199.3	0.7	0.7	0.2
110	83	860	2	162.8	0.6	0.6	0.3
110	84	705	9	144.3	0.8	0.8	0.3
110	85	606	5	99.6	0.6	0.6	0.2
110	86	613	4	163.1	0.6	0.6	0.5
110	87	1596	3	189	0.7	0.7	0
110	88	473	5	144.8	0.6	0.6	0.2
110	89	539	4	101.2	0.6	0.6	0.2
110	90	371	9	121.6	0.6	0.6	0.1
110	91	1973	4	353	0.5	0.5	0.4
110	92	432	4	107.5	0.4	0.4	0.2
110	93	222	3	65.9	0.6	0.6	0.2
110	94	1717	1	244.3	0.6	0.6	0.4
110	95	1415	10	253.4	0.6	0.6	0.4
110	96	3329	2	516.5	0.5	0.5	0.4
110	97	887	2	192.2	0.5	0.5	0.3
110	98	601	3	142.7	0.8	0.8	0.3
110	99	662	1	99.2	0.7	0.7	0.4
110	100	1320	3	290.5	0.5	0.5	0.1
110	101	403	6	90.5	0.6	0.6	0.3
110	102	457	1	115.4	0.5	0.5	0.3
110	103	735	8	203.7	0.5	0.5	0.2
110	104	1801	5	214.3	0.7	0.7	0.4
110	105	1256	8	186.4	0.6	0.6	0.5
110	106	690	3	157.9	0.7	0.7	0.1
110	107	656	7	219.7	0.6	0.6	0.5
110	108	296	2	80.2	0.6	0.6	0.4
110	109	204	8	61.3	0.7	0.7	0.5
110	110	825	6	149.1	0.8	0.8	0.4
120	1	598	1	159.8	0.6	0.6	0
120	2	441	1	99.7	0.7	0.7	0
120	3	1580	1	262	0.7	0.7	0
120	4	750	1	175.3	0.7	0.7	0.2
120	5	1102	2	159.7	0.7	0.7	0
120	6	1781	1	313.9	0.5	0.5	0.1
120	7	872	1	198.8	0.7	0.7	0
120	8	128	1	38.5	0.7	0.7	0
120	9	1115	1	255.1	0.7	0.7	0.1
120	10	1175	2	182.7	0.7	0.7	0.1
120	11	468	1	163	0.7	0.7	0.1
120	12	314	1	86	0.6	0.6	0
120	13	1015	2	172.4	0.7	0.7	0.3
120	14	594	1	131.1	0.7	0.7	0.1
120	15	317	2	53.7	0.7	0.7	0.1
120	16	589	1	99.4	0.6	0.6	0.1
120	17	801	3	114.4	0.7	0.7	0.1
120	18	648	2	168.4	0.7	0.7	0.1
120	19	1480	3	187	0.7	0.7	0.1
120	20	724	1	126.6	0.6	0.6	0.2
120	21	886	3	167.7	0.6	0.6	0
120	22	438	1	95.2	0.6	0.6	0.1
120	23	1743	4	245.6	0.7	0.7	0.2
120	24	1093	2	249.3	0.7	0.7	0.2
120	25	1113	3	186.3	0.8	0.8	0.1
120	26	2014	2	343.6	0.5	0.5	0.2
120	27	1115	2	234.8	0.6	0.6	0.3
120	28	571	1	179	0.6	0.6	0.2
120	29	730	5	182.5	0.7	0.7	0.1
120	30	1140	2	172.5	0.7	0.7	0.1
120	31	1124	3	193.8	0.6	0.6	0.3
120	32	1042	3	250.6	0.6	0.6	0.2
120	33	905	3	179.8	0.7	0.7	0.5
120	34	327	5	62.3	0.7	0.7	0.2
120	35	736	4	172.5	0.8	0.8	0.4
120	36	1038	3	228	0.7	0.7	0.2
120	37	929	1	278.3	0.5	0.5	0.2
120	38	604	3	129.3	0.7	0.7	0
120	39	1477	3	206.7	0.7	0.7	0.1
120	40	165	2	54.3	0.7	0.7	0.4
120	41	761	3	161.2	0.5	0.5	0.2
120	42	1935	6	338	0.7	0.7	0.2
120	43	980	3	171.7	0.7	0.7	0.2
120	44	334	6	86.2	0.6	0.6	0.2
120	45	542	1	124.1	0.7	0.7	0.4
120	46	1233	3	275.2	0.7	0.7	0.4
120	47	342	3	85.2	0.7	0.7	0.3
120	48	961	2	263.9	0.6	0.6	0.3
120	49	1199	4	213.8	0.7	0.7	0.3
120	50	588	1	194.9	0.6	0.6	0.2
120	51	770	6	152	0.6	0.6	0.1
120	52	899	8	215.8	0.7	0.7	0.3
120	53	1402	3	315.6	0.7	0.7	0.4
120	54	1306	3	244.4	0.5	0.5	0.3
120	55	926	3	256.2	0.7	0.7	0.3
120	56	497	6	136.9	0.6	0.6	0.2
120	57	913	4	193	0.6	0.6	0.1
120	58	1116	9	231	0.7	0.7	0.3
120	59	1775	7	409.6	0.6	0.6	0.3
120	60	1282	1	231.8	0.6	0.6	0.4
120	61	305	2	78.1	0.6	0.6	0.3
120	62	703	1	115.3	0.9	0.9	0.4
120	63	1123	3	229.2	0.6	0.6	0.3
120	64	1471	2	361.8	0.4	0.4	0.1
120	65	314	7	74.8	0.7	0.7	0.1
120	66	817	2	176.4	0.7	0.7	0.6
120	67	418	17	100.5	0.6	0.6	0.3
120	68	605	2	138.7	0.6	0.6	0.5
120	69	223	3	68	0.6	0.6	0.3
120	70	329	8	71.2	0.6	0.6	0.2
120	71	774	6	194.5	0.6	0.6	0.2
120	72	913	8	216.9	0.6	0.6	0.2
120	73	217	9	45.7	0.5	0.5	0.3
120	74	1136	4	188.4	0.7	0.7	0.4
120	75	2053	2	317.9	0.7	0.7	0.3
120	76	477	3	98	0.6	0.6	0.4
120	77	584	5	185.8	0.4	0.4	0.1
120	78	1236	1	329	0.8	0.8	0.4
120	79	1565	4	382.2	0.6	0.6	0.1
120	80	364	1	66.5	0.7	0.7	0.3
120	81	775	3	146.4	0.6	0.6	0.5
120	82	682	4	181.6	0.6	0.6	0.3
120	83	904	7	255.8	0.6	0.6	0.3
120	84	480	2	122.7	0.6	0.6	0.2
120	85	1298	12	285.5	0.6	0.6	0.1
120	86	1078	5	193.9	0.6	0.6	0
120	87	534	3	127	0.6	0.6	0.3
120	88	141	1	49.6	0.6	0.6	0.2
120	89	2130	7	270.3	0.6	0.6	0.3
120	90	952	1	235.1	0.6	0.6	0.4
120	91	548	2	123.9	0.8	0.8	0.3
120	92	720	5	186.2	0.5	0.5	0.3
120	93	250	1	49.9	0.6	0.6	0.2
120	94	795	6	115.9	0.7	0.7	0.2
120	95	585	4	123.6	0.7	0.7	0.4
120	96	905	6	159.6	0.7	0.7	0.3
120	97	1724	13	259.5	0.6	0.6	0.3
120	98	1071	4	176.4	0.4	0.4	0.4
120	99	464	4	100.7	0.6	0.6	0.3
120	100	2021	5	445.8	0.7	0.7	0.4
120	101	351	4	77.2	0.7	0.7	0.5
120	102	1424	7	294	0.7	0.7	0.3
120	103	817	4	116.1	0.7	0.7	0.4
120	104	2471	6	327.7	0.7	0.7	0.3
120	105	1754	8	221	0.6	0.6	0.4
120	106	1468	3	242.9	0.6	0.6	0.3
120	107	649	6	173.1	0.6	0.6	0.5
120	108	848	5	102.5	0.8	0.8	0.6
120	109	352	6	88.1	0.7	0.7	0.3
120	110	928	4	233.2	0.5	0.5	0.2
120	111	988	10	263.1	0.5	0.5	0.3
120	112	554	8	193.3	0.6	0.6	0.2
120	113	131	11	47.8	0.5	0.5	0.1
120	114	1985	11	304.1	0.6	0.6	0.3
120	115	1222	4	277.6	0.6	0.6	0.2
120	116	1375	1	200	0.7	0.7	0.4
120	117	546	8	122.9	0.6	0.6	0.4
120	118	1304	6	268.6	0.6	0.6	0.3
120	119	831	6	193	0.6	0.6	0
120	120	1486	3	303.3	0.7	0.7	0.4
130	1	766	1	169.1	0.5	0.5	0
130	2	1255	1	275	0.7	0.7	0.1
130	3	801	1	99.3	0.7	0.7	0
130	4	1108	1	182.4	0.7	0.7	0
130	5	1121	1	148.2	0.7	0.7	0
130	6	849	1	206	0.7	0.7	0
130	7	585	3	110.9	0.6	0.6	0.1
130	8	838	1	113.8	0.7	0.7	0
130	9	697	2	154.9	0.7	0.7	0.1
130	10	894	3	151.5	0.6	0.6	0
130	11	151	2	51.2	0.3	0.3	0
130	12	1613	1	304.3	0.7	0.7	0
130	13	644	2	119	0.7	0.7	0.2
130	14	563	3	98.1	0.8	0.8	0.2
130	15	1452	2	266.7	0.7	0.7	0.1
130	16	340	2	89	0.6	0.6	0.1
130	17	1891	4	278.6	0.7	0.7	0.1
130	18	572	4	147	0.7	0.7	0
130	19	655	4	105.7	0.6	0.6	0.1
130	20	244	1	55.2	0.5	0.5	0.2
130	21	740	1	171.8	0.6	0.6	0.2
130	22	468	1	128.1	0.7	0.7	0.3
130	23	922	5	173.5	0.7	0.7	0.1
130	24	1018	4	210.4	0.7	0.7	0.1
130	25	944	3	144.5	0.7	0.7	0.2
130	26	1125	1	299.1	0.7	0.7	0.4
130	27	482	2	120.8	0.6	0.6	0.1
130	28	949	3	171.5	0.6	0.6	0.1
130	29	1901	2	256.3	0.5	0.5	0.1
130	30	763	2	196.2	0.7	0.7	0.4
130	31	1046	2	154.2	0.5	0.5	0
130	32	939	5	135.1	0.7	0.7	0.2
130	33	978	7	210.1	0.6	0.6	0
130	34	625	3	155	0.6	0.6	0.3
130	35	1268	3	248.9	0.4	0.4	0.2
130	36	1027	7	167.6	0.7	0.7	0.2
130	37	852	1	178	0.7	0.7	0.2
130	38	300	4	68.7	0.6	0.6	0.2
130	39	946	3	150.6	0.7	0.7	0.2
130	40	889	1	146.5	0.6	0.6	0.3
130	41	283	3	89.9	0.7	0.7	0.1
130	42	518	3	128.2	0.5	0.5	0.2
130	43	864	9	161.7	0.6	0.6	0.1
130	44	700	3	247.4	0.7	0.7	0.1
130	45	506	6	123.3	0.7	0.7	0.4
130	46	564	3	115.3	0.7	0.7	0.2
130	47	551	5	146.8	0.7	0.7	0.2
130	48	1074	2	229.3	0.5	0.5	0.3
130	49	361	4	66.7	0.7	0.7	0.2
130	50	388	7	113.1	0.7	0.7	0.3
130	51	352	5	99.9	0.6	0.6	0.1
130	52	667	3	173.7	0.7	0.7	0.3
130	53	1366	8	354.7	0.6	0.6	0.4
130	54	493	5	99.9	0.7	0.7	0.3
130	55	847	9	165	0.7	0.7	0.3
130	56	440	2	117.3	0.6	0.6	0.2
130	57	999	3	182.6	0.5	0.5	0
130	58	719	8	126.1	0.6	0.6	0.1
130	59	858	2	194.9	0.7	0.7	0.4
130	60	439	5	120.4	0.6	0.6	0.2
130	61	946	5	255	0.5	0.5	0.1
130	62	1023	6	173.8	0.7	0.7	0.5
130	63	2146	2	366	0.8	0.8	0.6
130	64	1999	2	335.9	0.6	0.6	0.3
130	65	1413	3	192.1	0.7	0.7	0.2
130	66	219	4	71.3	0.5	0.5	0.3
130	67	1553	2	198.2	0.7	0.7	0.4
130	68	292	4	76	0.8	0.8	0.1
130	69	394	4	100.4	0.7	0.7	0.1
130	70	890	6	257.5	0.6	0.6	0.3
130	71	812	10	219.4	0.6	0.6	0
130	72	960	3	155.8	0.7	0.7	0.3
130	73	1638	6	434.5	0.6	0.6	0.1
130	74	665	2	171	0.6	0.6	0.4
130	75	1124	7	209.6	0.6	0.6	0.4
130	76	425	2	107.1	0.7	0.7	0.7
130	77	1187	6	195.6	0.6	0.6	0.2
130	78	1399	9	270.5	0.6	0.6	0.4
130	79	875	7	168.3	0.6	0.6	0.3
130	80	630	1	105.7	0.6	0.6	0.3
130	81	648	6	193	0.6	0.6	0.3
130	82	902	14	189.8	0.6	0.6	0.1
130	83	1185	10	257.6	0.7	0.7	0.1
130	84	520	1	171.2	0.6	0.6	0.2
130	85	824	1	209.4	0.7	0.7	0.3
130	86	1232	2	310.8	0.6	0.6	0.4
130	87	485	4	115	0.7	0.7	0.3
130	88	485	6	154.2	0.5	0.5	0.3
130	89	1790	3	304.7	0.6	0.6	0.3
130	90	997	7	260.3	0.6	0.6	0.3
130	91	676	5	209.1	0.6	0.6	0.3
130	92	638	3	104.1	0.8	0.8	0.3
130	93	277	12	99.8	0.4	0.4	0.2
130	94	719	2	138.1	0.7	0.7	0.5
130	95	1214	7	277	0.6	0.6	0.1
130	96	823	7	169.9	0.7	0.7	0.3
130	97	472	7	115	0.5	0.5	0.3
130	98	1380	5	215.3	0.6	0.6	0.5
130	99	1442	6	240.1	0.7	0.7	0.3
130	100	1767	6	273.8	0.7	0.7	0.4
130	101	689	3	151.6	0.8	0.8	0.4
130	102	562	9	89.4	0.6	0.6	0.1
130	103	1237	5	218.2	0.6	0.6	0.4
130	104	220	3	78.3	0.7	0.7	0.4
130	105	709	4	97.9	0.6	0.6	0.3
130	106	1897	4	251.4	0.6	0.6	0.4
130	107	253	3	59.2	0.7	0.7	0.4
130	108	606	2	171.6	0.7	0.7	0.4
130	109	1540	14	241.7	0.5	0.5	0.4
130	110	662	11	140.9	0.6	0.6	0.3
130	111	523	8	79.8	0.7	0.7	0.4
130	112	751	7	167.6	0.5	0.5	0.1
130	113	489	8	147.8	0.6	0.6	0.2
130	114	1703	4	480.5	0.6	0.6	0.5
130	115	679	8	174.8	0.7	0.7	0.2
130	116	408	8	135.8	0.7	0.7	0.4
130	117	1208	5	224.3	0.7	0.7	0.3
130	118	769	1	258.9	0.6	0.6	0.1
130	119	1226	4	312.3	0.6	0.6	0.3
130	120	484	2	104.9	0.6	0.6	0.4
130	121	1014	1	258	0.7	0.7	0.4
130	122	602	6	134.6	0.6	0.6	0.4
130	123	1568	2	275.9	0.5	0.5	0.3
130	124	670	12	172.6	0.6	0.6	0.2
130	125	1448	8	220.6	0.8	0.8	0.2
130	126	222	2	70.6	0.6	0.6	0.4
130	127	350	10	102.6	0.6	0.6	0.3
130	128	728	2	151.9	0.7	0.7	0.3
130	129	807	1	147.1	0.6	0.6	0.5
130	130	1484	2	266.9	0.6	0.6	0.3
140	1	755	1	131.7	0.7	0.7	0
140	2	515	1	154.6	0.6	0.6	0
140	3	1658	1	187.7	0.7	0.7	0
140	4	1238	1	226.1	0.6	0.6	0.1
140	5	812	1	157.3	0.8	0.8	0
140	6	1045	1	184.7	0.6	0.6	0
140	7	501	1	126.9	0.7	0.7	0
140	8	2086	2	353.7	0.6	0.6	0
140	9	858	1	177.1	0.6	0.6	0.1
140	10	473	1	78.4	0.6	0.6	0.1
140	11	684	2	150.6	0.7	0.7	0.1
140	12	1176	2	177	0.7	0.7	0
140	13	1513	2	283.4	0.8	0.8	0.1
140	14	1317	2	249.4	0.6	0.6	0.2
140	15	726	2	110.7	0.7	0.7	0.3
140	16	878	3	126.1	0.7	0.7	0
140	17	896	2	216.4	0.7	0.7	0.1
140	18	811	2	111.9	0.7	0.7	0.1
140	19	905	2	218.9	0.6	0.6	0
140	20	1144	3	140.5	0.6	0.6	0.1
140	21	1331	1	179.4	0.6	0.6	0.1
140	22	962	3	183.3	0.5	0.5	0.2
140	23	1265	1	196.1	0.6	0.6	0.1
140	24	451	2	89.3	0.7	0.7	0.2
140	25	439	2	104.7	0.8	0.8	0.1
140	26	992	2	148.7	0.6	0.6	0.2
140	27	973	3	162.2	0.6	0.6	0
140	28	837	1	174.5	0.6	0.6	0.3
140	29	321	3	122	0.7	0.7	0.2
140	30	1040	3	224.6	0.6	0.6	0.1
140	31	660	9	182	0.5	0.5	0.1
140	32	451	5	94.9	0.7	0.7	0.5
140	33	885	3	213.9	0.6	0.6	0.1
140	34	143	3	48.8	0.6	0.6	0.5
140	35	177	1	47.7	0.6	0.6	0.3
140	36	1379	9	199.1	0.5	0.5	0.1
140	37	704	5	182.6	0.6	0.6	0.3
140	38	1748	1	273.4	0.7	0.7	0.2
140	39	1047	5	291.7	0.5	0.5	0.2
140	40	1357	5	215	0.7	0.7	0.1
140	41	1678	6	230.9	0.7	0.7	0.1
140	42	1883	4	270.4	0.6	0.6	0
140	43	759	3	145.6	0.7	0.7	0.2
140	44	1038	4	209.7	0.7	0.7	0.2
140	45	467	9	104.4	0.7	0.7	0.3
140	46	323	9	94.2	0.7	0.7	0.3
140	47	391	4	113.9	0.6	0.6	0
140	48	537	3	83.8	0.7	0.7	0.4
140	49	866	3	138	0.6	0.6	0.3
140	50	1777	7	298.9	0.6	0.6	0.2
140	51	822	4	154.5	0.8	0.8	0.4
140	52	965	1	238.8	0.6	0.6	0.4
140	53	1270	8	196.7	0.6	0.6	0.1
140	54	2189	4	458.5	0.6	0.6	0.1
140	55	515	7	112.1	0.5	0.5	0.1
140	56	463	1	96.1	0.7	0.7	0.5
140	57	612	6	155.5	0.7	0.7	0.5
140	58	249	5	81.2	0.7	0.7	0.2
140	59	435	1	80.3	0.4	0.4	0.2
140	60	1057	1	221.3	0.7	0.7	0.4
140	61	1686	4	374.3	0.7	0.7	0.2
140	62	481	7	136.8	0.6	0.6	0.2
140	63	2062	7	400.3	0.6	0.6	0.1
140	64	1552	7	257.7	0.6	0.6	0.1
140	65	2062	3	343.6	0.7	0.7	0.5
140	66	309	6	77.1	0.6	0.6	0.1
140	67	1647	4	234.2	0.7	0.7	0.4
140	68	1276	1	224.4	0.7	0.7	0.2
140	69	624	1	145.9	0.7	0.7	0.3
140	70	1308	3	219.3	0.7	0.7	0.3
140	71	1716	7	285.6	0.7	0.7	0.3
140	72	823	5	228.2	0.6	0.6	0.2
140	73	2430	4	323.6	0.7	0.7	0.5
140	74	932	4	175.9	0.7	0.7	0.5
140	75	579	3	147.3	0.6	0.6	0.5
140	76	633	10	117.4	0.6	0.6	0.4
140	77	199	1	56.3	0.6	0.6	0.2
140	78	344	2	98.9	0.5	0.5	0.3
140	79	472	3	145.5	0.7	0.7	0.3
140	80	707	4	164.9	0.5	0.5	0.2
140	81	325	1	51.3	0.7	0.7	0.4
140	82	1309	1	261	0.6	0.6	0.4
140	83	338	8	83.2	0.6	0.6	0.3
140	84	637	6	150.4	0.6	0.6	0.1
140	85	590	4	204.1	0.5	0.5	0.4
140	86	1652	12	350.1	0.7	0.7	0.1
140	87	1467	8	225.4	0.6	0.6	0.2
140	88	895	4	197	0.7	0.7	0.2
140	89	475	1	128.2	0.5	0.5	0.2
140	90	675	8	190.8	0.6	0.6	0.1
140	91	755	3	151.9	0.6	0.6	0.6
140	92	984	10	252.3	0.3	0.3	0
140	93	1299	3	193.8	0.7	0.7	0.4
140	94	513	6	86.7	0.7	0.7	0.6
140	95	303	1	100.7	0.5	0.5	0.3
140	96	2166	1	401.2	0.7	0.7	0.4
140	97	965	11	214.9	0.6	0.6	0.3
140	98	465	2	90.9	0.7	0.7	0.3
140	99	597	3	130.1	0.6	0.6	0.2
140	100	808	5	156.2	0.6	0.6	0.3
140	101	1181	6	205.5	0.7	0.7	0.3
140	102	840	7	177.7	0.7	0.7	0.4
140	103	323	6	76.9	0.6	0.6	0.4
140	104	831	2	184.6	0.6	0.6	0.4
140	105	1696	2	249.1	0.6	0.6	0.4
140	106	633	2	87	0.6	0.6	0.5
140	107	798	2	166.4	0.5	0.5	0.4
140	108	1235	8	256.5	0.7	0.7	0.3
140	109	1842	7	261.2	0.7	0.7	0.4
140	110	769	5	306.2	0.6	0.6	0.4
140	111	917	3	182.4	0.6	0.6	0.1
140	112	888	4	219.9	0.6	0.6	0.4
140	113	2350	4	385.2	0.6	0.6	0.2
140	114	811	11	236.7	0.6	0.6	0.2
140	115	588	5	115.4	0.7	0.7	0.5
140	116	673	6	193.6	0.6	0.6	0.1
140	117	290	2	50.7	0.7	0.7	0.3
140	118	1489	4	229.8	0.6	0.6	0.3
140	119	412	17	110.7	0.7	0.7	0.2
140	120	371	3	88	0.8	0.8	0.4
140	121	398	4	94.6	0.5	0.5	0.4
140	122	452	1	108.5	0.6	0.6	0.3
140	123	1415	7	269.9	0.6	0.6	0.5
140	124	380	14	93.4	0.5	0.5	0.3
140	125	1192	9	241.6	0.7	0.7	0.3
140	126	850	4	183.8	0.7	0.7	0.5
140	127	768	6	173.6	0.6	0.6	0.3
140	128	537	2	94.5	0.6	0.6	0.5
140	129	3549	4	489.9	0.6	0.6	0.4
140	130	907	3	218.1	0.6	0.6	0.3
140	131	1338	12	329.2	0.6	0.6	0.4
140	132	951	1	186.4	0.6	0.6	0.3
140	133	438	2	108.8	0.6	0.6	0.4
140	134	1947	3	247.4	0.5	0.5	0.4
140	135	1418	3	182.6	0.5	0.5	0.4
140	136	1117	6	194.2	0.6	0.6	0.3
140	137	435	2	108.4	0.5	0.5	0.5
140	138	1096	5	261.5	0.7	0.7	0.5
140	139	1594	5	288.3	0.5	0.5	0.3
140	140	642	6	162.7	0.7	0.7	0.5
150	1	623	1	112.7	0.7	0.7	0
150	2	774	1	98.9	0.8	0.8	0
150	3	653	1	176.6	0.7	0.7	0
150	4	308	1	79.9	0.7	0.7	0.1
150	5	608	1	154.5	0.8	0.8	0.1
150	6	1108	1	200.2	0.7	0.7	0
150	7	1284	2	217.2	0.7	0.7	0.2
150	8	878	1	269.6	0.6	0.6	0
150	9	331	2	88.1	0.7	0.7	0.1
150	10	944	2	168.6	0.6	0.6	0
150	11	92	2	32.4	0.6	0.6	0
150	12	535	2	167.8	0.7	0.7	0.1
150	13	127	2	41.5	0.7	0.7	0.1
150	14	651	2	122.5	0.7	0.7	0.1
150	15	1074	2	175.7	0.6	0.6	0.2
150	16	396	1	113.5	0.7	0.7	0.2
150	17	641	1	148.7	0.7	0.7	0.3
150	18	206	2	48.9	0.6	0.6	0.2
150	19	1640	1	309.7	0.6	0.6	0
150	20	677	2	127.1	0.7	0.7	0
150	21	175	3	42.1	0.5	0.5	0.1
150	22	508	4	87.7	0.5	0.5	0.1
150	23	540	4	131.1	0.5	0.5	0.1
150	24	853	2	141.7	0.7	0.7	0.2
150	25	583	2	182.1	0.6	0.6	0.2
150	26	387	2	117.5	0.6	0.6	0.3
150	27	2004	3	367.5	0.7	0.7	0.2
150	28	800	4	297.4	0.7	0.7	0.2
150	29	909	8	171.7	0.7	0.7	0.1
150	30	437	4	125	0.7	0.7	0.3
150	31	701	4	97.3	0.6	0.6	0.1
150	32	1150	2	263	0.5	0.5	0.1
150	33	778	2	195.6	0.7	0.7	0.3
150	34	470	5	85.9	0.6	0.6	0.2
150	35	666	3	125.3	0.7	0.7	0.4
150	36	2888	3	359.5	0.7	0.7	0.2
150	37	412	4	107.6	0.7	0.7	0.1
150	38	1138	1	250.2	0.6	0.6	0.2
150	39	1170	3	247.2	0.5	0.5	0.2
150	40	372	1	103	0.6	0.6	0.4
150	41	1141	4	163.5	0.7	0.7	0.1
150	42	944	7	223.2	0.6	0.6	0.1
150	43	470	3	85.5	0.7	0.7	0.4
150	44	883	8	185.5	0.5	0.5	0.3
150	45	342	3	70.5	0.7	0.7	0.4
150	46	832	2	226.7	0.7	0.7	0.3
150	47	482	2	165.1	0.5	0.5	0
150	48	1188	5	229.8	0.5	0.5	0.1
150	49	906	6	228.7	0.5	0.5	0.3
150	50	1173	2	185.2	0.4	0.4	0.3
150	51	1368	6	320.4	0.6	0.6	0.1
150	52	384	4	107.3	0.7	0.7	0.1
150	53	1422	10	358.7	0.4	0.4	0
150	54	1141	4	199.6	0.6	0.6	0
150	55	886	8	316.7	0.5	0.5	0.2
150	56	1727	3	275.2	0.6	0.6	0.3
150	57	970	3	227.8	0.6	0.6	0.1
150	58	838	6	193.7	0.7	0.7	0.4
150	59	112	2	41.5	0.6	0.6	0.4
150	60	508	2	126.2	0.5	0.5	0.1
150	61	1286	1	297.9	0.6	0.6	0.4
150	62	448	8	78.6	0.7	0.7	0.4
150	63	1310	1	332.4	0.6	0.6	0.3
150	64	118	1	51.8	0.5	0.5	0.2
150	65	499	7	131.9	0.7	0.7	0.4
150	66	1478	4	324.4	0.6	0.6	0.3
150	67	2262	5	511.9	0.7	0.7	0.5
150	68	861	6	159.6	0.8	0.8	0.3
150	69	1763	1	439.1	0.5	0.5	0.2
150	70	761	4	199.8	0.8	0.8	0.4
150	71	384	5	128.2	0.7	0.7	0.2
150	72	110	3	45	0.7	0.7	0.2
150	73	676	4	117.1	0.7	0.7	0.2
150	74	586	8	178.9	0.5	0.5	0.1
150	75	573	4	134.7	0.7	0.7	0.3
150	76	628	13	163.1	0.6	0.6	0.2
150	77	377	2	126.3	0.6	0.6	0.3
150	78	1168	6	215.7	0.7	0.7	0.3
150	79	1346	11	193.4	0.5	0.5	0.2
150	80	470	7	126.9	0.5	0.5	0.2
150	81	669	1	99.8	0.7	0.7	0.2
150	82	603	3	143.4	0.5	0.5	0.2
150	83	347	4	93	0.6	0.6	0.3
150	84	749	2	153.3	0.5	0.5	0.4
150	85	938	4	149.3	0.8	0.8	0.4
150	86	116	3	46.6	0.7	0.7	0.5
150	87	1301	2	309.2	0.7	0.7	0.4
150	88	1609	2	442.9	0.6	0.6	0.2
150	89	308	10	99.6	0.6	0.6	0.3
150	90	681	3	115.4	0.6	0.6	0.3
150	91	215	2	61.3	0.6	0.6	0.5
150	92	761	4	113.7	0.6	0.6	0.2
150	93	669	6	200.5	0.5	0.5	0.2
150	94	1299	4	218.4	0.7	0.7	0.3
150	95	1829	7	328	0.7	0.7	0.2
150	96	601	2	125.4	0.6	0.6	0.3
150	97	505	7	115.4	0.7	0.7	0.3
150	98	323	13	122.7	0.7	0.7	0.1
150	99	1112	2	194.2	0.7	0.7	0.4
150	100	456	1	124.6	0.7	0.7	0.4
150	101	1595	2	245.9	0.8	0.8	0.4
150	102	279	1	92.6	0.7	0.7	0.4
150	103	969	3	168.7	0.6	0.6	0.4
150	104	1073	4	265.7	0.7	0.7	0.3
150	105	610	8	166.2	0.6	0.6	0.1
150	106	735	7	189	0.7	0.7	0.4
150	107	391	7	78.2	0.6	0.6	0.5
150	108	487	8	114.9	0.6	0.6	0.4
150	109	1146	7	193.4	0.5	0.5	0.1
150	110	1139	3	245.6	0.7	0.7	0.4
150	111	676	2	102	0.5	0.5	0.3
150	112	392	4	76.9	0.5	0.5	0.3
150	113	301	4	79.2	0.6	0.6	0.3
150	114	695	5	125.8	0.7	0.7	0.4
150	115	772	6	226	0.6	0.6	0.2
150	116	754	1	198.7	0.6	0.6	0.4
150	117	810	4	158.1	0.6	0.6	0.4
150	118	1437	2	267.9	0.6	0.6	0.5
150	119	1868	2	351.2	0.5	0.5	0.3
150	120	862	10	226.3	0.6	0.6	0.4
150	121	1596	3	220.4	0.5	0.5	0.3
150	122	454	3	146.2	0.7	0.7	0.5
150	123	986	4	269.4	0.6	0.6	0.4
150	124	4696	8	530.2	0.5	0.5	0.1
150	125	1434	4	306.9	0.7	0.7	0.5
150	126	1294	7	208.3	0.6	0.6	0.2
150	127	1319	1	264.2	0.7	0.7	0.4
150	128	638	7	125.1	0.7	0.7	0.3
150	129	1546	11	226.6	0.7	0.7	0.3
150	130	764	1	221.8	0.6	0.6	0.1
150	131	845	2	186	0.7	0.7	0.6
150	132	433	1	88.5	0.5	0.5	0.4
150	133	2305	4	259.4	0.7	0.7	0.4
150	134	524	2	141.3	0.7	0.7	0.4
150	135	1345	3	189.4	0.7	0.7	0.4
150	136	1279	6	241.7	0.6	0.6	0.4
150	137	567	7	132.7	0.7	0.7	0.6
150	138	296	5	64.3	0.5	0.5	0.2
150	139	1020	10	161.3	0.7	0.7	0.5
150	140	956	2	188.9	0.6	0.6	0.4
150	141	941	3	188.9	0.5	0.5	0.1
150	142	958	12	245.6	0.5	0.5	0.4
150	143	2334	1	334.3	0.7	0.7	0.5
150	144	1135	2	432.3	0.4	0.4	0.2
150	145	1509	6	314.8	0.7	0.7	0.5
150	146	246	4	77.1	0.6	0.6	0.2
150	147	917	5	159.1	0.7	0.7	0.4
150	148	441	3	103.5	0.4	0.4	0.2
150	149	354	5	74.6	0.7	0.7	0.5
150	150	802	2	156.5	0.5	0.5	0.3
160	1	289	1	53.6	0.7	0.7	0
160	2	221	1	68.6	0.7	0.7	0.1
160	3	1336	1	212	0.7	0.7	0
160	4	1405	1	179.6	0.7	0.7	0
160	5	640	2	224.5	0.6	0.6	0.1
160	6	854	2	124.9	0.7	0.7	0
160	7	1074	2	211.6	0.7	0.7	0
160	8	315	1	78.9	0.6	0.6	0.1
160	9	1446	1	335.5	0.5	0.5	0
160	10	801	1	159.8	0.7	0.7	0
160	11	1616	2	341.4	0.7	0.7	0.1
160	12	1502	2	192.3	0.5	0.5	0.2
160	13	1814	2	259.7	0.6	0.6	0
160	14	564	1	172.9	0.7	0.7	0.1
160	15	1264	4	276.7	0.7	0.7	0.1
160	16	513	3	88.6	0.7	0.7	0
160	17	395	2	87.5	0.7	0.7	0.2
160	18	221	2	64	0.6	0.6	0.1
160	19	1212	7	221.2	0.6	0.6	0
160	20	1691	2	338	0.7	0.7	0.1
160	21	424	2	87.2	0.6	0.6	0.2
160	22	268	3	66.3	0.7	0.7	0.3
160	23	494	4	109	0.7	0.7	0.1
160	24	2212	1	512.9	0.6	0.6	0.2
160	25	2055	1	229.9	0.7	0.7	0.1
160	26	1601	3	273.3	0.5	0.5	0.1
160	27	399	5	80.9	0.7	0.7	0.1
160	28	723	10	139	0.5	0.5	0.1
160	29	610	2	172.6	0.6	0.6	0.1
160	30	1789	1	305.4	0.8	0.8	0.3
160	31	930	4	176.7	0.6	0.6	0
160	32	1056	3	172.3	0.7	0.7	0.3
160	33	917	4	198.5	0.7	0.7	0.2
160	34	926	4	178.4	0.7	0.7	0.1
160	35	764	5	261.2	0.7	0.7	0.1
160	36	2076	3	324.1	0.7	0.7	0.4
160	37	580	3	143.9	0.8	0.8	0.2
160	38	833	4	175	0.7	0.7	0.2
160	39	672	2	145.1	0.6	0.6	0.4
160	40	593	2	175.8	0.6	0.6	0.2
160	41	467	3	120.4	0.6	0.6	0.2
160	42	227	5	64.3	0.6	0.6	0.3
160	43	496	2	95.8	0.6	0.6	0.3
160	44	761	6	239.4	0.4	0.4	0.1
160	45	1081	3	145.4	0.7	0.7	0.3
160	46	552	1	100.7	0.6	0.6	0.3
160	47	868	5	224.4	0.6	0.6	0
160	48	1321	4	173	0.7	0.7	0.1
160	49	2493	2	397	0.7	0.7	0.6
160	50	281	6	57.4	0.7	0.7	0.2
160	51	593	7	143.2	0.6	0.6	0.4
160	52	1623	1	219.7	0.6	0.6	0.2
160	53	533	4	103.4	0.6	0.6	0.1
160	54	722	7	103.9	0.7	0.7	0.1
160	55	670	1	132.4	0.6	0.6	0.2
160	56	369	3	122.7	0.6	0.6	0.1
160	57	916	9	138.8	0.5	0.5	0.1
160	58	1249	3	205	0.6	0.6	0.3
160	59	622	2	106.2	0.7	0.7	0
160	60	666	1	152.7	0.6	0.6	0.2
160	61	539	4	149.8	0.4	0.4	0.1
160	62	1559	6	263.3	0.8	0.8	0.4
160	63	472	3	138.5	0.8	0.8	0.4
160	64	448	3	81.7	0.6	0.6	0.3
160	65	357	1	75.1	0.7	0.7	0.4
160	66	1271	2	168.1	0.6	0.6	0.3
160	67	919	4	197.6	0.6	0.6	0.3
160	68	1206	4	308.2	0.6	0.6	0.5
160	69	341	1	66.7	0.6	0.6	0.4
160	70	1340	4	435.4	0.6	0.6	0.4
160	71	2482	4	363.4	0.6	0.6	0.5
160	72	2898	3	405	0.6	0.6	0.3
160	73	1041	3	288.2	0.5	0.5	0.4
160	74	1523	4	242	0.6	0.6	0.4
160	75	649	10	167.9	0.7	0.7	0.3
160	76	756	4	159.3	0.6	0.6	0.2
160	77	753	11	198	0.7	0.7	0.3
160	78	793	6	167.3	0.7	0.7	0.3
160	79	356	8	109.8	0.7	0.7	0.5
160	80	1800	10	288.9	0.7	0.7	0.4
160	81	547	2	166	0.6	0.6	0.4
160	82	446	5	128.7	0.8	0.8	0.3
160	83	315	3	101.1	0.6	0.6	0.2
160	84	784	9	179.1	0.6	0.6	0.2
160	85	526	4	119.8	0.7	0.7	0.5
160	86	2125	1	277.8	0.6	0.6	0.5
160	87	877	3	196	0.7	0.7	0.4
160	88	1029	3	184	0.7	0.7	0.4
160	89	447	15	114.8	0.8	0.8	0.3
160	90	1155	5	180.6	0.6	0.6	0.4
160	91	3254	4	634.3	0.4	0.4	0.3
160	92	767	12	117.6	0.7	0.7	0.3
160	93	999	1	271	0.7	0.7	0.4
160	94	729	1	187.2	0.5	0.5	0.4
160	95	2690	5	454.3	0.6	0.6	0.3
160	96	261	10	72.3	0.8	0.8	0.3
160	97	569	10	162.1	0.7	0.7	0.5
160	98	1047	4	198.6	0.6	0.6	0.4
160	99	497	6	136.2	0.5	0.5	0.2
160	100	524	3	84.4	0.7	0.7	0.6
160	101	581	2	84.5	0.8	0.8	0.4
160	102	770	1	188.7	0.7	0.7	0.3
160	103	546	8	124.1	0.5	0.5	0.4
160	104	111	7	52.1	0.7	0.7	0.3
160	105	849	1	188.4	0.7	0.7	0.4
160	106	1612	9	360.7	0.5	0.5	0.2
160	107	434	2	124.4	0.5	0.5	0.4
160	108	1439	5	177.3	0.7	0.7	0.3
160	109	365	4	101.8	0.7	0.7	0.1
160	110	373	14	107.6	0.7	0.7	0.5
160	111	737	5	149.7	0.7	0.7	0.2
160	112	894	2	184.1	0.6	0.6	0.4
160	113	832	2	186.3	0.7	0.7	0.4
160	114	718	1	173.5	0.6	0.6	0.4
160	115	1016	3	200.1	0.8	0.8	0.6
160	116	798	3	132.3	0.7	0.7	0.6
160	117	526	5	154.3	0.7	0.7	0.4
160	118	1114	2	252.8	0.7	0.7	0.3
160	119	1299	1	353.3	0.7	0.7	0.4
160	120	822	2	164.9	0.7	0.7	0.5
160	121	492	1	161.5	0.5	0.5	0.4
160	122	906	6	147.9	0.6	0.6	0.5
160	123	552	2	112.6	0.6	0.6	0.5
160	124	552	1	119.9	0.6	0.6	0.4
160	125	874	3	188.7	0.7	0.7	0.4
160	126	850	9	224.7	0.6	0.6	0.5
160	127	789	11	290.6	0.4	0.4	0
160	128	364	10	78.1	0.8	0.8	0.3
160	129	1221	1	174	0.7	0.7	0.5
160	130	480	11	110.2	0.7	0.7	0.3
160	131	2476	1	382.7	0.6	0.6	0.4
160	132	446	8	135	0.6	0.6	0.5
160	133	383	2	102.2	0.6	0.6	0.3
160	134	536	1	169.8	0.6	0.6	0.3
160	135	1057	1	231.5	0.5	0.5	0.2
160	136	321	4	151.9	0.6	0.6	0.5
160	137	831	2	236.5	0.6	0.6	0.3
160	138	1006	1	182.4	0.7	0.7	0.5
160	139	1172	6	287.6	0.6	0.6	0.2
160	140	1882	10	242.2	0.6	0.6	0.3
160	141	793	11	177.2	0.6	0.6	0.2
160	142	641	1	167.8	0.5	0.5	0.3
160	143	108	2	46.8	0.6	0.6	0.4
160	144	1513	1	211.4	0.5	0.5	0.2
160	145	890	1	241.2	0.5	0.5	0.2
160	146	1006	7	183.3	0.7	0.7	0.4
160	147	625	1	179.1	0.6	0.6	0.3
160	148	2127	3	446.5	0.7	0.7	0.5
160	149	480	5	140	0.6	0.6	0.4
160	150	856	2	235.6	0.6	0.6	0.2
160	151	991	2	177.8	0.6	0.6	0.3
160	152	734	1	180.1	0.6	0.6	0.4
160	153	1590	4	216.8	0.7	0.7	0.5
160	154	1089	10	244.2	0.5	0.5	0.2
160	155	549	12	162.3	0.7	0.7	0.5
160	156	736	6	135.9	0.5	0.5	0.3
160	157	927	6	199.2	0.6	0.6	0.3
160	158	588	11	217.8	0.7	0.7	0.4
160	159	1264	1	147	0.6	0.6	0.3
160	160	401	1	101.8	0.8	0.8	0.4
170	1	448	1	141.3	0.7	0.7	0
170	2	622	1	160.2	0.6	0.6	0
170	3	1064	1	155.3	0.7	0.7	0
170	4	1701	1	201.2	0.8	0.8	0.1
170	5	463	1	111.4	0.6	0.6	0
170	6	2621	1	398.4	0.6	0.6	0.1
170	7	3248	2	502.6	0.6	0.6	0.1
170	8	1017	2	124.5	0.7	0.7	0.1
170	9	543	2	132.2	0.7	0.7	0
170	10	1435	1	254.9	0.7	0.7	0
170	11	507	3	123.4	0.6	0.6	0.1
170	12	438	4	116.7	0.6	0.6	0
170	13	619	2	136.6	0.5	0.5	0.1
170	14	328	2	69.1	0.6	0.6	0.2
170	15	219	4	84.9	0.7	0.7	0.1
170	16	638	2	148.2	0.7	0.7	0.3
170	17	862	2	142	0.6	0.6	0
170	18	247	1	48.5	0.5	0.5	0
170	19	948	1	188	0.7	0.7	0.1
170	20	575	2	132	0.7	0.7	0.2
170	21	2814	3	397.1	0.6	0.6	0
170	22	1284	3	192	0.8	0.8	0
170	23	2365	2	394.7	0.4	0.4	0
170	24	1170	3	225.6	0.7	0.7	0.1
170	25	538	3	130.1	0.7	0.7	0.1
170	26	457	4	114.6	0.7	0.7	0.2
170	27	324	2	78	0.7	0.7	0.2
170	28	815	3	223.1	0.7	0.7	0.3
170	29	1061	5	261.4	0.7	0.7	0.2
170	30	598	2	230.6	0.6	0.6	0.1
170	31	647	4	121	0.7	0.7	0.2
170	32	806	2	226.2	0.5	0.5	0.4
170	33	1093	2	343.2	0.4	0.4	0.1
170	34	238	10	68.9	0.5	0.5	0.3
170	35	950	1	336.3	0.6	0.6	0.1
170	36	870	2	187.8	0.6	0.6	0
170	37	1872	3	230.1	0.7	0.7	0.2
170	38	387	4	130.6	0.6	0.6	0.2
170	39	759	3	169.8	0.6	0.6	0.2
170	40	813	7	134.6	0.7	0.7	0.2
170	41	924	3	151.3	0.8	0.8	0.3
170	42	533	5	193.9	0.6	0.6	0.2
170	43	346	1	70	0.6	0.6	0.1
170	44	901	2	112.7	0.6	0.6	0.1
170	45	365	2	73	0.7	0.7	0.1
170	46	809	3	127.7	0.6	0.6	0.3
170	47	1853	3	238.1	0.8	0.8	0.2
170	48	1511	9	287.8	0.6	0.6	0.2
170	49	785	6	225.1	0.5	0.5	0.1
170	50	492	4	169.9	0.7	0.7	0.5
170	51	677	2	93.4	0.7	0.7	0.3
170	52	540	12	102.8	0.6	0.6	0.2
170	53	712	6	186.2	0.7	0.7	0.3
170	54	776	3	253.2	0.6	0.6	0.1
170	55	507	4	145.3	0.6	0.6	0.1
170	56	851	3	266.5	0.6	0.6	0.3
170	57	747	5	225.6	0.7	0.7	0.1
170	58	963	2	190.8	0.7	0.7	0.3
170	59	356	3	101.4	0.7	0.7	0.2
170	60	1685	2	197.1	0.7	0.7	0.5
170	61	428	6	73.9	0.6	0.6	0.4
170	62	897	1	217.5	0.7	0.7	0.3
170	63	1685	1	315.8	0.6	0.6	0.4
170	64	2519	6	381.1	0.6	0.6	0.1
170	65	829	5	152.4	0.7	0.7	0.4
170	66	840	1	219.5	0.7	0.7	0.4
170	67	523	2	113.2	0.7	0.7	0.4
170	68	867	1	154	0.6	0.6	0.3
170	69	1117	4	208.1	0.7	0.7	0.2
170	70	251	3	72.4	0.7	0.7	0.3
170	71	1217	1	167.2	0.7	0.7	0.4
170	72	1818	6	324.4	0.6	0.6	0.4
170	73	752	5	152	0.5	0.5	0.2
170	74	466	2	134.9	0.6	0.6	0.5
170	75	3148	8	370.7	0.6	0.6	0.3
170	76	352	9	113.7	0.6	0.6	0.3
170	77	1431	3	230.1	0.7	0.7	0.4
170	78	469	1	123	0.7	0.7	0.3
170	79	1395	5	204.8	0.6	0.6	0.1
170	80	962	6	326.5	0.6	0.6	0.3
170	81	962	1	208.2	0.5	0.5	0.4
170	82	1105	9	302	0.6	0.6	0.4
170	83	528	8	122.6	0.6	0.6	0.2
170	84	419	1	121.3	0.6	0.6	0.4
170	85	555	1	96.9	0.6	0.6	0.4
170	86	531	2	166.8	0.7	0.7	0.7
170	87	1877	4	270.1	0.7	0.7	0.4
170	88	2032	1	269.8	0.8	0.8	0.4
170	89	1110	4	247.9	0.5	0.5	0.3
170	90	1863	6	381.5	0.8	0.8	0.3
170	91	923	6	167.8	0.6	0.6	0.3
170	92	2070	3	252.5	0.5	0.5	0.2
170	93	252	1	80.2	0.6	0.6	0.5
170	94	526	3	137.7	0.7	0.7	0.5
170	95	4327	10	538.7	0.6	0.6	0.3
170	96	821	8	164.8	0.6	0.6	0.3
170	97	1355	2	207.4	0.7	0.7	0.6
170	98	1173	7	232.7	0.6	0.6	0.3
170	99	350	12	114.8	0.6	0.6	0.3
170	100	998	4	243.8	0.5	0.5	0.2
170	101	448	5	110	0.7	0.7	0.6
170	102	1513	1	273.7	0.5	0.5	0.2
170	103	665	5	148.1	0.7	0.7	0.4
170	104	409	6	87.9	0.7	0.7	0.2
170	105	938	5	266.9	0.4	0.4	0.2
170	106	1074	3	347.2	0.7	0.7	0.3
170	107	2580	7	345.7	0.7	0.7	0.3
170	108	1820	7	376.6	0.6	0.6	0.3
170	109	211	5	72.1	0.7	0.7	0.4
170	110	1147	1	295.6	0.7	0.7	0.5
170	111	1528	3	415.4	0.6	0.6	0.3
170	112	547	2	128.1	0.7	0.7	0.3
170	113	2668	6	364.1	0.8	0.8	0.6
170	114	701	4	269.2	0.5	0.5	0.4
170	115	706	12	206.3	0.6	0.6	0.4
170	116	721	6	127.8	0.7	0.7	0.3
170	117	707	11	167.2	0.7	0.7	0.1
170	118	740	2	158.2	0.7	0.7	0.4
170	119	1033	3	213.7	0.7	0.7	0.4
170	120	443	3	126.9	0.7	0.7	0.5
170	121	673	1	132.5	0.6	0.6	0.4
170	122	1281	4	224.9	0.6	0.6	0.4
170	123	1031	2	138.1	0.7	0.7	0.3
170	124	450	8	140.1	0.4	0.4	0.1
170	125	753	5	158.9	0.6	0.6	0.4
170	126	1933	1	278.7	0.6	0.6	0.4
170	127	1094	1	212.1	0.5	0.5	0.3
170	128	1512	1	262.1	0.6	0.6	0.3
170	129	926	2	156.8	0.6	0.6	0.3
170	130	424	4	90.8	0.6	0.6	0.3
170	131	1724	2	270.2	0.6	0.6	0.3
170	132	2423	6	313.8	0.7	0.7	0.3
170	133	1043	1	205	0.6	0.6	0.2
170	134	1616	5	221.5	0.8	0.8	0.3
170	135	841	13	185.6	0.6	0.6	0.4
170	136	1253	1	265.7	0.7	0.7	0.4
170	137	1131	8	320.3	0.7	0.7	0.2
170	138	1281	4	248.2	0.7	0.7	0.5
170	139	816	1	117.1	0.7	0.7	0.5
170	140	170	6	61.7	0.6	0.6	0.2
170	141	627	3	124.8	0.6	0.6	0.5
170	142	635	4	146.1	0.6	0.6	0.5
170	143	591	2	110.9	0.6	0.6	0.4
170	144	636	4	125.5	0.8	0.8	0.5
170	145	911	6	198	0.6	0.6	0.3
170	146	153	2	57.3	0.6	0.6	0.5
170	147	1193	3	161.9	0.6	0.6	0.3
170	148	1607	7	236.9	0.4	0.4	0.3
170	149	1960	5	253.8	0.6	0.6	0.5
170	150	620	5	118.5	0.8	0.8	0.6
170	151	1724	1	294.7	0.7	0.7	0.4
170	152	643	2	99.6	0.6	0.6	0.4
170	153	149	2	70.5	0.6	0.6	0.2
170	154	1073	10	236	0.7	0.7	0.3
170	155	734	5	118.4	0.7	0.7	0.4
170	156	571	7	203.7	0.6	0.6	0.1
170	157	598	1	151.2	0.5	0.5	0.4
170	158	678	8	102.9	0.7	0.7	0.6
170	159	1018	2	201.1	0.7	0.7	0.4
170	160	1094	3	184.5	0.6	0.6	0.5
170	161	1098	3	130.9	0.7	0.7	0.3
170	162	232	10	52.9	0.8	0.8	0.4
170	163	828	3	138.1	0.7	0.7	0.6
170	164	1247	7	181.8	0.5	0.5	0.3
170	165	793	6	190.6	0.5	0.5	0.2
170	166	878	12	166.5	0.6	0.6	0.2
170	167	1083	3	203.3	0.7	0.7	0.7
170	168	659	3	170	0.5	0.5	0.3
170	169	448	3	119.9	0.7	0.7	0.4
170	170	1378	7	287.1	0.7	0.7	0.4
180	1	1991	1	256	0.7	0.7	0
180	2	128	1	38.9	0.5	0.5	0
180	3	889	1	192	0.6	0.6	0
180	4	708	1	120	0.6	0.6	0
180	5	799	1	174.7	0.6	0.6	0
180	6	1212	1	240.5	0.6	0.6	0
180	7	521	1	109.9	0.6	0.6	0
180	8	705	1	165.9	0.6	0.6	0
180	9	631	2	83	0.6	0.6	0.1
180	10	804	2	175.4	0.7	0.7	0.1
180	11	202	2	78.7	0.7	0.7	0.1
180	12	679	2	212.2	0.6	0.6	0
180	13	569	1	115.8	0.8	0.8	0.1
180	14	368	2	72.5	0.7	0.7	0
180	15	566	4	139.7	0.6	0.6	0.1
180	16	1278	4	248	0.6	0.6	0
180	17	471	2	95.8	0.7	0.7	0
180	18	398	2	139.9	0.6	0.6	0
180	19	976	1	198.6	0.7	0.7	0.2
180	20	2003	4	442.6	0.5	0.5	0
180	21	810	4	115.3	0.7	0.7	0.1
180	22	168	2	42.7	0.7	0.7	0.1
180	23	710	4	151.6	0.6	0.6	0
180	24	1114	3	167.5	0.7	0.7	0.1
180	25	466	4	127.6	0.7	0.7	0
180	26	654	2	115.5	0.7	0.7	0.1
180	27	549	3	158.5	0.7	0.7	0.2
180	28	598	3	98.1	0.6	0.6	0.2
180	29	1277	5	234.9	0.6	0.6	0.2
180	30	1105	11	284.4	0.6	0.6	0
180	31	1003	4	182.5	0.7	0.7	0.1
180	32	648	2	148.7	0.6	0.6	0.2
180	33	588	1	154.8	0.7	0.7	0.3
180	34	464	1	88.5	0.6	0.6	0.2
180	35	1168	5	204	0.6	0.6	0.2
180	36	817	4	169.4	0.7	0.7	0.2
180	37	287	3	83.2	0.6	0.6	0.1
180	38	965	4	246.8	0.6	0.6	0.1
180	39	242	1	91.6	0.5	0.5	0.3
180	40	346	2	71.6	0.8	0.8	0.4
180	41	536	6	137.4	0.8	0.8	0.3
180	42	666	2	129.8	0.5	0.5	0.3
180	43	1013	2	168.8	0.7	0.7	0.3
180	44	1810	6	311.3	0.8	0.8	0.2
180	45	1144	3	287.6	0.7	0.7	0.5
180	46	1094	3	155.9	0.6	0.6	0.3
180	47	1012	6	279.4	0.5	0.5	0.3
180	48	304	6	99.1	0.5	0.5	0
180	49	260	7	72	0.7	0.7	0.1
180	50	1026	5	203.1	0.9	0.9	0.2
180	51	329	3	88	0.7	0.7	0.4
180	52	410	4	90.6	0.7	0.7	0.2
180	53	1882	6	240	0.7	0.7	0.2
180	54	785	2	140.1	0.8	0.8	0.3
180	55	1234	4	207.6	0.6	0.6	0.4
180	56	772	1	202.5	0.7	0.7	0.3
180	57	731	4	104.6	0.8	0.8	0.5
180	58	930	6	182.2	0.7	0.7	0.4
180	59	849	9	196.8	0.4	0.4	0.3
180	60	846	1	163.6	0.6	0.6	0.2
180	61	1075	3	217.1	0.4	0.4	0.2
180	62	465	1	143.4	0.5	0.5	0.2
180	63	324	1	84.1	0.7	0.7	0.4
180	64	985	2	208.6	0.6	0.6	0.2
180	65	737	4	128.9	0.7	0.7	0.3
180	66	543	3	108.1	0.6	0.6	0.4
180	67	1542	4	291.8	0.7	0.7	0.2
180	68	1591	2	284.9	0.8	0.8	0.3
180	69	569	3	183.3	0.6	0.6	0.3
180	70	308	4	74.8	0.8	0.8	0.2
180	71	1831	7	400.2	0.6	0.6	0.2
180	72	583	3	90	0.7	0.7	0.4
180	73	820	4	218.9	0.6	0.6	0.2
180	74	148	5	50.7	0.5	0.5	0.2
180	75	583	6	185.9	0.6	0.6	0.4
180	76	932	9	228	0.6	0.6	0.3
180	77	829	7	125.9	0.8	0.8	0.3
180	78	181	10	63.2	0.5	0.5	0.1
180	79	1058	12	227.4	0.7	0.7	0.3
180	80	442	2	135.6	0.6	0.6	0.3
180	81	618	1	116.3	0.6	0.6	0.3
180	82	789	8	209.2	0.6	0.6	0.3
180	83	534	8	101.4	0.7	0.7	0.3
180	84	116	5	45	0.6	0.6	0.2
180	85	725	7	177.3	0.7	0.7	0.4
180	86	916	5	194.7	0.6	0.6	0.1
180	87	807	5	258	0.5	0.5	0.3
180	88	806	10	209.6	0.7	0.7	0.2
180	89	2041	3	339.7	0.6	0.6	0.4
180	90	1359	1	311.5	0.5	0.5	0.3
180	91	223	5	89.1	0.6	0.6	0.4
180	92	334	5	84	0.7	0.7	0.3
180	93	452	1	98.3	0.7	0.7	0.6
180	94	489	2	147.3	0.6	0.6	0.3
180	95	409	3	89.9	0.7	0.7	0.3
180	96	1099	2	154.5	0.5	0.5	0.1
180	97	1071	8	313.4	0.6	0.6	0.3
180	98	875	10	165.2	0.7	0.7	0.4
180	99	688	1	136.7	0.6	0.6	0.3
180	100	309	1	69.4	0.6	0.6	0.1
180	101	405	1	83.8	0.6	0.6	0.4
180	102	1779	2	342.4	0.6	0.6	0.4
180	103	540	2	146.4	0.7	0.7	0.4
180	104	461	10	141.9	0.6	0.6	0.6
180	105	2265	2	319.6	0.7	0.7	0.3
180	106	736	13	162.9	0.7	0.7	0.2
180	107	417	2	96	0.7	0.7	0.6
180	108	1476	5	192.1	0.6	0.6	0.4
180	109	379	7	145.2	0.6	0.6	0.2
180	110	1697	3	235.6	0.7	0.7	0.5
180	111	329	5	102.8	0.7	0.7	0.5
180	112	482	4	97.5	0.7	0.7	0.3
180	113	706	6	162.9	0.7	0.7	0.4
180	114	1069	4	253.5	0.7	0.7	0.5
180	115	781	9	163.3	0.6	0.6	0.4
180	116	209	3	85.3	0.6	0.6	0.5
180	117	685	10	164.8	0.7	0.7	0.3
180	118	367	13	116.2	0.7	0.7	0.4
180	119	1319	1	277.4	0.6	0.6	0.4
180	120	957	1	211.3	0.6	0.6	0.5
180	121	1083	12	321.1	0.5	0.5	0.1
180	122	792	5	134.5	0.8	0.8	0.5
180	123	1242	6	214.7	0.6	0.6	0.4
180	124	1392	1	284.2	0.6	0.6	0.4
180	125	604	5	173.2	0.7	0.7	0.4
180	126	1296	2	185	0.7	0.7	0.6
180	127	634	4	151.3	0.6	0.6	0.5
180	128	512	11	140.4	0.7	0.7	0.5
180	129	351	3	111	0.7	0.7	0.5
180	130	1637	8	286.5	0.6	0.6	0.4
180	131	1114	5	157.6	0.5	0.5	0.3
180	132	510	4	104	0.7	0.7	0.3
180	133	1645	13	289.6	0.8	0.8	0.5
180	134	1356	5	186.4	0.4	0.4	0.2
180	135	616	7	114.2	0.8	0.8	0.5
180	136	495	15	100.7	0.7	0.7	0.5
180	137	387	8	108.2	0.6	0.6	0.2
180	138	465	5	172.5	0.5	0.5	0.1
180	139	343	8	78.1	0.7	0.7	0.3
180	140	567	2	110.5	0.4	0.4	0.2
180	141	949	3	138.9	0.7	0.7	0.5
180	142	2690	11	457.7	0.7	0.7	0.3
180	143	540	7	164.4	0.6	0.6	0.3
180	144	1169	10	185.3	0.8	0.8	0.4
180	145	1301	2	199.5	0.7	0.7	0.5
180	146	1517	1	247.6	0.5	0.5	0.1
180	147	1232	2	187.8	0.6	0.6	0.6
180	148	1391	2	214.5	0.6	0.6	0.5
180	149	1011	1	267.2	0.7	0.7	0.5
180	150	559	10	187	0.8	0.8	0.3
180	151	1088	10	256.5	0.5	0.5	0.2
180	152	394	10	143.5	0.7	0.7	0.4
180	153	941	5	272.2	0.7	0.7	0.5
180	154	1954	6	302.8	0.6	0.6	0.4
180	155	504	12	148.6	0.6	0.6	0.3
180	156	599	6	151.5	0.5	0.5	0.3
180	157	1219	3	192.2	0.8	0.8	0.4
180	158	1112	4	323	0.7	0.7	0.5
180	159	798	3	196.8	0.5	0.5	0.4
180	160	1201	4	186.6	0.5	0.5	0.3
180	161	812	6	150.2	0.6	0.6	0.2
180	162	310	5	92.9	0.6	0.6	0.5
180	163	720	5	111.4	0.7	0.7	0.5
180	164	438	9	118.9	0.5	0.5	0.5
180	165	976	2	204.2	0.6	0.6	0.3
180	166	1711	7	364.8	0.6	0.6	0.4
180	167	924	1	129.1	0.6	0.6	0.4
180	168	1556	5	307.2	0.6	0.6	0.4
180	169	1264	6	350.9	0.7	0.7	0.3
180	170	915	7	239.2	0.6	0.6	0.3
180	171	826	12	177.3	0.8	0.8	0.3
180	172	1205	5	244.5	0.7	0.7	0.4
180	173	1063	2	255.6	0.6	0.6	0.4
180	174	754	15	183	0.4	0.4	0.2
180	175	506	8	127.9	0.7	0.7	0.7
180	176	1448	1	279.3	0.6	0.6	0.3
180	177	256	5	77.3	0.7	0.7	0.4
180	178	695	12	138.7	0.6	0.6	0.4
180	179	853	2	188.3	0.5	0.5	0.2
180	180	1763	2	287.5	0.5	0.5	0.3
190	1	967	1	248.1	0.6	0.6	0
190	2	289	1	79.6	0.6	0.6	0
190	3	685	1	167.1	0.6	0.6	0
190	4	460	1	101.4	0.5	0.5	0
190	5	700	1	134.7	0.7	0.7	0
190	6	1196	1	127.3	0.7	0.7	0.1
190	7	417	1	116.2	0.6	0.6	0
190	8	1018	2	262.1	0.7	0.7	0
190	9	1372	1	223.6	0.7	0.7	0.3
190	10	815	1	176.7	0.7	0.7	0.1
190	11	616	1	126	0.7	0.7	0.3
190	12	906	2	199.4	0.6	0.6	0.1
190	13	1057	1	207.1	0.7	0.7	0.2
190	14	1617	2	241.2	0.6	0.6	0.2
190	15	347	1	87.2	0.5	0.5	0.1
190	16	279	3	81.6	0.7	0.7	0
190	17	125	2	47.4	0.6	0.6	0
190	18	1045	2	132.3	0.8	0.8	0.1
190	19	1112	2	207.4	0.7	0.7	0.2
190	20	770	3	171.5	0.7	0.7	0.3
190	21	660	4	234.5	0.7	0.7	0.2
190	22	1653	2	190.8	0.8	0.8	0.1
190	23	1831	4	292.7	0.6	0.6	0.1
190	24	1345	2	194.5	0.6	0.6	0.2
190	25	889	4	122.4	0.7	0.7	0
190	26	1078	5	257.5	0.8	0.8	0.2
190	27	1842	5	358.5	0.7	0.7	0.3
190	28	226	2	57.8	0.8	0.8	0.1
190	29	857	5	137.5	0.6	0.6	0.1
190	30	544	9	146.6	0.6	0.6	0
190	31	568	2	124.3	0.8	0.8	0.1
190	32	590	1	122.9	0.6	0.6	0.2
190	33	1071	2	188.8	0.6	0.6	0.3
190	34	1451	1	249.3	0.6	0.6	0.2
190	35	916	1	177.6	0.5	0.5	0.1
190	36	517	7	117.9	0.7	0.7	0.4
190	37	1335	7	262.8	0.6	0.6	0.1
190	38	492	5	142.6	0.5	0.5	0.2
190	39	601	4	154.5	0.7	0.7	0.5
190	40	1057	6	236	0.5	0.5	0.2
190	41	1049	2	249.6	0.6	0.6	0.1
190	42	899	1	119.2	0.7	0.7	0.5
190	43	409	1	109.5	0.7	0.7	0.4
190	44	544	2	119.2	0.6	0.6	0.2
190	45	742	1	166.1	0.5	0.5	0.2
190	46	1410	4	262.3	0.7	0.7	0.3
190	47	1748	5	270.2	0.6	0.6	0.2
190	48	1226	2	188	0.7	0.7	0.4
190	49	1234	5	195.2	0.7	0.7	0.5
190	50	698	5	135	0.6	0.6	0.2
190	51	845	3	174.8	0.6	0.6	0.4
190	52	569	1	98.3	0.8	0.8	0.6
190	53	639	5	167.1	0.5	0.5	0.1
190	54	407	1	131.2	0.7	0.7	0.4
190	55	1360	5	311.3	0.7	0.7	0.2
190	56	1190	1	172.5	0.6	0.6	0.4
190	57	599	1	125.9	0.6	0.6	0.4
190	58	2773	5	421.7	0.6	0.6	0.1
190	59	777	3	236.6	0.6	0.6	0.3
190	60	290	5	62	0.6	0.6	0.1
190	61	1356	7	185.9	0.6	0.6	0.2
190	62	3101	4	383	0.8	0.8	0.3
190	63	999	9	224.5	0.5	0.5	0
190	64	1161	5	218.7	0.7	0.7	0.6
190	65	679	2	212.9	0.6	0.6	0.2
190	66	617	6	128.3	0.7	0.7	0.3
190	67	347	7	72.5	0.7	0.7	0.3
190	68	1095	3	244.1	0.6	0.6	0.3
190	69	1131	3	282.5	0.5	0.5	0.1
190	70	613	5	158	0.6	0.6	0.2
190	71	2411	4	382.6	0.7	0.7	0.2
190	72	662	5	186.2	0.7	0.7	0.3
190	73	1123	2	279.2	0.4	0.4	0.2
190	74	507	6	102.5	0.8	0.8	0.4
190	75	1633	1	273	0.6	0.6	0.3
190	76	1168	3	315.5	0.5	0.5	0.5
190	77	780	1	216.5	0.5	0.5	0.1
190	78	1496	7	325.7	0.7	0.7	0.5
190	79	495	8	132.5	0.6	0.6	0.4
190	80	1142	12	273	0.8	0.8	0.1
190	81	1769	2	305.9	0.5	0.5	0.4
190	82	1219	5	162.6	0.7	0.7	0.2
190	83	2096	6	372.8	0.8	0.8	0.3
190	84	449	5	87.3	0.5	0.5	0.1
190	85	398	6	88.4	0.7	0.7	0.6
190	86	3328	10	429.2	0.6	0.6	0.2
190	87	397	4	88.8	0.6	0.6	0.4
190	88	807	3	169.9	0.6	0.6	0.4
190	89	542	1	108.6	0.6	0.6	0.2
190	90	1566	8	270.4	0.6	0.6	0.3
190	91	824	3	163.3	0.7	0.7	0.2
190	92	308	1	83	0.6	0.6	0.6
190	93	821	3	114.4	0.7	0.7	0.3
190	94	1999	1	355.8	0.7	0.7	0.4
190	95	289	5	91.3	0.7	0.7	0.4
190	96	1233	1	191.1	0.5	0.5	0.2
190	97	616	4	136.4	0.6	0.6	0.3
190	98	217	5	51.6	0.6	0.6	0.2
190	99	1323	9	279.5	0.5	0.5	0.1
190	100	690	6	166	0.6	0.6	0.4
190	101	786	9	147.3	0.6	0.6	0.3
190	102	1086	5	179.6	0.7	0.7	0.5
190	103	418	2	106.9	0.6	0.6	0.4
190	104	1416	1	234.2	0.7	0.7	0.4
190	105	1321	5	197.5	0.7	0.7	0.5
190	106	473	4	131.3	0.6	0.6	0.3
190	107	2511	2	391.6	0.7	0.7	0.5
190	108	555	8	121.7	0.6	0.6	0.2
190	109	629	1	168.5	0.5	0.5	0.3
190	110	502	8	139.6	0.5	0.5	0.2
190	111	981	6	197.6	0.7	0.7	0.5
190	112	325	12	92.6	0.5	0.5	0.4
190	113	550	5	191.5	0.6	0.6	0.3
190	114	831	5	257.5	0.7	0.7	0.3
190	115	354	6	105.1	0.7	0.7	0.4
190	116	198	3	44.5	0.8	0.8	0.4
190	117	1676	2	345.8	0.6	0.6	0.3
190	118	244	6	87.1	0.7	0.7	0.3
190	119	1679	10	304.5	0.6	0.6	0.4
190	120	626	2	193.8	0.5	0.5	0.3
190	121	460	1	89.2	0.4	0.4	0.3
190	122	1062	1	198.7	0.7	0.7	0.4
190	123	1209	11	256.9	0.6	0.6	0.4
190	124	1222	4	206	0.7	0.7	0.4
190	125	771	3	139.6	0.6	0.6	0.4
190	126	195	10	49.2	0.8	0.8	0.5
190	127	1354	2	311.6	0.6	0.6	0.4
190	128	1629	1	333	0.7	0.7	0.5
190	129	1020	2	164.8	0.6	0.6	0.3
190	130	563	6	139.1	0.5	0.5	0.2
190	131	1011	7	278.3	0.6	0.6	0.1
190	132	1077	5	256.9	0.6	0.6	0.3
190	133	944	11	247.4	0.6	0.6	0.4
190	134	1991	2	369.3	0.6	0.6	0.3
190	135	650	12	106.7	0.7	0.7	0.4
190	136	310	1	83.1	0.7	0.7	0.4
190	137	1004	4	172.1	0.7	0.7	0.3
190	138	164	2	60.1	0.5	0.5	0.4
190	139	1004	1	246.7	0.7	0.7	0.6
190	140	1231	2	215.2	0.6	0.6	0.4
190	141	537	14	127	0.6	0.6	0.4
190	142	843	3	167.1	0.6	0.6	0.3
190	143	760	5	155.3	0.8	0.8	0.7
190	144	556	1	95.1	0.6	0.6	0.5
190	145	1395	3	267.9	0.5	0.5	0.2
190	146	752	1	113.3	0.4	0.4	0.3
190	147	212	8	72.7	0.6	0.6	0.2
190	148	647	1	137.5	0.5	0.5	0.4
190	149	1650	6	275.9	0.6	0.6	0.3
190	150	612	5	126.6	0.5	0.5	0.3
190	151	436	13	119.3	0.7	0.7	0.5
190	152	1036	7	176.1	0.6	0.6	0.4
190	153	918	9	149.1	0.6	0.6	0.3
190	154	667	8	179.8	0.6	0.6	0.5
190	155	786	7	174.6	0.4	0.4	0.2
190	156	550	10	139.1	0.7	0.7	0.5
190	157	486	6	139.5	0.6	0.6	0.3
190	158	133	4	50.4	0.7	0.7	0.3
190	159	4067	5	502.9	0.7	0.7	0.5
190	160	1005	2	264.1	0.7	0.7	0.4
190	161	752	1	177.2	0.6	0.6	0.4
190	162	395	10	101.2	0.6	0.6	0.3
190	163	1152	3	257.4	0.7	0.7	0.6
190	164	397	11	93.6	0.7	0.7	0.3
190	165	900	13	263.1	0.7	0.7	0.4
190	166	951	7	295.2	0.5	0.5	0.4
190	167	633	10	142.6	0.6	0.6	0.1
190	168	1746	14	274.7	0.7	0.7	0.5
190	169	979	3	218.4	0.5	0.5	0.3
190	170	993	4	189.5	0.7	0.7	0.6
190	171	1257	6	223.9	0.6	0.6	0.2
190	172	663	1	141.2	0.7	0.7	0.5
190	173	785	2	186.3	0.6	0.6	0.4
190	174	571	4	120.3	0.7	0.7	0.2
190	175	1178	2	309.3	0.4	0.4	0.3
190	176	1517	6	274.6	0.7	0.7	0.2
190	177	446	12	117.9	0.7	0.7	0.4
190	178	472	10	111.8	0.7	0.7	0.3
190	179	1300	4	361.5	0.5	0.5	0.3
190	180	1828	8	258.4	0.7	0.7	0.4
190	181	477	9	106.2	0.6	0.6	0.3
190	182	930	10	185.4	0.6	0.6	0.1
190	183	571	8	130.1	0.6	0.6	0.4
190	184	1467	14	324.5	0.7	0.7	0.3
190	185	530	8	186.4	0.7	0.7	0.3
190	186	1069	8	260.1	0.5	0.5	0.1
190	187	535	8	82.3	0.5	0.5	0.3
190	188	1225	8	246.4	0.6	0.6	0.4
190	189	848	1	152.9	0.5	0.5	0.5
190	190	288	1	50.5	0.6	0.6	0.5
200	1	92	1	27	0.7	0.7	0
200	2	1362	1	210.7	0.7	0.7	0
200	3	1175	1	156.4	0.7	0.7	0
200	4	1345	1	195.4	0.7	0.7	0
200	5	612	1	89.3	0.7	0.7	0
200	6	387	1	71.7	0.7	0.7	0
200	7	383	1	65.3	0.5	0.5	0
200	8	895	1	172	0.7	0.7	0
200	9	654	1	104.4	0.7	0.7	0
200	10	1080	2	314.3	0.5	0.5	0
200	11	2277	2	375.2	0.6	0.6	0.1
200	12	638	3	159.1	0.5	0.5	0
200	13	136	2	49	0.7	0.7	0
200	14	323	2	90.5	0.7	0.7	0.1
200	15	1377	4	316.9	0.7	0.7	0.1
200	16	483	2	166.6	0.7	0.7	0.1
200	17	1908	2	281.4	0.7	0.7	0.2
200	18	1261	4	233.7	0.7	0.7	0.1
200	19	489	3	112.2	0.7	0.7	0.1
200	20	1119	9	143	0.6	0.6	0.2
200	21	558	2	119.6	0.7	0.7	0.1
200	22	1076	4	162.8	0.6	0.6	0.1
200	23	1517	3	237.6	0.7	0.7	0.4
200	24	925	2	125.7	0.6	0.6	0.3
200	25	827	6	191.8	0.6	0.6	0.1
200	26	547	3	109.7	0.6	0.6	0.2
200	27	365	2	101.6	0.7	0.7	0.2
200	28	274	2	59.9	0.6	0.6	0.3
200	29	1129	3	203.1	0.5	0.5	0.1
200	30	1235	3	310.9	0.6	0.6	0.1
200	31	587	3	126	0.7	0.7	0.2
200	32	845	3	260.3	0.7	0.7	0.2
200	33	770	6	199	0.7	0.7	0.2
200	34	1013	6	190.2	0.6	0.6	0.1
200	35	2300	3	390.9	0.7	0.7	0.3
200	36	1147	1	209.7	0.7	0.7	0.3
200	37	1496	8	371.1	0.6	0.6	0.2
200	38	1250	3	263.1	0.6	0.6	0.2
200	39	649	4	194.8	0.5	0.5	0.4
200	40	560	2	128	0.7	0.7	0.1
200	41	305	5	104.8	0.6	0.6	0.1
200	42	1153	2	216.9	0.7	0.7	0.2
200	43	641	3	144.6	0.5	0.5	0.2
200	44	1234	4	255.3	0.6	0.6	0.1
200	45	1969	6	230.9	0.6	0.6	0.2
200	46	786	4	168.2	0.6	0.6	0.2
200	47	1472	8	207	0.7	0.7	0.3
200	48	659	5	118.9	0.7	0.7	0.3
200	49	2211	1	296.4	0.7	0.7	0.4
200	50	1723	8	287.7	0.7	0.7	0.2
200	51	2051	1	234.7	0.7	0.7	0.3
200	52	1585	2	211.3	0.8	0.8	0.4
200	53	1451	1	350.9	0.5	0.5	0.2
200	54	2632	3	359	0.7	0.7	0.2
200	55	843	5	230.7	0.7	0.7	0.3
200	56	1079	1	167.5	0.3	0.3	0.2
200	57	1944	7	389.9	0.7	0.7	0.3
200	58	812	9	119.3	0.8	0.8	0.2
200	59	1178	5	208.2	0.6	0.6	0.1
200	60	1070	1	142.7	0.5	0.5	0.3
200	61	1794	5	475.8	0.7	0.7	0.1
200	62	1145	5	145	0.8	0.8	0.3
200	63	502	4	94.7	0.8	0.8	0.1
200	64	733	9	119.9	0.6	0.6	0.2
200	65	455	1	103.9	0.7	0.7	0.3
200	66	802	5	143.7	0.6	0.6	0.2
200	67	829	7	165.2	0.5	0.5	0.1
200	68	793	3	138.2	0.5	0.5	0.2
200	69	184	5	44	0.7	0.7	0.2
200	70	492	5	131.8	0.7	0.7	0.4
200	71	1037	2	223.9	0.6	0.6	0.1
200	72	374	5	74.5	0.8	0.8	0.3
200	73	709	9	166.7	0.5	0.5	0.2
200	74	1614	1	274.1	0.5	0.5	0.2
200	75	1427	7	210	0.8	0.8	0.4
200	76	777	4	233.2	0.7	0.7	0.5
200	77	1101	8	211.8	0.6	0.6	0.1
200	78	535	14	147.2	0.5	0.5	0.2
200	79	415	2	103.7	0.7	0.7	0.4
200	80	359	1	90.2	0.5	0.5	0.1
200	81	484	5	127.7	0.7	0.7	0.4
200	82	472	8	143.6	0.7	0.7	0.3
200	83	281	1	71.5	0.6	0.6	0.3
200	84	1776	1	263.6	0.7	0.7	0.2
200	85	664	5	144	0.5	0.5	0.3
200	86	518	4	143	0.7	0.7	0.4
200	87	1103	2	209.8	0.6	0.6	0.4
200	88	865	5	199.9	0.6	0.6	0.1
200	89	799	9	134.1	0.6	0.6	0.4
200	90	1192	7	143.7	0.6	0.6	0.2
200	91	1403	11	298.1	0.7	0.7	0.3
200	92	809	8	137.5	0.6	0.6	0.3
200	93	2589	10	307.6	0.6	0.6	0.3
200	94	1488	2	330.6	0.5	0.5	0.3
200	95	412	4	103.5	0.7	0.7	0.6
200	96	935	5	186.8	0.4	0.4	0.3
200	97	307	10	111.5	0.6	0.6	0.2
200	98	602	6	149.7	0.7	0.7	0.4
200	99	986	8	175.6	0.5	0.5	0.1
200	100	788	4	176.5	0.5	0.5	0.2
200	101	1428	1	291.6	0.6	0.6	0.3
200	102	1168	5	253.7	0.6	0.6	0.4
200	103	1848	6	290.5	0.4	0.4	0.3
200	104	547	3	107.6	0.7	0.7	0.4
200	105	787	2	187.3	0.7	0.7	0.4
200	106	322	1	90.3	0.6	0.6	0.6
200	107	2609	2	377	0.4	0.4	0.3
200	108	986	4	250.7	0.6	0.6	0.2
200	109	1428	4	264	0.6	0.6	0.3
200	110	1787	8	408	0.5	0.5	0.3
200	111	484	3	145.7	0.7	0.7	0.5
200	112	525	1	129.6	0.6	0.6	0.4
200	113	750	11	196	0.7	0.7	0.5
200	114	305	4	113.6	0.8	0.8	0.4
200	115	393	2	141.5	0.6	0.6	0.4
200	116	953	5	167.8	0.4	0.4	0
200	117	440	4	92.5	0.7	0.7	0.5
200	118	889	1	121.3	0.5	0.5	0.3
200	119	1567	16	266.9	0.6	0.6	0.2
200	120	1678	10	313.9	0.6	0.6	0.3
200	121	400	5	89.3	0.5	0.5	0.2
200	122	152	2	61.6	0.6	0.6	0.4
200	123	792	9	204.3	0.6	0.6	0.3
200	124	1110	1	223.9	0.6	0.6	0.2
200	125	1023	2	260.3	0.6	0.6	0.4
200	126	1112	3	221.2	0.8	0.8	0.4
200	127	405	1	121.1	0.6	0.6	0.4
200	128	1069	1	194.2	0.6	0.6	0.2
200	129	1476	6	263.4	0.7	0.7	0.5
200	130	609	1	123.6	0.7	0.7	0.4
200	131	316	5	87.4	0.7	0.7	0.5
200	132	631	6	151.3	0.6	0.6	0.4
200	133	865	4	167.9	0.6	0.6	0.2
200	134	518	3	153	0.6	0.6	0.4
200	135	1415	4	234.6	0.5	0.5	0.2
200	136	163	3	75.1	0.7	0.7	0.6
200	137	594	10	139.6	0.7	0.7	0.3
200	138	953	4	190.7	0.7	0.7	0.6
200	139	1307	8	272.6	0.7	0.7	0.2
200	140	91	2	29.5	0.7	0.7	0.4
200	141	614	8	215.7	0.6	0.6	0.3
200	142	614	7	91	0.8	0.8	0.4
200	143	749	1	127.8	0.7	0.7	0.5
200	144	1616	9	337.4	0.5	0.5	0.2
200	145	335	4	78.2	0.5	0.5	0.4
200	146	539	8	189.5	0.7	0.7	0.3
200	147	533	4	151.6	0.7	0.7	0.6
200	148	464	3	112.8	0.4	0.4	0.1
200	149	695	1	220.3	0.5	0.5	0.5
200	150	638	5	184.3	0.6	0.6	0.4
200	151	1406	3	292.1	0.7	0.7	0.4
200	152	1801	12	362.8	0.5	0.5	0.1
200	153	1422	12	216.5	0.6	0.6	0.4
200	154	1225	1	169.5	0.6	0.6	0.5
200	155	959	3	258.6	0.7	0.7	0.5
200	156	1164	1	152.9	0.5	0.5	0.3
200	157	158	2	70.5	0.6	0.6	0.2
200	158	645	3	127.2	0.6	0.6	0.4
200	159	817	3	228.4	0.6	0.6	0.5
200	160	896	10	248.4	0.6	0.6	0.3
200	161	560	11	150.5	0.7	0.7	0.2
200	162	848	13	163.3	0.7	0.7	0.3
200	163	1035	3	160	0.4	0.4	0.4
200	164	435	13	106.1	0.7	0.7	0.5
200	165	1857	6	412.5	0.6	0.6	0.5
200	166	820	3	203.8	0.7	0.7	0.5
200	167	422	2	120.3	0.6	0.6	0.4
200	168	1539	4	286.2	0.4	0.4	0.1
200	169	1025	1	227.8	0.7	0.7	0.5
200	170	923	2	178.9	0.7	0.7	0.5
200	171	957	4	130.3	0.8	0.8	0.6
200	172	413	4	101.4	0.6	0.6	0.3
200	173	644	4	141.9	0.7	0.7	0.5
200	174	1121	4	288.3	0.7	0.7	0.5
200	175	525	13	125.5	0.5	0.5	0.5
200	176	699	8	175	0.7	0.7	0.4
200	177	994	4	278.1	0.5	0.5	0.4
200	178	425	4	114	0.7	0.7	0.4
200	179	402	2	83.4	0.6	0.6	0.5
200	180	1225	19	229.5	0.6	0.6	0.4
200	181	536	3	137.7	0.6	0.6	0.4
200	182	1491	2	229.2	0.7	0.7	0.6
200	183	521	1	150.4	0.5	0.5	0.3
200	184	616	1	116.4	0.6	0.6	0.4
200	185	188	6	51.1	0.6	0.6	0.3
200	186	1565	6	214.1	0.7	0.7	0.5
200	187	1832	11	218.6	0.6	0.6	0.3
200	188	756	5	175.2	0.6	0.6	0.5
200	189	1317	9	217	0.6	0.6	0.6
200	190	822	4	189.2	0.6	0.6	0.5
200	191	2977	5	339	0.6	0.6	0.4
200	192	2066	2	241.8	0.5	0.5	0.5
200	193	367	1	121.6	0.6	0.6	0.5
200	194	407	6	126.3	0.7	0.7	0.3
200	195	393	1	78.9	0.8	0.8	0.4
200	196	1136	2	262	0.7	0.7	0.4
200	197	885	2	257.4	0.6	0.6	0.2
200	198	883	4	159.6	0.7	0.7	0.4
200	199	1070	5	183.8	0.7	0.7	0.4
200	200	1050	1	148.6	0.7	0.7	0.4
