"number_wasps"	"w"	"max_steps"	"min_steps"	"mean_steps"	"mean_survival"	"mean_nested"	"mean_usurp"
50	1	2516	1	291	0.8	0.8	0
50	2	128	1	23.2	0.8	0.8	0
50	3	339	1	41.2	0.9	0.9	0
50	4	1423	1	279	0.8	0.8	0
50	5	485	1	96.6	0.8	0.8	0
50	6	919	1	140.3	0.8	0.8	0.1
50	7	370	1	93.9	0.7	0.7	0.2
50	8	563	1	66.3	0.8	0.8	0
50	9	526	1	78.8	0.8	0.8	0.1
50	10	261	1	51.3	0.8	0.8	0.1
50	11	170	2	25.9	0.8	0.8	0
50	12	1628	1	230.3	0.7	0.7	0.2
50	13	731	1	82.8	0.9	0.9	0.1
50	14	398	1	50.4	0.9	0.9	0.3
50	15	544	1	70.3	0.7	0.7	0.1
50	16	3148	2	353.5	0.6	0.6	0.1
50	17	615	1	113.5	0.7	0.7	0.2
50	18	1290	2	146.3	0.8	0.8	0.2
50	19	944	2	158.7	0.8	0.8	0
50	20	935	2	130.4	0.6	0.6	0.1
50	21	714	2	95.7	0.7	0.7	0.1
50	22	727	3	149.1	0.8	0.8	0.3
50	23	424	3	102.6	0.7	0.7	0.2
50	24	1263	1	165.1	0.8	0.8	0.1
50	25	1210	1	172.7	0.8	0.8	0.1
50	26	750	1	121.2	0.8	0.8	0.1
50	27	770	1	124	0.8	0.8	0.2
50	28	1491	3	363.3	0.7	0.7	0
50	29	444	2	97	0.8	0.8	0.1
50	30	511	2	67.9	0.8	0.8	0.2
50	31	210	1	45.9	0.8	0.8	0.2
50	32	1125	3	182.8	0.8	0.8	0.1
50	33	781	2	156.1	0.8	0.8	0.2
50	34	1287	3	156	0.8	0.8	0.1
50	35	874	1	136.2	0.8	0.8	0.2
50	36	354	2	45.9	0.8	0.8	0.2
50	37	1092	2	148	0.7	0.7	0.3
50	38	513	2	85.2	0.8	0.8	0.2
50	39	827	2	123	0.8	0.8	0.4
50	40	1335	3	294.1	0.7	0.7	0.3
50	41	1739	1	390	0.7	0.7	0.2
50	42	370	3	83	0.6	0.6	0.1
50	43	612	2	105.1	0.8	0.8	0.1
50	44	721	3	155.6	0.7	0.7	0.1
50	45	459	3	79	0.8	0.8	0.1
50	46	195	1	33.1	0.9	0.9	0.5
50	47	1205	3	165.5	0.6	0.6	0.3
50	48	272	3	66.9	0.7	0.7	0.1
50	49	300	3	47.2	0.8	0.8	0.2
50	50	622	2	82.4	0.8	0.8	0.4
60	1	2051	1	250.6	0.7	0.7	0
60	2	912	1	187.8	0.8	0.8	0
60	3	1190	1	134.5	0.8	0.8	0
60	4	439	1	66.9	0.8	0.8	0.1
60	5	465	1	55.2	0.9	0.9	0
60	6	863	1	132.5	0.8	0.8	0
60	7	159	1	31.9	0.7	0.7	0
60	8	1072	1	132.5	0.8	0.8	0.1
60	9	421	2	93	0.8	0.8	0
60	10	1823	1	312	0.7	0.7	0.1
60	11	1014	3	160.4	0.8	0.8	0
60	12	730	2	129.9	0.8	0.8	0
60	13	288	2	39	0.9	0.9	0
60	14	276	1	65	0.7	0.7	0
60	15	311	2	44.1	0.8	0.8	0.1
60	16	294	1	43.4	0.9	0.9	0.4
60	17	452	1	55.8	0.8	0.8	0.1
60	18	450	1	65.4	0.8	0.8	0.2
60	19	541	2	119.1	0.8	0.8	0.1
60	20	790	1	88	0.9	0.9	0.5
60	21	366	1	61	0.8	0.8	0.2
60	22	1121	2	169.4	0.7	0.7	0
60	23	564	1	115.7	0.7	0.7	0.2
60	24	720	2	135	0.8	0.8	0
60	25	660	2	158.5	0.7	0.7	0.1
60	26	1022	4	134.2	0.8	0.8	0.1
60	27	1632	2	372	0.7	0.7	0.2
60	28	402	1	123.6	0.7	0.7	0.3
60	29	1790	1	328.7	0.7	0.7	0.4
60	30	209	2	47.7	0.7	0.7	0.1
60	31	747	1	143.1	0.7	0.7	0.4
60	32	779	3	154.4	0.7	0.7	0.2
60	33	523	1	124.8	0.7	0.7	0.3
60	34	313	1	70.1	0.7	0.7	0
60	35	79	2	20.1	0.9	0.9	0.2
60	36	352	1	70.5	0.8	0.8	0.6
60	37	1515	1	229.5	0.7	0.7	0.1
60	38	277	2	62.4	0.7	0.7	0.2
60	39	1122	1	260.7	0.7	0.7	0.4
60	40	1370	5	164.2	0.7	0.7	0
60	41	231	3	37.2	0.8	0.8	0
60	42	736	3	151.4	0.8	0.8	0.2
60	43	542	1	77.2	0.8	0.8	0.4
60	44	740	2	176.3	0.7	0.7	0.2
60	45	1412	2	255.8	0.6	0.6	0.1
60	46	799	2	119.5	0.6	0.6	0
60	47	442	1	69.7	0.8	0.8	0.3
60	48	286	1	58.9	0.8	0.8	0.2
60	49	1964	1	274.2	0.8	0.8	0.1
60	50	1214	2	224.2	0.8	0.8	0.4
60	51	875	1	157	0.7	0.7	0.2
60	52	930	2	128	0.6	0.6	0.1
60	53	1140	4	230.3	0.8	0.8	0.3
60	54	1366	5	190.5	0.7	0.7	0.3
60	55	473	3	86.3	0.7	0.7	0.1
60	56	1173	3	206.9	0.8	0.8	0.3
60	57	549	1	117.6	0.7	0.7	0.1
60	58	1545	2	182.3	0.7	0.7	0.2
60	59	84	2	18.6	0.5	0.5	0.3
60	60	1285	3	217.5	0.8	0.8	0.4
70	1	1329	1	172.4	0.8	0.8	0
70	2	1091	1	134	0.8	0.8	0
70	3	457	1	84.2	0.8	0.8	0
70	4	367	1	45.8	0.9	0.9	0
70	5	493	1	73	0.8	0.8	0
70	6	589	1	76.1	0.8	0.8	0
70	7	421	1	89.7	0.7	0.7	0
70	8	469	1	72.6	0.8	0.8	0.1
70	9	447	1	74.4	0.8	0.8	0.2
70	10	630	1	142.5	0.7	0.7	0.2
70	11	473	1	56.3	0.9	0.9	0.1
70	12	401	2	55.9	0.8	0.8	0.1
70	13	807	2	97.5	0.8	0.8	0.1
70	14	1441	2	249.7	0.7	0.7	0
70	15	656	2	134.2	0.7	0.7	0
70	16	283	1	59.6	0.8	0.8	0.1
70	17	493	2	67.6	0.8	0.8	0.1
70	18	665	1	108.1	0.8	0.8	0.2
70	19	1075	1	224.1	0.8	0.8	0.3
70	20	769	1	136.9	0.8	0.8	0
70	21	1283	2	138.9	0.9	0.9	0.1
70	22	674	2	94.8	0.8	0.8	0
70	23	469	2	84	0.7	0.7	0.2
70	24	959	1	121.5	0.8	0.8	0.1
70	25	678	2	90.8	0.7	0.7	0.1
70	26	641	2	97.2	0.7	0.7	0.2
70	27	1097	3	160	0.8	0.8	0.1
70	28	1128	2	193.7	0.7	0.7	0.1
70	29	182	1	26	0.9	0.9	0.2
70	30	673	2	148.7	0.7	0.7	0.1
70	31	486	3	91.8	0.8	0.8	0.2
70	32	523	1	62.8	0.8	0.8	0.5
70	33	669	4	94.3	0.7	0.7	0.2
70	34	166	6	37.7	0.9	0.9	0.1
70	35	1344	2	206.3	0.8	0.8	0.3
70	36	1572	2	172.1	0.8	0.8	0.2
70	37	384	2	70	0.7	0.7	0.4
70	38	948	2	185	0.7	0.7	0.1
70	39	126	2	29.2	0.7	0.7	0.2
70	40	505	3	105.9	0.8	0.8	0.2
70	41	875	2	156.6	0.8	0.8	0.4
70	42	561	3	112.5	0.7	0.7	0.1
70	43	78	3	21.3	0.9	0.9	0
70	44	875	2	104.1	0.8	0.8	0.3
70	45	605	2	149.4	0.7	0.7	0.1
70	46	495	2	60.1	0.9	0.9	0.2
70	47	1166	1	185.7	0.7	0.7	0.2
70	48	735	3	110.5	0.7	0.7	0.1
70	49	364	2	84.3	0.7	0.7	0.3
70	50	571	5	99.9	0.7	0.7	0.2
70	51	983	1	120.5	0.7	0.7	0.4
70	52	1354	1	266	0.5	0.5	0.2
70	53	741	1	95	0.8	0.8	0.5
70	54	930	3	167.3	0.7	0.7	0.1
70	55	774	1	172.7	0.6	0.6	0.1
70	56	803	1	136.5	0.7	0.7	0.4
70	57	1473	1	269.8	0.5	0.5	0.4
70	58	1031	2	153.1	0.7	0.7	0.3
70	59	642	2	76.9	0.9	0.9	0.3
70	60	455	3	105.1	0.7	0.7	0.1
70	61	599	2	98.3	0.7	0.7	0.2
70	62	1706	4	224.1	0.7	0.7	0.2
70	63	376	2	67.8	0.8	0.8	0.3
70	64	569	1	84.1	0.7	0.7	0.3
70	65	1494	1	345	0.7	0.7	0.4
70	66	637	2	85.1	0.7	0.7	0.4
70	67	771	1	100.8	0.8	0.8	0.7
70	68	1218	2	135.5	0.8	0.8	0.2
70	69	572	1	142.6	0.7	0.7	0.2
70	70	1164	3	139.2	0.6	0.6	0.2
80	1	172	1	30.9	0.8	0.8	0
80	2	624	1	111.4	0.7	0.7	0
80	3	1132	1	167.1	0.8	0.8	0
80	4	1084	1	137.3	0.8	0.8	0
80	5	406	1	94.4	0.7	0.7	0.1
80	6	222	1	30	0.9	0.9	0
80	7	279	1	33.2	0.9	0.9	0.1
80	8	82	1	12.7	0.9	0.9	0.2
80	9	1507	1	164.3	0.7	0.7	0
80	10	248	2	39.6	0.8	0.8	0.1
80	11	84	1	18.4	0.8	0.8	0
80	12	1486	1	157.5	0.8	0.8	0.2
80	13	174	1	34	0.8	0.8	0.1
80	14	460	1	55.3	0.8	0.8	0
80	15	53	2	10.9	0.9	0.9	0
80	16	505	1	88.7	0.8	0.8	0.1
80	17	306	3	48.4	0.8	0.8	0.1
80	18	447	1	65.9	0.8	0.8	0.1
80	19	885	2	201.3	0.7	0.7	0.1
80	20	1567	2	436.4	0.7	0.7	0.1
80	21	1010	2	186.8	0.8	0.8	0.2
80	22	866	2	161.5	0.7	0.7	0.1
80	23	667	2	82.6	0.8	0.8	0.1
80	24	1487	1	156.8	0.9	0.9	0.2
80	25	2407	2	283.8	0.8	0.8	0.2
80	26	512	3	83.9	0.8	0.8	0.1
80	27	1201	2	154.6	0.7	0.7	0.1
80	28	1104	1	213.5	0.7	0.7	0.2
80	29	738	3	87.7	0.9	0.9	0.1
80	30	256	2	59.7	0.6	0.6	0.1
80	31	612	3	152	0.6	0.6	0.1
80	32	413	2	80.1	0.8	0.8	0.1
80	33	1433	3	376.9	0.7	0.7	0.2
80	34	673	1	182.3	0.7	0.7	0.4
80	35	512	1	64.2	0.8	0.8	0.1
80	36	514	2	112.5	0.8	0.8	0.3
80	37	1015	4	121.5	0.6	0.6	0
80	38	155	2	28.5	0.7	0.7	0.2
80	39	157	1	52.9	0.6	0.6	0.3
80	40	350	1	52.3	0.8	0.8	0.1
80	41	283	1	60.9	0.8	0.8	0.5
80	42	409	1	54.7	0.8	0.8	0.3
80	43	696	2	145.5	0.7	0.7	0
80	44	639	1	101.3	0.8	0.8	0.2
80	45	317	1	65.4	0.8	0.8	0.4
80	46	970	1	195.2	0.7	0.7	0.3
80	47	3347	2	428.9	0.7	0.7	0.1
80	48	1491	3	166.8	0.7	0.7	0.3
80	49	1321	4	216.9	0.6	0.6	0
80	50	668	1	161.7	0.6	0.6	0.4
80	51	951	4	140.9	0.8	0.8	0.1
80	52	1581	2	341.7	0.6	0.6	0.2
80	53	741	3	154.3	0.7	0.7	0.1
80	54	1424	1	204.7	0.7	0.7	0.4
80	55	815	5	136.6	0.8	0.8	0.3
80	56	459	3	92.3	0.7	0.7	0.3
80	57	750	3	148.6	0.7	0.7	0.5
80	58	887	2	120.8	0.8	0.8	0.2
80	59	1092	8	320	0.6	0.6	0
80	60	1277	3	245.7	0.6	0.6	0.1
80	61	1292	1	184.2	0.7	0.7	0.4
80	62	835	3	171.3	0.5	0.5	0.3
80	63	650	3	121	0.7	0.7	0.4
80	64	2097	6	294.2	0.7	0.7	0.3
80	65	690	1	191.9	0.5	0.5	0.1
80	66	455	4	118.3	0.7	0.7	0.2
80	67	670	5	178.1	0.7	0.7	0.2
80	68	801	7	128.4	0.7	0.7	0
80	69	203	1	49.8	0.7	0.7	0.4
80	70	1888	3	219.1	0.7	0.7	0.3
80	71	980	3	170.7	0.7	0.7	0.1
80	72	540	3	109.5	0.8	0.8	0.1
80	73	632	1	95.8	0.8	0.8	0.3
80	74	1941	3	360.8	0.7	0.7	0.1
80	75	307	7	91.6	0.6	0.6	0.2
80	76	448	5	92.7	0.6	0.6	0.2
80	77	1118	7	159.5	0.7	0.7	0.2
80	78	1424	5	255.2	0.5	0.5	0.3
80	79	193	1	45.9	0.8	0.8	0.4
80	80	2301	1	393.4	0.7	0.7	0.4
90	1	1246	1	147.6	0.8	0.8	0
90	2	1225	1	165.2	0.8	0.8	0
90	3	1336	1	198.1	0.8	0.8	0
90	4	67	1	11.1	0.8	0.8	0
90	5	635	1	112.3	0.8	0.8	0.1
90	6	318	1	101.5	0.7	0.7	0
90	7	599	1	107.6	0.7	0.7	0
90	8	1619	2	255.5	0.8	0.8	0
90	9	860	1	179.8	0.7	0.7	0
90	10	450	1	91.6	0.8	0.8	0.1
90	11	1075	2	286.7	0.7	0.7	0
90	12	465	1	71.2	0.6	0.6	0
90	13	1191	1	153	0.7	0.7	0.1
90	14	739	1	131.9	0.7	0.7	0.1
90	15	568	1	110.8	0.7	0.7	0
90	16	899	2	125.5	0.8	0.8	0.1
90	17	720	1	185.9	0.6	0.6	0.1
90	18	1804	2	190.1	0.9	0.9	0
90	19	126	2	25	0.9	0.9	0
90	20	486	1	85.7	0.8	0.8	0.3
90	21	281	1	54.3	0.8	0.8	0.3
90	22	938	3	213	0.7	0.7	0
90	23	1339	2	229.6	0.8	0.8	0.1
90	24	835	3	165.2	0.6	0.6	0
90	25	752	2	119.5	0.7	0.7	0.1
90	26	796	1	153.6	0.8	0.8	0.4
90	27	1208	3	210.6	0.8	0.8	0.2
90	28	205	3	35.1	0.9	0.9	0.2
90	29	129	2	28	0.6	0.6	0.1
90	30	1044	3	129	0.8	0.8	0.3
90	31	500	1	104.4	0.7	0.7	0.2
90	32	351	1	76.7	0.8	0.8	0.1
90	33	468	4	141.2	0.6	0.6	0.2
90	34	104	3	17.2	0.9	0.9	0.1
90	35	1322	2	174.8	0.6	0.6	0.1
90	36	371	5	91.5	0.7	0.7	0.1
90	37	1227	3	217.7	0.7	0.7	0
90	38	679	4	145.8	0.8	0.8	0.1
90	39	157	1	26.6	0.9	0.9	0.5
90	40	1401	2	159.7	0.8	0.8	0.1
90	41	722	1	113.4	0.6	0.6	0.3
90	42	448	2	75.3	0.7	0.7	0.3
90	43	624	5	162.9	0.7	0.7	0.3
90	44	175	5	39.9	0.8	0.8	0.1
90	45	319	2	80.2	0.8	0.8	0.3
90	46	690	2	124.4	0.7	0.7	0.1
90	47	1371	2	229.3	0.7	0.7	0.1
90	48	1045	2	126.6	0.7	0.7	0.2
90	49	856	1	144.6	0.7	0.7	0.4
90	50	351	2	84.5	0.7	0.7	0.4
90	51	1062	1	133.1	0.7	0.7	0.1
90	52	583	3	110.6	0.8	0.8	0.2
90	53	353	1	49.4	0.8	0.8	0.2
90	54	317	1	75.6	0.6	0.6	0.2
90	55	2053	1	427.9	0.7	0.7	0.2
90	56	392	2	73.4	0.6	0.6	0.2
90	57	456	1	105.6	0.7	0.7	0.2
90	58	921	2	167.3	0.6	0.6	0.3
90	59	621	3	87.5	0.6	0.6	0.3
90	60	1542	3	183.3	0.7	0.7	0.3
90	61	711	3	105.8	0.8	0.8	0.2
90	62	1257	8	196.5	0.7	0.7	0.1
90	63	1647	1	215.6	0.5	0.5	0.3
90	64	398	2	101.9	0.7	0.7	0.4
90	65	847	3	105.3	0.7	0.7	0
90	66	636	4	126.9	0.6	0.6	0.2
90	67	795	2	201.4	0.6	0.6	0.2
90	68	782	1	195	0.7	0.7	0.5
90	69	689	4	107.2	0.7	0.7	0.1
90	70	750	1	91.7	0.9	0.9	0.5
90	71	758	2	131.5	0.6	0.6	0.5
90	72	1194	1	240.1	0.7	0.7	0.1
90	73	1687	3	355.5	0.8	0.8	0.4
90	74	343	1	69.1	0.7	0.7	0.5
90	75	900	3	142.9	0.8	0.8	0.1
90	76	427	4	96.8	0.7	0.7	0.3
90	77	1056	6	270.6	0.6	0.6	0.2
90	78	972	3	124.3	0.7	0.7	0.2
90	79	1048	1	163.3	0.7	0.7	0.5
90	80	179	3	53.2	0.6	0.6	0.3
90	81	1200	5	348.9	0.7	0.7	0.4
90	82	600	4	116.3	0.6	0.6	0.2
90	83	276	3	49.2	0.7	0.7	0.2
90	84	1303	2	165.3	0.7	0.7	0.3
90	85	1119	2	165.7	0.8	0.8	0.5
90	86	435	4	121.6	0.7	0.7	0.4
90	87	2517	4	267.3	0.8	0.8	0.2
90	88	463	1	56.5	0.8	0.8	0.2
90	89	886	1	109.4	0.8	0.8	0.3
90	90	669	3	81	0.9	0.9	0.3
100	1	847	1	128.9	0.8	0.8	0
100	2	132	1	19.5	0.9	0.9	0
100	3	296	1	57.4	0.8	0.8	0
100	4	393	1	54.6	0.8	0.8	0
100	5	75	1	22	0.8	0.8	0
100	6	80	1	16.4	0.9	0.9	0
100	7	818	1	157.4	0.8	0.8	0
100	8	297	1	38.1	0.9	0.9	0.2
100	9	161	1	34.4	0.8	0.8	0
100	10	2726	1	284.4	0.8	0.8	0
100	11	502	2	72.4	0.8	0.8	0
100	12	814	1	129	0.8	0.8	0
100	13	447	2	68.9	0.6	0.6	0
100	14	763	1	128.2	0.6	0.6	0.2
100	15	1252	1	135	0.8	0.8	0.2
100	16	1048	2	179.7	0.8	0.8	0.1
100	17	812	2	109.9	0.8	0.8	0
100	18	625	1	149.3	0.7	0.7	0.1
100	19	956	2	157.6	0.7	0.7	0
100	20	68	2	13.9	0.9	0.9	0.2
100	21	1510	1	218	0.7	0.7	0.2
100	22	609	3	92.3	0.8	0.8	0.1
100	23	995	1	172.2	0.7	0.7	0.2
100	24	143	3	53.2	0.7	0.7	0
100	25	793	1	106.8	0.7	0.7	0.3
100	26	2190	1	269.4	0.7	0.7	0.2
100	27	891	2	155.5	0.7	0.7	0.2
100	28	1087	1	128.9	0.6	0.6	0.3
100	29	872	2	123.9	0.8	0.8	0.2
100	30	404	1	66	0.7	0.7	0.1
100	31	1419	2	165.8	0.7	0.7	0
100	32	522	2	113.4	0.8	0.8	0.1
100	33	893	3	156	0.7	0.7	0
100	34	380	1	83	0.6	0.6	0.4
100	35	258	1	57.6	0.7	0.7	0.1
100	36	746	2	92.3	0.8	0.8	0.1
100	37	377	2	51	0.8	0.8	0.3
100	38	891	2	116.2	0.8	0.8	0.1
100	39	832	2	144.7	0.7	0.7	0.1
100	40	484	1	142.8	0.6	0.6	0.1
100	41	1303	2	192.5	0.6	0.6	0.3
100	42	159	3	30.1	0.8	0.8	0
100	43	967	2	137.9	0.7	0.7	0.3
100	44	818	3	121.7	0.7	0.7	0.1
100	45	774	2	135	0.8	0.8	0.2
100	46	465	3	62.4	0.8	0.8	0.3
100	47	494	1	92.3	0.5	0.5	0.2
100	48	322	2	42.1	0.7	0.7	0.2
100	49	454	2	92.4	0.8	0.8	0.4
100	50	1253	3	170.6	0.8	0.8	0.4
100	51	1480	6	283.5	0.7	0.7	0.2
100	52	498	5	85.3	0.8	0.8	0.3
100	53	1007	1	143.9	0.6	0.6	0.3
100	54	2006	2	328.3	0.7	0.7	0.4
100	55	369	1	79.4	0.7	0.7	0.4
100	56	828	4	196.9	0.6	0.6	0
100	57	453	3	67.4	0.8	0.8	0.3
100	58	1050	2	134.7	0.7	0.7	0.3
100	59	378	4	120.8	0.7	0.7	0.3
100	60	138	1	44.1	0.7	0.7	0.3
100	61	804	4	190.3	0.7	0.7	0
100	62	939	3	209.5	0.7	0.7	0.2
100	63	497	2	57.6	0.8	0.8	0.3
100	64	224	4	36.6	0.9	0.9	0.4
100	65	414	6	81.9	0.7	0.7	0.2
100	66	460	2	61.8	0.9	0.9	0.5
100	67	807	1	100.4	0.8	0.8	0.5
100	68	451	5	121.1	0.6	0.6	0.2
100	69	234	1	55.5	0.8	0.8	0.4
100	70	182	3	45.8	0.8	0.8	0.3
100	71	1141	6	141.1	0.7	0.7	0.1
100	72	1533	1	207.1	0.7	0.7	0.3
100	73	886	2	163.1	0.6	0.6	0.2
100	74	625	2	123.4	0.6	0.6	0.4
100	75	851	1	194.4	0.6	0.6	0.2
100	76	757	4	167.6	0.7	0.7	0.5
100	77	489	5	116.6	0.7	0.7	0.2
100	78	110	1	30.2	0.8	0.8	0.3
100	79	874	3	131.1	0.7	0.7	0.5
100	80	2047	1	293.4	0.7	0.7	0.2
100	81	597	3	127.7	0.7	0.7	0.2
100	82	1419	1	203.1	0.6	0.6	0.4
100	83	314	1	73	0.8	0.8	0.4
100	84	2204	5	294.4	0.7	0.7	0.5
100	85	1224	1	180.8	0.7	0.7	0.3
100	86	258	3	65.8	0.7	0.7	0.2
100	87	1278	2	290.5	0.6	0.6	0.4
100	88	393	1	91.1	0.7	0.7	0.4
100	89	1572	1	175	0.7	0.7	0.4
100	90	1448	2	179.9	0.7	0.7	0.3
100	91	1397	1	342.7	0.5	0.5	0.3
100	92	504	2	82.2	0.8	0.8	0.2
100	93	1022	3	188.2	0.7	0.7	0.3
100	94	170	1	33.3	0.8	0.8	0.3
100	95	1914	4	268.2	0.6	0.6	0
100	96	1620	1	205.2	0.7	0.7	0.2
100	97	429	7	136.4	0.6	0.6	0.3
100	98	972	2	141	0.8	0.8	0.3
100	99	269	3	45.9	0.8	0.8	0.4
100	100	120	3	30.1	0.8	0.8	0.4
110	1	92	1	22.6	0.8	0.8	0
110	2	73	1	8.8	0.8	0.8	0
110	3	1075	1	118	0.9	0.9	0
110	4	491	1	124.1	0.7	0.7	0
110	5	281	1	33.4	0.9	0.9	0
110	6	429	1	66.4	0.8	0.8	0.2
110	7	678	1	119.1	0.8	0.8	0.1
110	8	718	1	191	0.7	0.7	0
110	9	313	1	36.6	0.8	0.8	0.1
110	10	480	2	75.8	0.8	0.8	0
110	11	910	1	101.4	0.9	0.9	0.2
110	12	219	2	30.5	0.9	0.9	0.1
110	13	129	1	20.1	0.9	0.9	0.1
110	14	916	2	188.7	0.7	0.7	0
110	15	384	1	68.2	0.8	0.8	0.2
110	16	1388	1	294.6	0.7	0.7	0.2
110	17	3551	1	530.4	0.8	0.8	0.2
110	18	882	2	128.2	0.8	0.8	0
110	19	733	3	167.7	0.7	0.7	0.3
110	20	325	2	51.8	0.8	0.8	0
110	21	1278	1	179.6	0.6	0.6	0.2
110	22	383	2	57.2	0.8	0.8	0.1
110	23	947	1	122.5	0.6	0.6	0.2
110	24	492	2	108.8	0.8	0.8	0.1
110	25	513	2	104.7	0.7	0.7	0.1
110	26	1382	2	194.1	0.7	0.7	0.2
110	27	641	4	98.9	0.8	0.8	0
110	28	893	2	107.4	0.8	0.8	0.3
110	29	426	2	53.1	0.9	0.9	0.1
110	30	765	2	197.6	0.7	0.7	0
110	31	1247	1	165.4	0.8	0.8	0.3
110	32	1033	2	147.7	0.7	0.7	0.1
110	33	1148	1	152.7	0.8	0.8	0.3
110	34	1441	4	268.7	0.6	0.6	0.1
110	35	468	1	116.1	0.7	0.7	0.2
110	36	563	3	99.1	0.8	0.8	0.1
110	37	1422	5	322	0.6	0.6	0.1
110	38	1033	4	115.4	0.7	0.7	0.2
110	39	847	4	158.1	0.7	0.7	0
110	40	663	3	140.5	0.7	0.7	0.2
110	41	1024	3	167.7	0.7	0.7	0.1
110	42	87	1	17.4	0.8	0.8	0.3
110	43	810	1	139.2	0.7	0.7	0.3
110	44	1073	3	125.7	0.9	0.9	0.2
110	45	585	2	90.1	0.7	0.7	0.2
110	46	990	3	143.2	0.7	0.7	0.1
110	47	1738	2	431.2	0.6	0.6	0
110	48	1631	2	243.8	0.7	0.7	0.1
110	49	1306	2	147.2	0.8	0.8	0.2
110	50	2169	3	234.1	0.9	0.9	0.5
110	51	1160	2	148.6	0.7	0.7	0.4
110	52	1317	2	226.9	0.7	0.7	0
110	53	356	2	70.8	0.7	0.7	0.3
110	54	591	6	123.6	0.6	0.6	0.1
110	55	328	1	58.7	0.8	0.8	0.6
110	56	758	2	139.8	0.8	0.8	0.5
110	57	936	2	110	0.6	0.6	0.3
110	58	607	4	117.1	0.7	0.7	0.3
110	59	798	1	163.2	0.7	0.7	0.3
110	60	189	1	46.5	0.6	0.6	0.1
110	61	737	4	205	0.6	0.6	0.2
110	62	488	5	119	0.7	0.7	0.1
110	63	712	4	186.3	0.6	0.6	0.1
110	64	99	1	28.5	0.8	0.8	0.2
110	65	830	6	145.2	0.7	0.7	0.2
110	66	2073	1	258.1	0.8	0.8	0.4
110	67	1402	4	182.5	0.7	0.7	0.1
110	68	1024	1	252.3	0.7	0.7	0.2
110	69	1164	1	219.2	0.7	0.7	0.4
110	70	922	1	189.4	0.8	0.8	0.2
110	71	302	1	63.1	0.8	0.8	0.3
110	72	586	1	123.3	0.7	0.7	0.1
110	73	774	2	135.6	0.7	0.7	0.1
110	74	1165	1	132.4	0.8	0.8	0.2
110	75	516	5	75.2	0.8	0.8	0.1
110	76	1328	1	193	0.7	0.7	0.3
110	77	365	7	108.1	0.6	0.6	0.2
110	78	2013	5	273.6	0.7	0.7	0.1
110	79	955	4	123.9	0.8	0.8	0.3
110	80	1226	2	142.4	0.7	0.7	0.4
110	81	1146	4	176.7	0.8	0.8	0.3
110	82	437	3	107.2	0.7	0.7	0.3
110	83	619	1	110.4	0.7	0.7	0.2
110	84	201	1	58.1	0.7	0.7	0.2
110	85	42	3	14.5	0.9	0.9	0.4
110	86	835	6	127.6	0.7	0.7	0.3
110	87	1694	1	185.6	0.7	0.7	0.4
110	88	1882	2	282.4	0.7	0.7	0.3
110	89	310	4	73.6	0.7	0.7	0.3
110	90	1356	3	234.2	0.6	0.6	0.2
110	91	532	2	101.9	0.6	0.6	0.2
110	92	1042	4	204.9	0.7	0.7	0.1
110	93	709	1	112.9	0.7	0.7	0.2
110	94	76	3	22.9	0.5	0.5	0.3
110	95	1314	2	263.4	0.5	0.5	0.4
110	96	2182	4	299.2	0.7	0.7	0.2
110	97	1443	2	206.2	0.6	0.6	0.4
110	98	1495	1	190.2	0.7	0.7	0.6
110	99	1154	4	143	0.8	0.8	0.2
110	100	1647	1	204.9	0.7	0.7	0.4
110	101	702	5	109.8	0.6	0.6	0.3
110	102	536	2	87.4	0.6	0.6	0.4
110	103	1037	1	206.5	0.6	0.6	0.3
110	104	314	4	87.2	0.6	0.6	0.1
110	105	1010	2	172	0.6	0.6	0.4
110	106	423	3	116.2	0.7	0.7	0.5
110	107	1563	1	233.4	0.6	0.6	0.2
110	108	441	3	110.9	0.7	0.7	0.3
110	109	318	1	49.5	0.6	0.6	0.4
110	110	991	1	252.7	0.6	0.6	0
120	1	635	1	74.9	0.8	0.8	0
120	2	212	1	34.1	0.8	0.8	0
120	3	1505	1	189.6	0.8	0.8	0
120	4	941	1	101.2	0.9	0.9	0
120	5	1121	1	121.7	0.9	0.9	0
120	6	121	1	25	0.8	0.8	0
120	7	99	1	23.5	0.8	0.8	0.1
120	8	412	1	50.6	0.9	0.9	0
120	9	577	1	119.4	0.8	0.8	0
120	10	269	1	50.6	0.8	0.8	0.2
120	11	450	2	81.2	0.8	0.8	0
120	12	895	2	159.2	0.8	0.8	0
120	13	1748	3	192.4	0.8	0.8	0.3
120	14	360	2	100.6	0.7	0.7	0
120	15	2018	2	212.4	0.9	0.9	0.1
120	16	186	1	31.4	0.8	0.8	0.1
120	17	609	1	71.6	0.8	0.8	0.3
120	18	257	1	49.7	0.7	0.7	0.2
120	19	219	2	40.4	0.8	0.8	0.2
120	20	1006	2	144.2	0.8	0.8	0
120	21	1598	3	238.5	0.7	0.7	0.2
120	22	232	2	46.5	0.7	0.7	0.1
120	23	930	2	189.4	0.6	0.6	0.2
120	24	436	1	81.7	0.8	0.8	0
120	25	262	2	36.9	0.9	0.9	0.2
120	26	762	3	115.1	0.6	0.6	0
120	27	405	2	54.4	0.9	0.9	0.1
120	28	404	3	84.7	0.7	0.7	0
120	29	260	2	41.6	0.7	0.7	0.1
120	30	2216	1	282	0.7	0.7	0.3
120	31	1114	3	187.1	0.6	0.6	0.2
120	32	838	3	148.7	0.7	0.7	0.2
120	33	360	1	49.3	0.8	0.8	0.5
120	34	2192	1	316.6	0.7	0.7	0.3
120	35	927	2	172.6	0.7	0.7	0.2
120	36	517	1	121.1	0.7	0.7	0.2
120	37	1658	6	190.9	0.8	0.8	0.3
120	38	516	1	107.7	0.8	0.8	0.2
120	39	481	5	94.5	0.8	0.8	0.2
120	40	1122	1	220.5	0.7	0.7	0.1
120	41	221	1	43.4	0.8	0.8	0.3
120	42	326	3	97.7	0.6	0.6	0.1
120	43	1341	6	227.1	0.7	0.7	0
120	44	630	1	82.5	0.7	0.7	0.2
120	45	428	2	77.7	0.6	0.6	0.3
120	46	218	1	72.3	0.7	0.7	0.2
120	47	857	2	117.5	0.7	0.7	0.3
120	48	1192	4	219.3	0.7	0.7	0.1
120	49	1470	3	163.9	0.9	0.9	0.2
120	50	290	3	49.1	0.8	0.8	0.4
120	51	866	4	233.6	0.6	0.6	0.2
120	52	1596	1	238.8	0.7	0.7	0.1
120	53	541	3	91.1	0.8	0.8	0.5
120	54	177	1	51.7	0.7	0.7	0.2
120	55	654	3	110.9	0.8	0.8	0.3
120	56	322	3	59.2	0.7	0.7	0.3
120	57	902	3	113.2	0.8	0.8	0.1
120	58	1525	1	275.2	0.6	0.6	0.3
120	59	384	5	79	0.7	0.7	0.3
120	60	493	4	132.4	0.7	0.7	0.3
120	61	316	2	45.5	0.9	0.9	0.4
120	62	369	3	70	0.7	0.7	0.2
120	63	1473	2	234.8	0.7	0.7	0.2
120	64	697	2	123.4	0.7	0.7	0.4
120	65	1546	3	334	0.6	0.6	0.1
120	66	323	3	78.5	0.6	0.6	0.1
120	67	337	2	84.2	0.7	0.7	0.1
120	68	145	4	27.2	0.9	0.9	0.4
120	69	1137	2	231.4	0.6	0.6	0.3
120	70	149	4	35	0.8	0.8	0.2
120	71	694	3	204.7	0.6	0.6	0.2
120	72	1538	1	282.6	0.7	0.7	0.4
120	73	1255	1	166.8	0.7	0.7	0.4
120	74	507	1	118.2	0.6	0.6	0.3
120	75	354	2	48.6	0.9	0.9	0.4
120	76	441	4	105.6	0.7	0.7	0.2
120	77	748	4	177	0.7	0.7	0.2
120	78	172	1	51.9	0.7	0.7	0.3
120	79	1528	3	298.9	0.6	0.6	0.1
120	80	446	3	95.5	0.7	0.7	0.2
120	81	419	2	66.5	0.7	0.7	0.4
120	82	347	2	83.7	0.6	0.6	0.4
120	83	1023	3	221.7	0.6	0.6	0.2
120	84	1292	4	187.5	0.7	0.7	0.2
120	85	1138	2	152.6	0.6	0.6	0.3
120	86	615	10	164.1	0.6	0.6	0.1
120	87	362	1	80	0.8	0.8	0.4
120	88	157	5	44.4	0.6	0.6	0.4
120	89	1005	2	145.3	0.8	0.8	0.7
120	90	1089	1	181.5	0.6	0.6	0.2
120	91	720	4	152.5	0.7	0.7	0.3
120	92	984	1	251.5	0.7	0.7	0.4
120	93	113	1	32.1	0.8	0.8	0.4
120	94	399	2	86.5	0.7	0.7	0.3
120	95	1172	4	159.7	0.6	0.6	0.2
120	96	2476	1	308.2	0.6	0.6	0.3
120	97	1388	3	294.3	0.7	0.7	0.4
120	98	212	4	53.5	0.8	0.8	0.3
120	99	568	1	153.7	0.5	0.5	0.2
120	100	495	5	122.6	0.7	0.7	0.3
120	101	773	1	107.2	0.8	0.8	0.6
120	102	519	6	114.5	0.6	0.6	0.4
120	103	1393	3	201.3	0.7	0.7	0.4
120	104	1630	1	180.4	0.9	0.9	0.7
120	105	257	4	75.5	0.6	0.6	0.3
120	106	1372	9	184.6	0.7	0.7	0.2
120	107	89	6	31.5	0.7	0.7	0.4
120	108	430	4	105.7	0.7	0.7	0.3
120	109	260	2	67.8	0.7	0.7	0.4
120	110	1153	4	337.2	0.7	0.7	0.4
120	111	357	1	79.2	0.6	0.6	0.3
120	112	1053	2	174.4	0.6	0.6	0.2
120	113	823	2	122.6	0.7	0.7	0.4
120	114	640	3	94.3	0.7	0.7	0.1
120	115	2032	1	290.2	0.7	0.7	0.3
120	116	520	1	106.6	0.7	0.7	0.6
120	117	477	1	135.5	0.7	0.7	0.4
120	118	464	5	137.4	0.5	0.5	0.1
120	119	887	3	173.5	0.6	0.6	0.3
120	120	724	1	99.6	0.8	0.8	0.2
130	1	125	1	14.3	0.8	0.8	0
130	2	259	1	56.3	0.8	0.8	0
130	3	135	1	26.3	0.8	0.8	0
130	4	316	1	56.3	0.8	0.8	0.1
130	5	151	1	36.3	0.8	0.8	0.1
130	6	858	1	91.8	0.9	0.9	0
130	7	1853	1	356.2	0.8	0.8	0
130	8	586	1	82	0.8	0.8	0.1
130	9	843	2	109.8	0.8	0.8	0.1
130	10	831	2	197.1	0.7	0.7	0
130	11	1092	1	216.2	0.8	0.8	0
130	12	442	2	62.5	0.8	0.8	0
130	13	341	1	75.5	0.8	0.8	0.1
130	14	878	2	223.1	0.7	0.7	0
130	15	622	2	122.8	0.7	0.7	0
130	16	1415	1	230.4	0.7	0.7	0.1
130	17	731	2	120.7	0.7	0.7	0.1
130	18	1725	2	181	0.9	0.9	0
130	19	2781	1	349	0.7	0.7	0.2
130	20	577	2	117.1	0.7	0.7	0
130	21	643	1	70.8	0.8	0.8	0.1
130	22	410	1	51.7	0.9	0.9	0.2
130	23	716	3	92.4	0.6	0.6	0.2
130	24	718	2	144.7	0.7	0.7	0
130	25	490	1	60.2	0.9	0.9	0.1
130	26	649	2	82.3	0.8	0.8	0.2
130	27	302	3	46	0.9	0.9	0.2
130	28	1280	1	231	0.8	0.8	0.4
130	29	1570	4	169.7	0.7	0.7	0
130	30	606	4	119.1	0.7	0.7	0
130	31	654	1	78.6	0.8	0.8	0.3
130	32	230	4	51.5	0.7	0.7	0
130	33	1281	1	185	0.7	0.7	0.2
130	34	1110	3	200.5	0.8	0.8	0.2
130	35	1441	2	256.4	0.7	0.7	0.4
130	36	801	2	172.5	0.7	0.7	0.1
130	37	2161	1	287.1	0.7	0.7	0.3
130	38	523	3	85.1	0.6	0.6	0.1
130	39	244	1	48.1	0.8	0.8	0.2
130	40	625	1	113.3	0.8	0.8	0.3
130	41	1223	1	223.7	0.7	0.7	0.3
130	42	951	2	121.4	0.7	0.7	0.4
130	43	292	1	65.9	0.8	0.8	0.3
130	44	1962	3	262.5	0.7	0.7	0.1
130	45	446	2	56.9	0.8	0.8	0.3
130	46	589	3	80.3	0.7	0.7	0.1
130	47	434	2	57.6	0.8	0.8	0.3
130	48	523	5	115	0.7	0.7	0.2
130	49	1590	3	174.5	0.8	0.8	0.1
130	50	421	1	104	0.6	0.6	0.1
130	51	1995	2	232.6	0.8	0.8	0.4
130	52	241	1	45.6	0.8	0.8	0.4
130	53	986	4	222	0.7	0.7	0.2
130	54	1463	4	255.5	0.6	0.6	0.1
130	55	386	4	110.9	0.7	0.7	0.4
130	56	894	2	125.6	0.7	0.7	0.4
130	57	1099	5	207.3	0.7	0.7	0.3
130	58	691	2	140.8	0.7	0.7	0.3
130	59	474	8	111.6	0.7	0.7	0.3
130	60	1246	2	155.4	0.8	0.8	0.5
130	61	1650	4	218.7	0.8	0.8	0.2
130	62	503	3	78.4	0.8	0.8	0.5
130	63	381	1	72.1	0.6	0.6	0.3
130	64	1009	7	199.7	0.6	0.6	0.2
130	65	568	6	74.2	0.9	0.9	0.4
130	66	100	2	23.1	0.9	0.9	0.5
130	67	1431	5	201.2	0.6	0.6	0.2
130	68	478	3	139.6	0.7	0.7	0.2
130	69	379	1	70.7	0.7	0.7	0.6
130	70	973	3	166.4	0.7	0.7	0.2
130	71	709	2	123.5	0.6	0.6	0.4
130	72	333	2	60.7	0.6	0.6	0.1
130	73	528	2	123	0.8	0.8	0.5
130	74	1566	4	257.5	0.7	0.7	0.5
130	75	1127	4	161.1	0.8	0.8	0.6
130	76	258	1	56.7	0.7	0.7	0.2
130	77	753	3	141.3	0.7	0.7	0.3
130	78	148	4	48	0.7	0.7	0.2
130	79	205	1	48.6	0.8	0.8	0.5
130	80	430	2	109	0.6	0.6	0.4
130	81	660	1	114.1	0.8	0.8	0.1
130	82	753	3	151.4	0.6	0.6	0.2
130	83	1120	2	249.9	0.7	0.7	0.6
130	84	1892	2	256.3	0.7	0.7	0.3
130	85	369	8	125	0.6	0.6	0
130	86	306	1	68.9	0.6	0.6	0.3
130	87	1204	2	206	0.7	0.7	0.3
130	88	654	1	142.5	0.6	0.6	0.4
130	89	758	1	98.3	0.8	0.8	0.5
130	90	406	1	89.1	0.7	0.7	0.5
130	91	81	3	28.6	0.8	0.8	0.2
130	92	644	4	103.4	0.8	0.8	0.4
130	93	384	4	106.8	0.6	0.6	0.3
130	94	1258	1	272.4	0.6	0.6	0.4
130	95	1162	4	203.7	0.6	0.6	0.2
130	96	96	2	34.3	0.7	0.7	0.1
130	97	1439	1	190	0.5	0.5	0.3
130	98	1480	2	223.8	0.7	0.7	0.3
130	99	1012	2	193.8	0.7	0.7	0.4
130	100	586	3	149.4	0.7	0.7	0.4
130	101	595	1	138.3	0.7	0.7	0.4
130	102	84	1	15.6	0.7	0.7	0.3
130	103	652	2	131.2	0.7	0.7	0.6
130	104	1056	5	172.8	0.7	0.7	0.3
130	105	1156	2	175.1	0.7	0.7	0.3
130	106	392	3	77	0.6	0.6	0.3
130	107	282	2	70.6	0.6	0.6	0.5
130	108	559	1	119.9	0.6	0.6	0.2
130	109	2319	3	431.1	0.6	0.6	0.3
130	110	590	4	103.4	0.8	0.8	0.3
130	111	1709	1	201.5	0.7	0.7	0.4
130	112	100	6	31.4	0.7	0.7	0.5
130	113	1386	3	276.9	0.6	0.6	0.3
130	114	1031	6	211.6	0.7	0.7	0.1
130	115	333	2	55.7	0.7	0.7	0.2
130	116	932	1	262.8	0.6	0.6	0.4
130	117	1250	1	188.4	0.5	0.5	0.2
130	118	129	2	46	0.6	0.6	0.4
130	119	544	5	94.8	0.6	0.6	0.4
130	120	427	5	100.5	0.7	0.7	0.2
130	121	1386	2	246.5	0.7	0.7	0.5
130	122	981	1	119.7	0.7	0.7	0.4
130	123	1952	1	464	0.6	0.6	0.3
130	124	811	3	174	0.6	0.6	0.5
130	125	203	4	54.2	0.7	0.7	0.2
130	126	396	1	115.1	0.7	0.7	0.4
130	127	486	1	81.8	0.6	0.6	0.4
130	128	339	5	99.1	0.7	0.7	0
130	129	1801	8	218.2	0.6	0.6	0.3
130	130	501	1	166	0.6	0.6	0.1
140	1	597	1	66.4	0.7	0.7	0
140	2	167	1	18.1	0.8	0.8	0
140	3	715	1	96.3	0.8	0.8	0
140	4	641	1	74.1	0.9	0.9	0
140	5	976	1	114.3	0.8	0.8	0.1
140	6	157	1	26.2	0.8	0.8	0
140	7	243	1	64	0.7	0.7	0
140	8	321	1	40.6	0.9	0.9	0
140	9	1706	2	182.1	0.9	0.9	0.1
140	10	806	1	163.1	0.8	0.8	0
140	11	682	2	116	0.8	0.8	0
140	12	556	2	146.9	0.7	0.7	0
140	13	1079	1	136.1	0.7	0.7	0.1
140	14	709	2	164.4	0.7	0.7	0.1
140	15	481	1	130.8	0.7	0.7	0.1
140	16	502	1	60.7	0.8	0.8	0.2
140	17	843	2	154.4	0.8	0.8	0
140	18	1815	1	330.1	0.7	0.7	0.2
140	19	609	2	109.6	0.6	0.6	0
140	20	706	1	97.4	0.8	0.8	0.2
140	21	1374	1	238.8	0.6	0.6	0.1
140	22	415	2	89	0.8	0.8	0.2
140	23	443	2	78.3	0.7	0.7	0
140	24	497	2	88.3	0.8	0.8	0.3
140	25	510	2	69.9	0.8	0.8	0.1
140	26	361	2	48	0.9	0.9	0.1
140	27	1015	2	121.8	0.8	0.8	0.2
140	28	548	3	94	0.7	0.7	0.2
140	29	1088	1	144.6	0.7	0.7	0.2
140	30	715	1	90	0.8	0.8	0.2
140	31	242	3	53.4	0.8	0.8	0.2
140	32	1344	3	207.4	0.7	0.7	0.1
140	33	2117	3	332	0.7	0.7	0.2
140	34	927	1	156.6	0.8	0.8	0.4
140	35	767	3	97.3	0.7	0.7	0.2
140	36	1529	1	205.2	0.7	0.7	0.2
140	37	465	1	121.6	0.6	0.6	0.4
140	38	829	2	112.6	0.8	0.8	0.2
140	39	1067	5	172.1	0.7	0.7	0.2
140	40	2879	1	320.2	0.7	0.7	0.3
140	41	903	2	153.9	0.7	0.7	0.1
140	42	578	1	89	0.8	0.8	0.4
140	43	387	1	74.1	0.8	0.8	0.4
140	44	1074	3	177.3	0.7	0.7	0.2
140	45	2508	2	260.3	0.8	0.8	0.2
140	46	479	5	91.7	0.7	0.7	0
140	47	285	3	53	0.8	0.8	0.4
140	48	798	3	100.4	0.7	0.7	0.2
140	49	875	4	181.1	0.6	0.6	0.1
140	50	1003	1	197.2	0.8	0.8	0.2
140	51	774	4	95.2	0.8	0.8	0.3
140	52	1519	2	201.1	0.6	0.6	0.2
140	53	836	1	136.5	0.8	0.8	0.4
140	54	379	1	75.1	0.7	0.7	0.4
140	55	1165	4	197	0.7	0.7	0.3
140	56	228	3	55.4	0.8	0.8	0.1
140	57	362	3	48.8	0.8	0.8	0.3
140	58	643	1	107.5	0.6	0.6	0.3
140	59	947	3	128.2	0.6	0.6	0.3
140	60	1187	6	193.3	0.7	0.7	0.2
140	61	1182	3	153.5	0.6	0.6	0.1
140	62	907	4	117.9	0.8	0.8	0.3
140	63	882	2	224.3	0.7	0.7	0.2
140	64	904	1	170.9	0.7	0.7	0.3
140	65	159	4	33	0.7	0.7	0.2
140	66	434	6	129	0.6	0.6	0.2
140	67	665	2	133.7	0.7	0.7	0.1
140	68	243	1	39.7	0.8	0.8	0.5
140	69	1269	1	307.3	0.5	0.5	0.2
140	70	1027	4	176	0.7	0.7	0.1
140	71	298	1	77.4	0.7	0.7	0.1
140	72	345	4	51.8	0.8	0.8	0.2
140	73	626	2	121.9	0.5	0.5	0.2
140	74	977	2	114.1	0.9	0.9	0.3
140	75	803	4	146.2	0.5	0.5	0.1
140	76	285	2	55	0.8	0.8	0.3
140	77	424	5	126.1	0.6	0.6	0.1
140	78	606	2	131.1	0.7	0.7	0.3
140	79	488	1	115.2	0.7	0.7	0.5
140	80	789	1	130.9	0.8	0.8	0.4
140	81	1049	6	177.9	0.6	0.6	0.2
140	82	1229	1	258.6	0.7	0.7	0.3
140	83	179	3	35.2	0.8	0.8	0.3
140	84	300	5	87.4	0.6	0.6	0.4
140	85	978	6	226	0.6	0.6	0.2
140	86	170	1	31.8	0.8	0.8	0.5
140	87	656	4	125.2	0.7	0.7	0.2
140	88	265	4	87.8	0.5	0.5	0.1
140	89	1412	1	169.9	0.6	0.6	0.2
140	90	354	1	70.9	0.7	0.7	0.4
140	91	832	5	246.4	0.6	0.6	0.2
140	92	405	1	95.9	0.6	0.6	0.2
140	93	908	2	196.4	0.7	0.7	0.3
140	94	122	1	35.4	0.7	0.7	0.3
140	95	1246	1	253.2	0.6	0.6	0.3
140	96	1086	1	149.4	0.7	0.7	0.3
140	97	690	2	104.3	0.7	0.7	0.4
140	98	572	3	127.7	0.7	0.7	0.6
140	99	1073	2	122.6	0.8	0.8	0.5
140	100	1623	2	224.7	0.6	0.6	0.4
140	101	1530	5	289.4	0.5	0.5	0.1
140	102	1156	2	177.9	0.7	0.7	0.4
140	103	474	1	114.4	0.7	0.7	0.3
140	104	358	1	103.8	0.6	0.6	0.3
140	105	1139	2	207.5	0.7	0.7	0.4
140	106	2337	3	347.2	0.7	0.7	0.3
140	107	1087	1	195.5	0.7	0.7	0.4
140	108	982	5	118.3	0.8	0.8	0.6
140	109	699	2	100.8	0.7	0.7	0.3
140	110	880	2	121.8	0.7	0.7	0.1
140	111	1445	3	390.7	0.6	0.6	0.4
140	112	1122	1	236	0.5	0.5	0.2
140	113	1119	2	196.9	0.7	0.7	0.3
140	114	1392	1	162.9	0.7	0.7	0.5
140	115	1133	3	211.1	0.7	0.7	0.4
140	116	836	6	255.9	0.6	0.6	0.5
140	117	754	7	166.3	0.7	0.7	0.2
140	118	2952	3	320.2	0.8	0.8	0.2
140	119	402	3	83.5	0.8	0.8	0.5
140	120	3149	1	349.8	0.7	0.7	0.2
140	121	1058	3	193	0.6	0.6	0.4
140	122	622	1	134.9	0.6	0.6	0.3
140	123	514	3	95.2	0.7	0.7	0.4
140	124	658	1	178.5	0.5	0.5	0.4
140	125	547	1	111.1	0.8	0.8	0.6
140	126	1124	5	234.2	0.5	0.5	0.3
140	127	724	1	131.4	0.7	0.7	0.3
140	128	827	2	163.5	0.7	0.7	0.3
140	129	1486	6	188.3	0.8	0.8	0.4
140	130	1509	4	259.8	0.7	0.7	0.2
140	131	293	2	61.4	0.7	0.7	0.5
140	132	988	5	234.5	0.7	0.7	0.1
140	133	441	3	104.7	0.7	0.7	0.4
140	134	276	2	73.4	0.7	0.7	0.4
140	135	950	4	242.4	0.4	0.4	0.2
140	136	585	1	95.2	0.6	0.6	0.3
140	137	2031	1	327.2	0.6	0.6	0.4
140	138	724	3	95.7	0.6	0.6	0.4
140	139	281	3	89.7	0.7	0.7	0.1
140	140	658	4	79.3	0.9	0.9	0.4
150	1	492	1	65.9	0.8	0.8	0
150	2	304	1	38.5	0.9	0.9	0
150	3	190	1	26.3	0.9	0.9	0
150	4	262	1	37.8	0.7	0.7	0
150	5	1036	1	133.4	0.8	0.8	0
150	6	193	1	38.3	0.8	0.8	0
150	7	259	1	46.8	0.8	0.8	0
150	8	2955	1	305.9	0.8	0.8	0.2
150	9	1372	1	288.4	0.7	0.7	0.1
150	10	302	2	85.2	0.7	0.7	0
150	11	160	1	38	0.8	0.8	0
150	12	876	2	175.1	0.7	0.7	0.2
150	13	728	2	109.9	0.7	0.7	0.1
150	14	148	1	34.5	0.8	0.8	0.1
150	15	697	1	107.9	0.8	0.8	0.1
150	16	286	2	36	0.9	0.9	0.1
150	17	600	1	71.3	0.8	0.8	0.2
150	18	313	1	40.2	0.7	0.7	0.1
150	19	1160	2	216.9	0.8	0.8	0
150	20	1478	1	165	0.7	0.7	0.1
150	21	801	1	99.5	0.8	0.8	0.3
150	22	1085	2	166.6	0.7	0.7	0.3
150	23	632	2	151.7	0.7	0.7	0.1
150	24	1325	2	159.9	0.8	0.8	0
150	25	983	1	143.1	0.8	0.8	0.2
150	26	471	2	65.5	0.8	0.8	0
150	27	2279	4	403.8	0.6	0.6	0.2
150	28	1547	3	175.1	0.8	0.8	0
150	29	936	2	261.8	0.7	0.7	0.1
150	30	778	4	112	0.7	0.7	0
150	31	518	4	119.9	0.7	0.7	0.1
150	32	561	2	82.7	0.8	0.8	0.2
150	33	555	2	69.9	0.9	0.9	0.3
150	34	989	1	167.5	0.7	0.7	0.3
150	35	1259	2	233.2	0.6	0.6	0.2
150	36	262	2	53.1	0.8	0.8	0.2
150	37	96	1	33.5	0.7	0.7	0.1
150	38	1098	3	184.1	0.7	0.7	0.3
150	39	133	2	33.6	0.7	0.7	0.1
150	40	242	1	57.3	0.7	0.7	0.2
150	41	331	1	57.3	0.8	0.8	0.4
150	42	600	3	119.1	0.7	0.7	0
150	43	441	2	85	0.8	0.8	0.1
150	44	1091	2	191.3	0.7	0.7	0.3
150	45	366	6	107.6	0.7	0.7	0.1
150	46	577	1	121.1	0.7	0.7	0.4
150	47	738	2	98.4	0.8	0.8	0.1
150	48	173	3	39.6	0.8	0.8	0.5
150	49	722	1	142.8	0.7	0.7	0.2
150	50	339	1	88.4	0.6	0.6	0.2
150	51	493	1	142.6	0.7	0.7	0.2
150	52	2459	3	279.3	0.7	0.7	0
150	53	2072	3	293.6	0.8	0.8	0.3
150	54	320	2	76	0.7	0.7	0.4
150	55	979	4	206.3	0.6	0.6	0.1
150	56	2711	4	514.7	0.6	0.6	0.2
150	57	293	3	75.7	0.7	0.7	0.2
150	58	1076	1	133.8	0.8	0.8	0.5
150	59	1185	3	168.2	0.8	0.8	0.2
150	60	287	1	54	0.8	0.8	0.4
150	61	140	3	34.5	0.7	0.7	0.3
150	62	282	2	39.8	0.8	0.8	0.2
150	63	444	1	54.5	0.7	0.7	0.3
150	64	1182	2	193.9	0.8	0.8	0.3
150	65	834	1	163.7	0.7	0.7	0.1
150	66	681	2	83.8	0.9	0.9	0.5
150	67	786	1	137.8	0.6	0.6	0.2
150	68	534	1	128.6	0.7	0.7	0.2
150	69	822	3	110.8	0.7	0.7	0.4
150	70	528	1	100.1	0.7	0.7	0.4
150	71	1583	1	291.7	0.7	0.7	0.2
150	72	790	3	159.2	0.6	0.6	0.3
150	73	293	3	75.8	0.6	0.6	0.3
150	74	711	5	93.5	0.6	0.6	0.2
150	75	940	1	174.1	0.5	0.5	0.2
150	76	1045	3	158.5	0.8	0.8	0.2
150	77	960	2	110.4	0.7	0.7	0.1
150	78	1936	2	383.9	0.7	0.7	0.3
150	79	754	3	170.3	0.6	0.6	0.2
150	80	482	3	113.2	0.5	0.5	0
150	81	885	3	168.1	0.5	0.5	0.1
150	82	378	1	89.4	0.7	0.7	0.2
150	83	786	1	120.6	0.7	0.7	0.2
150	84	806	1	174.4	0.7	0.7	0.2
150	85	1622	1	228.2	0.7	0.7	0.5
150	86	1436	1	197.4	0.6	0.6	0.4
150	87	353	1	62	0.7	0.7	0.4
150	88	611	1	135.4	0.7	0.7	0.2
150	89	340	3	84.9	0.7	0.7	0.3
150	90	354	1	50.3	0.7	0.7	0.5
150	91	647	7	144.3	0.5	0.5	0
150	92	1234	1	243.5	0.7	0.7	0.4
150	93	415	2	64	0.7	0.7	0.5
150	94	1467	3	230.5	0.7	0.7	0.4
150	95	211	4	58.3	0.7	0.7	0.1
150	96	312	1	62.8	0.8	0.8	0.3
150	97	765	3	179.2	0.6	0.6	0.5
150	98	382	10	79	0.7	0.7	0.1
150	99	1770	5	234.6	0.7	0.7	0
150	100	1606	1	389.6	0.6	0.6	0.3
150	101	2107	3	395.4	0.6	0.6	0.2
150	102	438	3	71	0.9	0.9	0.4
150	103	742	2	98.5	0.7	0.7	0.3
150	104	768	5	126.1	0.6	0.6	0.3
150	105	861	4	149.3	0.6	0.6	0.2
150	106	666	3	118.7	0.7	0.7	0.2
150	107	382	3	81.9	0.8	0.8	0.4
150	108	105	1	40.3	0.8	0.8	0.1
150	109	1081	7	145.7	0.6	0.6	0.2
150	110	786	2	142.3	0.7	0.7	0.3
150	111	2535	1	425.3	0.6	0.6	0.4
150	112	708	3	139.9	0.7	0.7	0.5
150	113	2106	1	385.7	0.7	0.7	0.6
150	114	1355	8	290.1	0.6	0.6	0.5
150	115	716	4	89.2	0.7	0.7	0.2
150	116	957	3	127.7	0.8	0.8	0.5
150	117	1759	1	215.9	0.4	0.4	0.2
150	118	1644	7	319.5	0.6	0.6	0.2
150	119	1829	7	419.2	0.7	0.7	0.3
150	120	673	2	177.5	0.6	0.6	0.2
150	121	399	5	94.3	0.7	0.7	0.4
150	122	1165	1	259.1	0.7	0.7	0.4
150	123	1209	1	216.3	0.7	0.7	0.4
150	124	1159	2	181.4	0.7	0.7	0.6
150	125	404	5	68.5	0.7	0.7	0.3
150	126	1704	2	251.5	0.7	0.7	0.2
150	127	265	1	47.1	0.8	0.8	0.6
150	128	1226	8	270.4	0.6	0.6	0.2
150	129	682	1	147.4	0.7	0.7	0.3
150	130	1188	1	138.2	0.7	0.7	0.3
150	131	401	2	91.9	0.8	0.8	0.5
150	132	1276	1	259.7	0.6	0.6	0.3
150	133	1313	1	219.1	0.5	0.5	0.4
150	134	967	1	146.6	0.8	0.8	0.3
150	135	252	4	50	0.8	0.8	0.5
150	136	450	1	74.8	0.8	0.8	0.6
150	137	699	2	166.3	0.6	0.6	0.4
150	138	245	1	46.3	0.8	0.8	0.6
150	139	1400	2	249.9	0.7	0.7	0.4
150	140	819	1	188.3	0.6	0.6	0.3
150	141	368	5	60.5	0.7	0.7	0.2
150	142	262	2	47.4	0.8	0.8	0.5
150	143	755	2	198.6	0.7	0.7	0.5
150	144	1281	3	166.9	0.6	0.6	0.4
150	145	704	3	97.1	0.8	0.8	0.2
150	146	1673	5	325.8	0.7	0.7	0.2
150	147	745	3	108.8	0.6	0.6	0.3
150	148	907	5	115.9	0.6	0.6	0.3
150	149	679	3	108.8	0.6	0.6	0.1
150	150	102	4	30.5	0.8	0.8	0.5
160	1	523	1	113.2	0.8	0.8	0
160	2	861	1	115.1	0.8	0.8	0
160	3	416	1	52.5	0.8	0.8	0
160	4	563	1	144.2	0.6	0.6	0
160	5	1472	1	169.8	0.7	0.7	0
160	6	567	1	82.5	0.8	0.8	0
160	7	263	1	35.4	0.9	0.9	0
160	8	290	1	59.4	0.8	0.8	0.1
160	9	296	1	49.9	0.8	0.8	0.2
160	10	356	1	64.9	0.7	0.7	0
160	11	492	2	96.5	0.8	0.8	0
160	12	573	1	87.1	0.6	0.6	0
160	13	463	2	69.7	0.8	0.8	0
160	14	309	1	44.1	0.8	0.8	0
160	15	282	1	62.9	0.8	0.8	0
160	16	691	1	100.4	0.7	0.7	0.1
160	17	102	2	16.5	0.8	0.8	0.1
160	18	508	2	123.3	0.7	0.7	0
160	19	98	2	19.9	0.9	0.9	0.1
160	20	195	2	42.5	0.8	0.8	0.1
160	21	649	2	136.5	0.8	0.8	0.2
160	22	290	1	49.2	0.8	0.8	0.3
160	23	1214	1	198.7	0.7	0.7	0.1
160	24	748	2	167	0.7	0.7	0.2
160	25	944	5	212.3	0.7	0.7	0.1
160	26	655	1	76.9	0.8	0.8	0.2
160	27	485	1	68.5	0.7	0.7	0
160	28	147	2	31.7	0.8	0.8	0.1
160	29	436	2	70.9	0.8	0.8	0.2
160	30	1992	2	209.9	0.8	0.8	0.2
160	31	780	2	109.8	0.7	0.7	0.3
160	32	582	1	91.4	0.8	0.8	0.1
160	33	738	3	151.3	0.8	0.8	0
160	34	193	4	46.5	0.8	0.8	0.2
160	35	607	1	86	0.6	0.6	0.2
160	36	1134	3	216.8	0.6	0.6	0.3
160	37	285	2	41.4	0.7	0.7	0.2
160	38	451	2	91.6	0.7	0.7	0.2
160	39	502	3	104.5	0.8	0.8	0.1
160	40	636	2	88	0.7	0.7	0.2
160	41	1216	4	210.1	0.6	0.6	0.2
160	42	667	4	78.3	0.9	0.9	0.2
160	43	1402	1	217.4	0.6	0.6	0.2
160	44	1366	2	181	0.8	0.8	0.2
160	45	417	3	56.9	0.7	0.7	0.2
160	46	442	2	91.2	0.8	0.8	0.3
160	47	366	3	63.6	0.6	0.6	0.1
160	48	1176	5	276	0.7	0.7	0.2
160	49	861	4	126.7	0.8	0.8	0.3
160	50	231	4	37.2	0.9	0.9	0.4
160	51	469	1	57.4	0.9	0.9	0.6
160	52	130	1	31	0.8	0.8	0.3
160	53	652	1	96.5	0.8	0.8	0.2
160	54	391	6	76.1	0.7	0.7	0.2
160	55	1360	4	384.1	0.6	0.6	0.1
160	56	1199	2	200.7	0.6	0.6	0.2
160	57	460	3	88	0.6	0.6	0.3
160	58	938	2	176.7	0.8	0.8	0.3
160	59	1088	3	216.4	0.3	0.3	0.2
160	60	108	3	35.7	0.7	0.7	0.2
160	61	2344	3	371.9	0.5	0.5	0.1
160	62	355	1	71.9	0.7	0.7	0.1
160	63	562	5	104.6	0.7	0.7	0.3
160	64	374	5	62.6	0.7	0.7	0.4
160	65	588	1	81.7	0.7	0.7	0
160	66	1361	1	261.8	0.7	0.7	0.3
160	67	873	4	143.3	0.6	0.6	0.4
160	68	2492	2	271.6	0.8	0.8	0.3
160	69	644	1	151.9	0.6	0.6	0.1
160	70	1560	1	187.7	0.7	0.7	0.3
160	71	929	4	160.6	0.6	0.6	0.1
160	72	833	2	180	0.7	0.7	0.2
160	73	701	1	87.8	0.8	0.8	0.2
160	74	284	2	82.7	0.6	0.6	0.1
160	75	1046	3	161.1	0.7	0.7	0.2
160	76	1787	4	275.7	0.6	0.6	0.2
160	77	828	1	227.9	0.7	0.7	0.3
160	78	494	2	101.5	0.7	0.7	0.3
160	79	557	4	85.9	0.6	0.6	0.2
160	80	320	1	73.7	0.7	0.7	0.4
160	81	822	2	207.5	0.7	0.7	0.4
160	82	856	3	182.9	0.5	0.5	0.4
160	83	793	3	135.7	0.8	0.8	0.3
160	84	835	2	173.1	0.6	0.6	0.3
160	85	1059	4	274.9	0.5	0.5	0.2
160	86	698	4	106.3	0.7	0.7	0.2
160	87	1013	5	155.9	0.7	0.7	0.2
160	88	768	1	182.6	0.6	0.6	0.5
160	89	951	1	110.6	0.8	0.8	0.3
160	90	1361	5	210.5	0.5	0.5	0.1
160	91	992	3	174.6	0.7	0.7	0.5
160	92	884	1	105.5	0.6	0.6	0.1
160	93	664	6	107.2	0.7	0.7	0.4
160	94	1185	1	222.4	0.6	0.6	0.4
160	95	913	3	178.7	0.5	0.5	0.1
160	96	1023	8	227.6	0.6	0.6	0.1
160	97	131	3	34.4	0.8	0.8	0.5
160	98	317	1	79.7	0.7	0.7	0.5
160	99	550	1	93.8	0.6	0.6	0.2
160	100	290	2	60	0.7	0.7	0.3
160	101	1784	4	319.4	0.6	0.6	0.2
160	102	272	1	56.9	0.8	0.8	0.5
160	103	1733	1	212.1	0.7	0.7	0.3
160	104	1703	6	317.9	0.7	0.7	0.2
160	105	3241	1	636.6	0.6	0.6	0.4
160	106	874	1	205.8	0.6	0.6	0.2
160	107	2228	4	329.6	0.7	0.7	0.1
160	108	2106	4	356.3	0.6	0.6	0.2
160	109	1453	5	313.7	0.6	0.6	0.2
160	110	263	2	62.7	0.8	0.8	0.4
160	111	409	3	52.5	0.9	0.9	0.5
160	112	278	1	91.3	0.7	0.7	0.1
160	113	311	3	83.5	0.6	0.6	0.4
160	114	1131	1	209.4	0.6	0.6	0.4
160	115	869	1	178	0.4	0.4	0.2
160	116	987	5	188	0.6	0.6	0.3
160	117	1152	3	176.6	0.6	0.6	0.2
160	118	1731	9	252.8	0.6	0.6	0.3
160	119	2604	4	432.2	0.6	0.6	0.3
160	120	1551	6	184.6	0.8	0.8	0.3
160	121	1379	1	172	0.8	0.8	0.3
160	122	680	9	124.9	0.6	0.6	0.2
160	123	418	3	137.3	0.5	0.5	0.1
160	124	822	1	223.6	0.5	0.5	0.2
160	125	1355	5	321.7	0.7	0.7	0.3
160	126	456	2	102.9	0.7	0.7	0.3
160	127	847	1	125.2	0.8	0.8	0.6
160	128	1817	1	272.4	0.7	0.7	0.6
160	129	258	3	60.2	0.6	0.6	0.3
160	130	737	5	141.3	0.6	0.6	0.2
160	131	422	3	100.2	0.7	0.7	0.3
160	132	625	1	172	0.5	0.5	0.2
160	133	195	2	49.8	0.6	0.6	0.2
160	134	383	3	91.1	0.7	0.7	0.4
160	135	1662	8	252.9	0.7	0.7	0.5
160	136	834	4	251.5	0.5	0.5	0.3
160	137	537	4	83.8	0.7	0.7	0.4
160	138	309	2	73.6	0.7	0.7	0.2
160	139	1060	1	136.7	0.7	0.7	0.6
160	140	1093	1	167.7	0.7	0.7	0.2
160	141	1173	6	220.9	0.6	0.6	0.1
160	142	2992	6	413.4	0.5	0.5	0.2
160	143	1045	1	165.2	0.6	0.6	0.3
160	144	675	1	186.2	0.6	0.6	0.6
160	145	189	2	37.7	0.8	0.8	0.5
160	146	725	2	136.5	0.8	0.8	0.6
160	147	2067	4	363.5	0.7	0.7	0.4
160	148	2510	1	440.7	0.5	0.5	0.3
160	149	550	7	106.4	0.7	0.7	0.3
160	150	1642	2	246.7	0.7	0.7	0.5
160	151	293	9	71.2	0.7	0.7	0.3
160	152	1238	2	170.4	0.7	0.7	0.6
160	153	303	1	74	0.8	0.8	0.4
160	154	2255	6	257.6	0.7	0.7	0.3
160	155	912	2	147.4	0.6	0.6	0.5
160	156	1554	1	231.5	0.6	0.6	0.5
160	157	983	8	249.3	0.6	0.6	0.5
160	158	338	4	70.4	0.7	0.7	0.3
160	159	1077	4	168	0.7	0.7	0.4
160	160	798	5	214.1	0.6	0.6	0.3
170	1	404	1	46.8	0.9	0.9	0
170	2	665	1	69	0.8	0.8	0
170	3	205	1	31.7	0.7	0.7	0
170	4	388	1	68.4	0.8	0.8	0
170	5	116	1	21.5	0.9	0.9	0
170	6	520	1	66.4	0.8	0.8	0
170	7	725	1	126.2	0.7	0.7	0
170	8	777	1	108.1	0.6	0.6	0
170	9	702	1	86.7	0.8	0.8	0.1
170	10	1200	1	149.9	0.8	0.8	0
170	11	77	1	11.6	0.9	0.9	0.3
170	12	339	1	45.3	0.8	0.8	0
170	13	1038	1	142.9	0.8	0.8	0.2
170	14	1052	2	164.7	0.7	0.7	0.2
170	15	696	1	147.2	0.7	0.7	0.1
170	16	1027	2	136.8	0.8	0.8	0.1
170	17	1010	1	115.7	0.8	0.8	0.2
170	18	1567	2	167.8	0.8	0.8	0.2
170	19	858	2	113.4	0.6	0.6	0.2
170	20	199	1	33.9	0.8	0.8	0.2
170	21	412	1	56.9	0.8	0.8	0.2
170	22	1216	2	149.6	0.8	0.8	0
170	23	316	1	58.5	0.8	0.8	0.3
170	24	624	3	118.9	0.7	0.7	0
170	25	1078	2	115.9	0.9	0.9	0.2
170	26	283	1	55.7	0.8	0.8	0.1
170	27	1130	1	149	0.8	0.8	0.4
170	28	415	1	131.3	0.7	0.7	0.3
170	29	1842	1	258	0.6	0.6	0.1
170	30	266	3	46.5	0.8	0.8	0.2
170	31	620	1	84.2	0.8	0.8	0.3
170	32	779	3	85.8	0.8	0.8	0.1
170	33	674	1	109	0.8	0.8	0.5
170	34	139	2	23.2	0.9	0.9	0.2
170	35	301	1	52.1	0.6	0.6	0.3
170	36	809	3	179.8	0.7	0.7	0.1
170	37	1755	1	353.2	0.7	0.7	0.3
170	38	371	2	75.7	0.8	0.8	0.2
170	39	1560	3	186.7	0.7	0.7	0.1
170	40	615	1	84.6	0.8	0.8	0.3
170	41	1158	1	159.2	0.7	0.7	0.1
170	42	829	2	228	0.7	0.7	0.3
170	43	296	1	59.8	0.8	0.8	0.3
170	44	209	4	44.1	0.7	0.7	0.1
170	45	846	5	127.1	0.7	0.7	0
170	46	1307	2	210.3	0.8	0.8	0.5
170	47	277	7	55.8	0.7	0.7	0.3
170	48	85	1	30.2	0.7	0.7	0.3
170	49	284	2	65.4	0.7	0.7	0.2
170	50	635	2	175.8	0.7	0.7	0.1
170	51	1364	1	169.5	0.7	0.7	0.3
170	52	173	2	46.7	0.8	0.8	0.1
170	53	448	2	100	0.7	0.7	0.2
170	54	153	1	44.7	0.7	0.7	0.2
170	55	2309	5	335.8	0.7	0.7	0.4
170	56	1317	4	221.3	0.5	0.5	0.1
170	57	818	5	229	0.7	0.7	0.2
170	58	732	3	130.8	0.8	0.8	0.1
170	59	797	2	93.1	0.8	0.8	0.3
170	60	352	1	59.6	0.8	0.8	0.3
170	61	850	3	156.6	0.6	0.6	0.1
170	62	638	1	88.9	0.7	0.7	0.4
170	63	2670	2	310.6	0.7	0.7	0.5
170	64	750	2	145	0.8	0.8	0.4
170	65	246	3	39.5	0.9	0.9	0.4
170	66	243	5	57	0.8	0.8	0.3
170	67	323	3	98.3	0.7	0.7	0.4
170	68	576	1	96.6	0.6	0.6	0.2
170	69	546	1	150.7	0.7	0.7	0.3
170	70	367	4	49.8	0.9	0.9	0.3
170	71	784	2	105	0.7	0.7	0.2
170	72	612	2	109.2	0.7	0.7	0.1
170	73	562	3	80.3	0.8	0.8	0.4
170	74	366	2	87.9	0.7	0.7	0.1
170	75	1104	4	250.2	0.5	0.5	0.3
170	76	605	5	87	0.7	0.7	0.2
170	77	1389	3	213.3	0.6	0.6	0.2
170	78	1982	1	387.3	0.6	0.6	0.3
170	79	674	5	107.5	0.7	0.7	0.2
170	80	1194	3	281.4	0.7	0.7	0.2
170	81	1224	7	152	0.7	0.7	0.1
170	82	633	6	85.6	0.7	0.7	0.4
170	83	1208	1	194.1	0.7	0.7	0.3
170	84	326	1	50.7	0.8	0.8	0.5
170	85	1037	2	158.4	0.7	0.7	0.2
170	86	852	4	149	0.7	0.7	0.3
170	87	637	5	88.9	0.8	0.8	0.4
170	88	701	1	106.5	0.6	0.6	0.2
170	89	941	1	192	0.7	0.7	0.4
170	90	1314	5	320.6	0.5	0.5	0.3
170	91	520	3	118.7	0.6	0.6	0.2
170	92	1337	1	217.9	0.6	0.6	0.2
170	93	192	3	56.5	0.7	0.7	0.2
170	94	630	6	114.7	0.6	0.6	0.3
170	95	706	1	100.6	0.7	0.7	0.3
170	96	727	1	151.3	0.6	0.6	0.3
170	97	1046	1	190.2	0.7	0.7	0.3
170	98	1362	2	233.7	0.7	0.7	0.3
170	99	405	4	66.4	0.7	0.7	0.3
170	100	458	1	72.4	0.7	0.7	0.2
170	101	985	1	133.1	0.7	0.7	0.4
170	102	1648	1	398	0.6	0.6	0.3
170	103	512	2	109	0.7	0.7	0.5
170	104	1104	1	206.6	0.7	0.7	0.4
170	105	1025	5	183.1	0.7	0.7	0.4
170	106	129	2	30.5	0.8	0.8	0.5
170	107	1008	5	145.9	0.6	0.6	0.3
170	108	525	3	123.3	0.7	0.7	0.4
170	109	1590	2	298.2	0.7	0.7	0.6
170	110	463	4	64.8	0.8	0.8	0.2
170	111	508	1	92.8	0.8	0.8	0.5
170	112	2494	1	305.8	0.7	0.7	0.3
170	113	296	2	77.9	0.7	0.7	0.3
170	114	1074	8	185	0.5	0.5	0
170	115	868	1	187.4	0.7	0.7	0.3
170	116	1004	3	147.1	0.6	0.6	0.3
170	117	1398	3	287.5	0.7	0.7	0.4
170	118	816	3	97.5	0.8	0.8	0.4
170	119	679	3	195.9	0.6	0.6	0.3
170	120	1325	1	227.6	0.7	0.7	0.5
170	121	2046	1	277.2	0.7	0.7	0.4
170	122	599	3	114.6	0.7	0.7	0.3
170	123	1185	4	186.9	0.7	0.7	0.3
170	124	801	2	119.9	0.8	0.8	0.6
170	125	337	3	61.2	0.8	0.8	0.5
170	126	1586	2	218.7	0.6	0.6	0.4
170	127	778	2	129	0.7	0.7	0.4
170	128	1113	5	180.4	0.7	0.7	0.3
170	129	1036	7	131.4	0.8	0.8	0.1
170	130	177	1	48.3	0.6	0.6	0.3
170	131	690	1	109.1	0.7	0.7	0.4
170	132	1035	5	210.1	0.7	0.7	0.2
170	133	885	7	188.5	0.6	0.6	0.2
170	134	1261	6	271.4	0.6	0.6	0.3
170	135	92	4	31.4	0.7	0.7	0.4
170	136	791	1	120.5	0.7	0.7	0.2
170	137	3227	3	368.6	0.7	0.7	0.4
170	138	1654	5	275.7	0.6	0.6	0.2
170	139	2471	5	281.8	0.7	0.7	0.4
170	140	497	9	78	0.7	0.7	0.3
170	141	441	4	83.9	0.7	0.7	0.5
170	142	674	3	118.6	0.6	0.6	0.2
170	143	565	2	116.9	0.7	0.7	0.5
170	144	1361	7	206.1	0.6	0.6	0.2
170	145	210	1	51	0.7	0.7	0.4
170	146	559	2	94.6	0.7	0.7	0.3
170	147	1437	4	170.4	0.8	0.8	0.4
170	148	468	1	93.2	0.8	0.8	0.4
170	149	552	3	103.9	0.6	0.6	0.2
170	150	718	4	168.1	0.6	0.6	0.1
170	151	293	4	100.8	0.7	0.7	0.4
170	152	908	1	202.4	0.5	0.5	0.2
170	153	796	4	164.9	0.7	0.7	0.4
170	154	546	1	137.6	0.7	0.7	0.4
170	155	521	2	110.1	0.7	0.7	0.5
170	156	1088	2	180.7	0.8	0.8	0.4
170	157	2713	8	560.5	0.6	0.6	0.2
170	158	876	5	139.2	0.7	0.7	0.3
170	159	342	2	50.2	0.7	0.7	0.4
170	160	441	3	96	0.7	0.7	0.3
170	161	781	1	224.1	0.6	0.6	0.4
170	162	586	4	150	0.5	0.5	0.3
170	163	625	1	172.4	0.5	0.5	0.2
170	164	1651	2	197.3	0.6	0.6	0.4
170	165	2611	4	328.8	0.7	0.7	0.5
170	166	674	2	116.1	0.6	0.6	0.1
170	167	623	3	134.3	0.6	0.6	0.5
170	168	523	3	69.1	0.7	0.7	0.4
170	169	631	1	125.5	0.7	0.7	0.6
170	170	182	4	53.2	0.7	0.7	0.6
180	1	1311	1	185.4	0.7	0.7	0
180	2	817	1	89.4	0.9	0.9	0
180	3	852	1	117.5	0.8	0.8	0.1
180	4	401	1	47.1	0.9	0.9	0
180	5	443	1	83.1	0.8	0.8	0
180	6	819	1	104.4	0.8	0.8	0
180	7	59	1	11.5	0.8	0.8	0
180	8	190	1	34.4	0.8	0.8	0.1
180	9	1320	2	141	0.8	0.8	0
180	10	151	1	26.4	0.8	0.8	0.1
180	11	477	1	60.7	0.9	0.9	0.1
180	12	398	2	77.1	0.8	0.8	0
180	13	495	2	99.5	0.8	0.8	0
180	14	941	2	108.8	0.8	0.8	0
180	15	837	1	155.7	0.7	0.7	0.1
180	16	581	2	75	0.8	0.8	0
180	17	605	1	82.7	0.7	0.7	0.1
180	18	1095	1	292.5	0.7	0.7	0.2
180	19	1066	5	154.8	0.6	0.6	0.2
180	20	1007	1	168.4	0.5	0.5	0.2
180	21	275	2	43.3	0.8	0.8	0.2
180	22	1790	1	351.6	0.6	0.6	0.1
180	23	1702	2	230	0.8	0.8	0.1
180	24	266	2	44.4	0.8	0.8	0
180	25	879	2	264.5	0.7	0.7	0.2
180	26	481	2	58	0.8	0.8	0
180	27	1240	1	134.6	0.8	0.8	0.1
180	28	144	1	36.3	0.8	0.8	0.1
180	29	1338	1	248.1	0.7	0.7	0.1
180	30	864	2	165.2	0.7	0.7	0.2
180	31	547	1	108.7	0.8	0.8	0.2
180	32	1706	2	199.3	0.8	0.8	0.3
180	33	707	2	145.2	0.6	0.6	0.1
180	34	248	3	49.8	0.8	0.8	0.1
180	35	717	4	85.6	0.8	0.8	0
180	36	2311	2	334.3	0.8	0.8	0.4
180	37	627	2	128.8	0.7	0.7	0.4
180	38	1793	4	234	0.7	0.7	0.2
180	39	789	1	141.7	0.7	0.7	0.2
180	40	1259	3	210.9	0.7	0.7	0.2
180	41	514	5	110.5	0.8	0.8	0.1
180	42	843	2	105.2	0.7	0.7	0.2
180	43	629	6	96.9	0.8	0.8	0.1
180	44	547	3	102.7	0.7	0.7	0.1
180	45	452	5	104.6	0.7	0.7	0.1
180	46	493	3	101.3	0.6	0.6	0.1
180	47	673	1	111.5	0.7	0.7	0.2
180	48	1883	1	292.3	0.7	0.7	0.2
180	49	1135	3	261.2	0.7	0.7	0.1
180	50	835	3	165.5	0.8	0.8	0.2
180	51	344	4	83.7	0.6	0.6	0.3
180	52	205	4	39.8	0.8	0.8	0.3
180	53	275	1	39.3	0.9	0.9	0.6
180	54	348	1	70.8	0.7	0.7	0.1
180	55	321	3	56.8	0.8	0.8	0.3
180	56	1549	1	222	0.8	0.8	0.2
180	57	587	1	124.7	0.7	0.7	0.2
180	58	927	3	135.5	0.8	0.8	0.2
180	59	1231	2	231.3	0.7	0.7	0.3
180	60	1749	2	242.8	0.7	0.7	0.5
180	61	1545	1	171.4	0.7	0.7	0.1
180	62	172	1	33.7	0.8	0.8	0.5
180	63	1015	4	146.4	0.7	0.7	0.2
180	64	1545	1	242.7	0.7	0.7	0.4
180	65	323	2	72.3	0.7	0.7	0.2
180	66	834	4	129.7	0.6	0.6	0
180	67	547	1	110.7	0.8	0.8	0.5
180	68	1432	2	244.9	0.6	0.6	0.3
180	69	192	2	52.2	0.8	0.8	0.2
180	70	417	2	65.5	0.7	0.7	0.3
180	71	2457	4	422.7	0.6	0.6	0.1
180	72	565	4	72.6	0.8	0.8	0.2
180	73	907	1	199.9	0.4	0.4	0.2
180	74	496	2	97	0.7	0.7	0.4
180	75	709	3	127.6	0.7	0.7	0.2
180	76	440	5	74.6	0.8	0.8	0.5
180	77	1773	5	244.9	0.6	0.6	0.3
180	78	307	1	65.4	0.7	0.7	0.3
180	79	1441	3	219.5	0.7	0.7	0.4
180	80	326	4	60.5	0.7	0.7	0.4
180	81	1047	6	250	0.6	0.6	0
180	82	595	2	141.6	0.7	0.7	0.1
180	83	1434	4	236.8	0.7	0.7	0.3
180	84	585	2	85.7	0.6	0.6	0.6
180	85	496	2	104.2	0.8	0.8	0.3
180	86	1413	4	197.4	0.7	0.7	0.2
180	87	1698	3	205.4	0.7	0.7	0.4
180	88	262	4	79.6	0.6	0.6	0.1
180	89	1715	1	237.6	0.5	0.5	0.2
180	90	397	4	71.5	0.8	0.8	0.5
180	91	325	1	71.8	0.7	0.7	0.3
180	92	205	4	38.9	0.7	0.7	0.2
180	93	111	3	26.2	0.8	0.8	0.2
180	94	111	1	24.2	0.9	0.9	0.4
180	95	660	4	98	0.7	0.7	0.4
180	96	670	5	199.2	0.5	0.5	0.3
180	97	307	1	51.7	0.8	0.8	0.4
180	98	708	3	164.1	0.7	0.7	0.1
180	99	576	4	92.9	0.8	0.8	0.3
180	100	393	2	116.2	0.6	0.6	0.2
180	101	525	1	128.7	0.6	0.6	0.3
180	102	1023	1	144.5	0.7	0.7	0.7
180	103	234	2	51.9	0.7	0.7	0.4
180	104	1336	2	190.8	0.8	0.8	0.6
180	105	1874	7	378.3	0.6	0.6	0.2
180	106	788	4	170.6	0.7	0.7	0.4
180	107	929	4	139.6	0.7	0.7	0.5
180	108	1479	2	200	0.8	0.8	0.5
180	109	1083	4	205.2	0.6	0.6	0.3
180	110	1057	10	236.2	0.6	0.6	0.2
180	111	899	3	114	0.8	0.8	0.2
180	112	1293	1	153.6	0.7	0.7	0.2
180	113	368	9	84.7	0.6	0.6	0.2
180	114	1041	2	186.6	0.6	0.6	0.4
180	115	505	2	81.4	0.7	0.7	0.4
180	116	943	2	207.4	0.7	0.7	0.4
180	117	1386	2	162.5	0.8	0.8	0.4
180	118	925	1	190.3	0.7	0.7	0.5
180	119	620	2	103.5	0.6	0.6	0.3
180	120	731	6	141.1	0.6	0.6	0.5
180	121	2095	4	345	0.6	0.6	0.1
180	122	267	1	41.8	0.8	0.8	0.3
180	123	772	3	153.7	0.7	0.7	0.5
180	124	1021	4	217.3	0.6	0.6	0.2
180	125	1973	5	455.9	0.6	0.6	0.2
180	126	466	5	104.4	0.6	0.6	0
180	127	1728	1	202.5	0.8	0.8	0.3
180	128	1183	4	181.3	0.7	0.7	0.2
180	129	887	2	204.8	0.6	0.6	0.4
180	130	717	2	142.9	0.5	0.5	0.3
180	131	735	3	140.2	0.7	0.7	0.6
180	132	1630	4	221.9	0.5	0.5	0.3
180	133	615	2	92.6	0.6	0.6	0.3
180	134	419	1	63.1	0.8	0.8	0.4
180	135	1586	1	339.8	0.7	0.7	0.4
180	136	486	3	149.1	0.7	0.7	0.3
180	137	571	4	145.4	0.7	0.7	0.2
180	138	577	3	169.1	0.5	0.5	0.2
180	139	1204	3	281	0.7	0.7	0.3
180	140	1418	1	190.4	0.7	0.7	0.4
180	141	1258	2	175	0.8	0.8	0.5
180	142	1275	2	248.1	0.7	0.7	0.2
180	143	1013	8	140.4	0.8	0.8	0.5
180	144	533	2	81.7	0.6	0.6	0.4
180	145	1140	1	215.8	0.7	0.7	0.3
180	146	568	3	117.8	0.8	0.8	0.4
180	147	835	1	142.7	0.7	0.7	0.5
180	148	1349	1	236.6	0.6	0.6	0.2
180	149	1014	4	174.9	0.8	0.8	0.5
180	150	1275	2	198.1	0.8	0.8	0.3
180	151	1125	3	183.5	0.6	0.6	0.3
180	152	412	4	82.3	0.7	0.7	0.3
180	153	333	7	78.9	0.7	0.7	0.5
180	154	984	1	254.5	0.7	0.7	0.4
180	155	1193	2	197.4	0.6	0.6	0.6
180	156	828	1	96	0.8	0.8	0.4
180	157	872	1	114.4	0.8	0.8	0.4
180	158	1217	4	177.5	0.6	0.6	0.2
180	159	1314	3	359.6	0.6	0.6	0.3
180	160	2539	4	282.8	0.7	0.7	0.3
180	161	603	7	116	0.7	0.7	0.4
180	162	753	10	138.6	0.6	0.6	0.1
180	163	1088	2	158.3	0.7	0.7	0.4
180	164	705	3	170	0.6	0.6	0.4
180	165	326	4	82	0.8	0.8	0.4
180	166	852	3	171.8	0.7	0.7	0.4
180	167	1176	8	360.4	0.6	0.6	0.2
180	168	348	3	59.6	0.9	0.9	0.4
180	169	245	1	64.7	0.7	0.7	0.4
180	170	1895	2	242.3	0.7	0.7	0.4
180	171	67	1	20.3	0.7	0.7	0.4
180	172	1037	1	218.4	0.7	0.7	0.3
180	173	724	1	104.5	0.8	0.8	0.6
180	174	213	1	59	0.7	0.7	0.5
180	175	261	1	74.9	0.7	0.7	0.5
180	176	936	7	157.6	0.6	0.6	0.2
180	177	1703	2	300.7	0.7	0.7	0.6
180	178	988	7	196.5	0.7	0.7	0.2
180	179	2257	3	259.2	0.6	0.6	0.5
180	180	563	2	84.1	0.7	0.7	0.7
190	1	2712	1	337.8	0.8	0.8	0
190	2	1252	1	138.7	0.7	0.7	0
190	3	686	1	85.6	0.8	0.8	0
190	4	473	1	99.4	0.8	0.8	0
190	5	170	1	28	0.9	0.9	0.1
190	6	740	1	102.9	0.8	0.8	0
190	7	300	1	47.7	0.8	0.8	0
190	8	232	1	31.1	0.8	0.8	0
190	9	630	1	94.8	0.7	0.7	0
190	10	150	1	31.8	0.8	0.8	0.1
190	11	329	1	51.4	0.8	0.8	0.2
190	12	496	2	67.3	0.7	0.7	0
190	13	243	2	32.7	0.8	0.8	0
190	14	1049	2	129.8	0.7	0.7	0.2
190	15	440	1	52.7	0.9	0.9	0
190	16	571	3	68.7	0.9	0.9	0.2
190	17	407	2	91.8	0.7	0.7	0.2
190	18	536	2	89.1	0.8	0.8	0
190	19	333	2	78	0.8	0.8	0.1
190	20	2196	3	279.8	0.7	0.7	0
190	21	2026	2	226.1	0.8	0.8	0.1
190	22	226	3	41.9	0.7	0.7	0.1
190	23	1480	2	167.6	0.6	0.6	0
190	24	2078	2	232.1	0.8	0.8	0.1
190	25	843	1	108.7	0.8	0.8	0.1
190	26	780	3	92.5	0.8	0.8	0.1
190	27	99	2	22.4	0.9	0.9	0
190	28	762	2	179.1	0.7	0.7	0.3
190	29	872	1	102.2	0.8	0.8	0.2
190	30	364	3	63.7	0.8	0.8	0.1
190	31	342	1	47.8	0.7	0.7	0.1
190	32	890	1	154.7	0.6	0.6	0.3
190	33	1287	2	258.4	0.7	0.7	0.1
190	34	432	1	130.6	0.7	0.7	0.2
190	35	476	3	72.9	0.8	0.8	0.5
190	36	1568	1	193.6	0.8	0.8	0.2
190	37	1069	3	220.2	0.8	0.8	0.3
190	38	76	2	21.3	0.8	0.8	0.2
190	39	565	2	98.8	0.8	0.8	0.2
190	40	316	2	70.1	0.7	0.7	0.3
190	41	326	1	57	0.7	0.7	0.3
190	42	683	4	138.6	0.7	0.7	0
190	43	1629	2	265	0.8	0.8	0.5
190	44	1087	3	167.1	0.7	0.7	0.2
190	45	404	3	66.8	0.8	0.8	0.3
190	46	476	1	109	0.6	0.6	0.2
190	47	2327	2	289.9	0.8	0.8	0.2
190	48	1808	4	278.5	0.7	0.7	0.1
190	49	292	2	47.2	0.7	0.7	0.4
190	50	215	4	38.5	0.8	0.8	0.4
190	51	1775	3	279.5	0.7	0.7	0.2
190	52	1637	5	208.6	0.5	0.5	0.1
190	53	1051	3	126.8	0.8	0.8	0.2
190	54	3777	1	466.9	0.8	0.8	0.2
190	55	663	3	95.6	0.8	0.8	0.1
190	56	2302	5	341	0.6	0.6	0.1
190	57	2587	4	568	0.6	0.6	0.1
190	58	345	3	54.9	0.7	0.7	0.4
190	59	1146	4	163.1	0.7	0.7	0.3
190	60	551	3	138.9	0.6	0.6	0.2
190	61	1161	3	145.4	0.7	0.7	0.2
190	62	633	5	123.2	0.6	0.6	0.3
190	63	1039	2	223.6	0.7	0.7	0.4
190	64	484	4	78.6	0.7	0.7	0.1
190	65	693	3	168	0.7	0.7	0.2
190	66	1214	3	192.2	0.7	0.7	0.2
190	67	1709	2	215.6	0.6	0.6	0.2
190	68	448	6	70.5	0.8	0.8	0.2
190	69	850	3	106.2	0.8	0.8	0.1
190	70	1098	1	208.8	0.7	0.7	0.3
190	71	698	5	159.7	0.7	0.7	0.3
190	72	599	4	121.6	0.7	0.7	0.1
190	73	1055	1	131.1	0.7	0.7	0.4
190	74	495	1	61.6	0.8	0.8	0.3
190	75	1332	5	178.7	0.7	0.7	0.3
190	76	1831	2	326.7	0.6	0.6	0.5
190	77	1261	1	148.3	0.7	0.7	0.3
190	78	448	2	75.1	0.8	0.8	0.3
190	79	662	5	117.3	0.6	0.6	0.1
190	80	337	1	72.9	0.7	0.7	0.3
190	81	439	4	79.6	0.8	0.8	0.4
190	82	1311	3	253	0.8	0.8	0.4
190	83	194	1	47.8	0.7	0.7	0.4
190	84	1502	2	224.4	0.7	0.7	0.5
190	85	43	1	13.1	0.7	0.7	0.2
190	86	200	3	40.4	0.7	0.7	0.2
190	87	432	2	60.4	0.8	0.8	0.3
190	88	224	1	45.4	0.8	0.8	0.3
190	89	523	5	143.7	0.6	0.6	0.3
190	90	451	1	99.4	0.5	0.5	0.2
190	91	494	4	111.9	0.7	0.7	0.5
190	92	1333	2	161.8	0.8	0.8	0.2
190	93	782	3	192.1	0.7	0.7	0.3
190	94	784	2	208.7	0.6	0.6	0.3
190	95	1246	1	309.2	0.6	0.6	0.4
190	96	233	4	67.7	0.8	0.8	0.5
190	97	821	2	136.1	0.6	0.6	0.3
190	98	2715	3	461.3	0.6	0.6	0.2
190	99	276	3	42.5	0.7	0.7	0.2
190	100	185	7	51.9	0.7	0.7	0.2
190	101	567	9	139.2	0.7	0.7	0.1
190	102	406	2	68.4	0.8	0.8	0.5
190	103	1357	1	198.7	0.7	0.7	0.6
190	104	1016	1	158.3	0.8	0.8	0.4
190	105	316	5	68.7	0.7	0.7	0.5
190	106	398	6	98.9	0.6	0.6	0.4
190	107	776	2	122.7	0.7	0.7	0.5
190	108	256	4	74.1	0.7	0.7	0.2
190	109	273	1	44.6	0.9	0.9	0.6
190	110	973	3	216.1	0.7	0.7	0.4
190	111	500	4	107.7	0.7	0.7	0.2
190	112	807	1	132.6	0.7	0.7	0.3
190	113	1607	4	217.3	0.7	0.7	0
190	114	619	4	105.7	0.8	0.8	0.5
190	115	1364	2	286.5	0.6	0.6	0.3
190	116	1250	1	294.2	0.5	0.5	0.1
190	117	1359	1	249.4	0.6	0.6	0.3
190	118	285	2	69.7	0.7	0.7	0.3
190	119	158	1	49.8	0.6	0.6	0.3
190	120	1548	1	353.2	0.7	0.7	0.5
190	121	624	1	95.6	0.8	0.8	0.5
190	122	1310	2	257.1	0.6	0.6	0.3
190	123	847	2	110.8	0.6	0.6	0.5
190	124	674	1	129.9	0.8	0.8	0.5
190	125	1588	1	306.8	0.7	0.7	0.1
190	126	851	2	100.4	0.8	0.8	0.5
190	127	1314	4	198	0.7	0.7	0.2
190	128	1277	5	145.9	0.8	0.8	0.4
190	129	1881	7	380.6	0.5	0.5	0.1
190	130	2081	3	396.5	0.7	0.7	0.4
190	131	313	5	56	0.8	0.8	0.2
190	132	710	1	146.3	0.8	0.8	0.6
190	133	596	5	86.6	0.6	0.6	0.3
190	134	998	7	282.3	0.7	0.7	0.4
190	135	780	3	183.4	0.6	0.6	0.2
190	136	926	6	125.4	0.7	0.7	0.4
190	137	1134	2	213.8	0.6	0.6	0.4
190	138	295	2	48	0.8	0.8	0.3
190	139	2679	1	437.2	0.7	0.7	0.3
190	140	875	2	123.7	0.8	0.8	0.5
190	141	1596	3	198.8	0.6	0.6	0.4
190	142	837	1	124.1	0.8	0.8	0.6
190	143	628	2	135.2	0.6	0.6	0.4
190	144	525	5	67.5	0.7	0.7	0.5
190	145	1437	5	255.1	0.7	0.7	0.4
190	146	620	1	90.3	0.9	0.9	0.6
190	147	1775	5	313.2	0.7	0.7	0.4
190	148	959	2	204.5	0.6	0.6	0.5
190	149	883	1	125.6	0.8	0.8	0.5
190	150	540	2	128.9	0.7	0.7	0.5
190	151	1007	7	240.5	0.6	0.6	0.2
190	152	840	1	116.3	0.7	0.7	0.5
190	153	1565	2	285.6	0.6	0.6	0.4
190	154	870	3	146.8	0.7	0.7	0.5
190	155	910	1	191	0.7	0.7	0.3
190	156	270	4	57.4	0.7	0.7	0.3
190	157	697	3	158.2	0.6	0.6	0.4
190	158	690	3	180.1	0.6	0.6	0.3
190	159	229	1	31.8	0.7	0.7	0.4
190	160	1257	3	164	0.7	0.7	0.5
190	161	957	3	245	0.7	0.7	0.1
190	162	787	5	167.1	0.6	0.6	0.4
190	163	1140	2	249.9	0.7	0.7	0.4
190	164	236	7	54.9	0.8	0.8	0.5
190	165	641	4	145.5	0.7	0.7	0.4
190	166	279	3	71.4	0.6	0.6	0.3
190	167	323	4	59.1	0.8	0.8	0.6
190	168	1891	6	393.8	0.6	0.6	0.2
190	169	331	1	77.2	0.7	0.7	0.4
190	170	4149	2	499.1	0.6	0.6	0.4
190	171	648	2	208	0.6	0.6	0.5
190	172	2886	8	325.7	0.7	0.7	0.6
190	173	405	8	98.1	0.5	0.5	0.2
190	174	499	6	122.3	0.7	0.7	0.3
190	175	680	1	102.5	0.7	0.7	0.4
190	176	362	4	63.1	0.6	0.6	0.3
190	177	161	2	37.5	0.7	0.7	0.4
190	178	476	6	91.3	0.8	0.8	0.4
190	179	1934	1	263.5	0.6	0.6	0.6
190	180	605	3	175.3	0.6	0.6	0.3
190	181	664	2	134.1	0.7	0.7	0.5
190	182	396	2	62.9	0.7	0.7	0.4
190	183	2377	1	371.6	0.6	0.6	0.4
190	184	893	1	163.1	0.6	0.6	0.5
190	185	867	1	106.2	0.7	0.7	0.5
190	186	369	1	49.6	0.8	0.8	0.3
190	187	1128	3	183.2	0.7	0.7	0.2
190	188	540	1	128.7	0.5	0.5	0.4
190	189	681	4	100.4	0.8	0.8	0.4
190	190	1332	3	242.7	0.5	0.5	0.2
200	1	112	1	19.8	0.9	0.9	0
200	2	374	1	81.7	0.8	0.8	0
200	3	225	1	29.8	0.9	0.9	0
200	4	845	1	140.6	0.8	0.8	0.1
200	5	651	1	84.7	0.8	0.8	0
200	6	233	1	48.3	0.8	0.8	0
200	7	159	1	24.2	0.9	0.9	0
200	8	184	1	29.4	0.8	0.8	0
200	9	251	1	53.4	0.8	0.8	0.1
200	10	91	1	20.2	0.9	0.9	0
200	11	271	2	59.2	0.7	0.7	0
200	12	823	1	190.8	0.7	0.7	0.2
200	13	1369	2	252.7	0.7	0.7	0.1
200	14	205	2	32.5	0.9	0.9	0.1
200	15	1284	1	249.7	0.7	0.7	0.1
200	16	1315	2	162	0.7	0.7	0
200	17	622	1	93.8	0.8	0.8	0.1
200	18	646	2	83.7	0.8	0.8	0.1
200	19	1011	1	119.1	0.8	0.8	0.2
200	20	966	1	173	0.7	0.7	0.3
200	21	471	2	76.2	0.7	0.7	0
200	22	945	1	156	0.8	0.8	0.2
200	23	282	2	74.2	0.7	0.7	0
200	24	421	3	72.4	0.7	0.7	0
200	25	387	2	75.8	0.8	0.8	0.1
200	26	563	2	145.2	0.7	0.7	0.2
200	27	383	1	80.2	0.8	0.8	0.2
200	28	1873	3	199.1	0.9	0.9	0.3
200	29	1389	1	188.8	0.7	0.7	0.2
200	30	368	3	84.8	0.7	0.7	0.1
200	31	656	3	182.1	0.7	0.7	0.1
200	32	2207	1	261.6	0.8	0.8	0.3
200	33	483	4	87.7	0.7	0.7	0
200	34	1090	1	141.1	0.8	0.8	0.5
200	35	558	2	72.2	0.7	0.7	0
200	36	931	2	203.4	0.7	0.7	0.1
200	37	613	2	101.7	0.7	0.7	0.3
200	38	982	2	230.4	0.7	0.7	0.2
200	39	779	3	153.7	0.7	0.7	0.1
200	40	1254	2	224.3	0.7	0.7	0.1
200	41	1026	1	143.8	0.8	0.8	0.3
200	42	1137	3	137.6	0.8	0.8	0
200	43	2182	7	356.1	0.7	0.7	0
200	44	291	2	63.6	0.7	0.7	0.1
200	45	1346	1	176.9	0.7	0.7	0.4
200	46	373	3	110.1	0.7	0.7	0.1
200	47	1442	1	269.2	0.7	0.7	0.1
200	48	207	2	36.3	0.7	0.7	0.2
200	49	940	3	129.5	0.8	0.8	0.2
200	50	920	4	128	0.7	0.7	0
200	51	1527	1	209.9	0.7	0.7	0.1
200	52	1414	6	316.6	0.7	0.7	0.2
200	53	752	1	152.4	0.7	0.7	0.5
200	54	1429	3	206	0.7	0.7	0.2
200	55	321	2	71.1	0.8	0.8	0.2
200	56	752	7	111.2	0.8	0.8	0.3
200	57	379	4	69.4	0.7	0.7	0
200	58	1308	5	319.2	0.6	0.6	0.1
200	59	800	1	130.2	0.6	0.6	0.2
200	60	353	5	87.1	0.6	0.6	0.3
200	61	731	6	122.7	0.7	0.7	0.2
200	62	1129	5	207.2	0.7	0.7	0.1
200	63	319	3	55.8	0.8	0.8	0.2
200	64	295	1	95	0.7	0.7	0.2
200	65	414	2	85.7	0.8	0.8	0.3
200	66	460	3	78.6	0.8	0.8	0.4
200	67	855	2	109	0.8	0.8	0.3
200	68	1123	1	241.9	0.7	0.7	0.4
200	69	931	2	141.2	0.7	0.7	0.3
200	70	1331	3	216.2	0.8	0.8	0.3
200	71	537	5	117.1	0.6	0.6	0.2
200	72	220	2	55.3	0.6	0.6	0.2
200	73	1398	3	221.7	0.7	0.7	0.2
200	74	862	2	120.8	0.6	0.6	0.5
200	75	351	4	64.7	0.8	0.8	0.4
200	76	207	2	57.7	0.7	0.7	0.4
200	77	200	1	66.8	0.5	0.5	0.1
200	78	88	2	20.6	0.9	0.9	0.4
200	79	1122	1	147.1	0.7	0.7	0.5
200	80	614	7	135.7	0.7	0.7	0.3
200	81	673	2	124.5	0.7	0.7	0.5
200	82	705	3	132.7	0.7	0.7	0.3
200	83	415	1	84.1	0.7	0.7	0.4
200	84	841	2	130.5	0.7	0.7	0.2
200	85	417	2	89.7	0.6	0.6	0.2
200	86	414	1	68	0.6	0.6	0.3
200	87	708	4	151.8	0.7	0.7	0.2
200	88	2235	4	454.5	0.6	0.6	0.2
200	89	705	3	131.5	0.7	0.7	0.4
200	90	447	4	120.4	0.7	0.7	0.2
200	91	1650	4	356	0.7	0.7	0.2
200	92	346	3	77.3	0.7	0.7	0.2
200	93	667	4	137.7	0.6	0.6	0.3
200	94	2082	3	273.9	0.6	0.6	0.2
200	95	952	2	120.8	0.8	0.8	0.5
200	96	1114	2	144	0.5	0.5	0.4
200	97	3118	2	361.7	0.5	0.5	0.3
200	98	520	1	100.2	0.8	0.8	0.3
200	99	146	3	33.6	0.7	0.7	0.4
200	100	769	4	175.5	0.7	0.7	0.4
200	101	1821	5	239.4	0.6	0.6	0.3
200	102	1066	3	151.7	0.7	0.7	0.5
200	103	645	3	143.2	0.8	0.8	0.4
200	104	1073	2	220.2	0.7	0.7	0.3
200	105	1843	8	369	0.6	0.6	0.3
200	106	331	1	76.3	0.8	0.8	0.5
200	107	345	5	76.9	0.8	0.8	0.4
200	108	160	3	27	0.7	0.7	0.1
200	109	582	4	142.8	0.7	0.7	0.2
200	110	1449	2	287	0.7	0.7	0.4
200	111	1279	1	317.3	0.7	0.7	0.4
200	112	713	7	215.5	0.5	0.5	0.3
200	113	1815	7	202	0.7	0.7	0.2
200	114	967	4	203	0.7	0.7	0.3
200	115	528	5	140.1	0.6	0.6	0.4
200	116	820	2	165.6	0.6	0.6	0.5
200	117	1756	2	281.5	0.7	0.7	0.5
200	118	1430	4	328.1	0.5	0.5	0.2
200	119	1257	6	247.9	0.5	0.5	0.2
200	120	464	2	80.9	0.8	0.8	0.3
200	121	1182	6	174	0.7	0.7	0.3
200	122	2160	3	320.9	0.7	0.7	0.4
200	123	1300	2	228.7	0.6	0.6	0.4
200	124	387	4	91.4	0.5	0.5	0.3
200	125	289	1	59.3	0.8	0.8	0.5
200	126	986	2	129.5	0.7	0.7	0.4
200	127	960	1	135	0.7	0.7	0.5
200	128	888	1	121.5	0.6	0.6	0.4
200	129	1437	1	172.7	0.8	0.8	0.5
200	130	852	2	222.7	0.5	0.5	0.3
200	131	572	3	74.6	0.9	0.9	0.3
200	132	256	3	69.9	0.7	0.7	0.3
200	133	370	3	75.9	0.6	0.6	0.2
200	134	736	2	131	0.7	0.7	0.5
200	135	565	2	69	0.9	0.9	0.5
200	136	1613	1	233.6	0.6	0.6	0.3
200	137	1894	5	467.9	0.7	0.7	0.4
200	138	318	2	66.1	0.7	0.7	0.4
200	139	1040	1	207.2	0.5	0.5	0.1
200	140	823	5	121.6	0.5	0.5	0.2
200	141	1001	5	142.7	0.7	0.7	0.4
200	142	2289	3	349.3	0.7	0.7	0.5
200	143	781	3	121.8	0.8	0.8	0.3
200	144	517	2	88.6	0.8	0.8	0.4
200	145	469	4	94.8	0.6	0.6	0.5
200	146	1649	2	248.4	0.7	0.7	0.4
200	147	542	2	99.1	0.6	0.6	0.3
200	148	985	2	148.2	0.8	0.8	0.3
200	149	1674	1	210.4	0.7	0.7	0.6
200	150	2057	2	324.4	0.7	0.7	0.5
200	151	862	2	125.7	0.7	0.7	0.4
200	152	835	2	157.3	0.6	0.6	0.4
200	153	254	1	62	0.6	0.6	0.2
200	154	1458	1	277.1	0.6	0.6	0.4
200	155	984	2	138.9	0.5	0.5	0.2
200	156	512	5	98.2	0.7	0.7	0.2
200	157	534	3	149.8	0.6	0.6	0.3
200	158	3271	2	341.3	0.7	0.7	0.7
200	159	707	1	93.4	0.8	0.8	0.6
200	160	772	4	186.2	0.7	0.7	0.1
200	161	336	2	96.3	0.6	0.6	0.5
200	162	786	1	172.6	0.7	0.7	0.5
200	163	277	9	64.7	0.7	0.7	0.5
200	164	910	3	176.4	0.6	0.6	0.4
200	165	886	4	139.8	0.6	0.6	0.3
200	166	1835	4	387.1	0.6	0.6	0.5
200	167	592	1	100.9	0.6	0.6	0.3
200	168	417	1	116.6	0.7	0.7	0.3
200	169	585	6	115.5	0.6	0.6	0.5
200	170	1869	4	235.8	0.6	0.6	0.5
200	171	1004	1	246.6	0.7	0.7	0.6
200	172	1354	3	149.9	0.7	0.7	0.4
200	173	875	2	184	0.7	0.7	0.3
200	174	957	3	163.1	0.7	0.7	0.2
200	175	1178	6	246.6	0.7	0.7	0.5
200	176	325	1	92.9	0.6	0.6	0.4
200	177	1061	1	210.7	0.7	0.7	0.4
200	178	474	1	114.1	0.7	0.7	0.2
200	179	651	2	126.5	0.6	0.6	0.2
200	180	206	5	62	0.8	0.8	0.5
200	181	251	3	48.1	0.9	0.9	0.5
200	182	1199	4	212	0.6	0.6	0.4
200	183	504	2	68.7	0.7	0.7	0.3
200	184	156	1	42.3	0.7	0.7	0.5
200	185	2214	1	242.8	0.7	0.7	0.4
200	186	1284	1	275.3	0.7	0.7	0.6
200	187	321	2	70.8	0.6	0.6	0.4
200	188	434	9	80.3	0.6	0.6	0.4
200	189	1175	1	292.6	0.7	0.7	0.5
200	190	289	1	47.8	0.8	0.8	0.8
200	191	1593	4	273.6	0.7	0.7	0.5
200	192	527	3	89.7	0.8	0.8	0.4
200	193	781	1	101.9	0.8	0.8	0.6
200	194	877	4	164	0.7	0.7	0.4
200	195	125	3	23.9	0.8	0.8	0.2
200	196	973	4	203.4	0.5	0.5	0.2
200	197	857	7	157.8	0.7	0.7	0.4
200	198	294	8	66.3	0.6	0.6	0.2
200	199	391	6	76.6	0.6	0.6	0.3
200	200	1462	1	303.5	0.6	0.6	0.3
