"number_wasps"	"w"	"total_alive"	"total_usurp"	"total_nested"
50	1	8	0	8
50	2	8	0	8
50	3	9	0	9
50	4	8	0	8
50	5	8	0	8
50	6	8	1	8
50	7	7	2	7
50	8	8	0	8
50	9	8	1	8
50	10	8	1	8
50	11	8	0	8
50	12	7	2	7
50	13	9	1	9
50	14	9	3	9
50	15	7	1	7
50	16	6	1	6
50	17	7	2	7
50	18	8	2	8
50	19	8	0	8
50	20	6	1	6
50	21	7	1	7
50	22	8	3	8
50	23	7	2	7
50	24	8	1	8
50	25	8	1	8
50	26	8	1	8
50	27	8	2	8
50	28	7	0	7
50	29	8	1	8
50	30	8	2	8
50	31	8	2	8
50	32	8	1	8
50	33	8	2	8
50	34	8	1	8
50	35	8	2	8
50	36	8	2	8
50	37	7	3	7
50	38	8	2	8
50	39	8	4	8
50	40	7	3	7
50	41	7	2	7
50	42	6	1	6
50	43	8	1	8
50	44	7	1	7
50	45	8	1	8
50	46	9	5	9
50	47	6	3	6
50	48	7	1	7
50	49	8	2	8
50	50	8	4	8
60	1	7	0	7
60	2	8	0	8
60	3	8	0	8
60	4	8	1	8
60	5	9	0	9
60	6	8	0	8
60	7	7	0	7
60	8	8	1	8
60	9	8	0	8
60	10	7	1	7
60	11	8	0	8
60	12	8	0	8
60	13	9	0	9
60	14	7	0	7
60	15	8	1	8
60	16	9	4	9
60	17	8	1	8
60	18	8	2	8
60	19	8	1	8
60	20	9	5	9
60	21	8	2	8
60	22	7	0	7
60	23	7	2	7
60	24	8	0	8
60	25	7	1	7
60	26	8	1	8
60	27	7	2	7
60	28	7	3	7
60	29	7	4	7
60	30	7	1	7
60	31	7	4	7
60	32	7	2	7
60	33	7	3	7
60	34	7	0	7
60	35	9	2	9
60	36	8	6	8
60	37	7	1	7
60	38	7	2	7
60	39	7	4	7
60	40	7	0	7
60	41	8	0	8
60	42	8	2	8
60	43	8	4	8
60	44	7	2	7
60	45	6	1	6
60	46	6	0	6
60	47	8	3	8
60	48	8	2	8
60	49	8	1	8
60	50	8	4	8
60	51	7	2	7
60	52	6	1	6
60	53	8	3	8
60	54	7	3	7
60	55	7	1	7
60	56	8	3	8
60	57	7	1	7
60	58	7	2	7
60	59	5	3	5
60	60	8	4	8
70	1	8	0	8
70	2	8	0	8
70	3	8	0	8
70	4	9	0	9
70	5	8	0	8
70	6	8	0	8
70	7	7	0	7
70	8	8	1	8
70	9	8	2	8
70	10	7	2	7
70	11	9	1	9
70	12	8	1	8
70	13	8	1	8
70	14	7	0	7
70	15	7	0	7
70	16	8	1	8
70	17	8	1	8
70	18	8	2	8
70	19	8	3	8
70	20	8	0	8
70	21	9	1	9
70	22	8	0	8
70	23	7	2	7
70	24	8	1	8
70	25	7	1	7
70	26	7	2	7
70	27	8	1	8
70	28	7	1	7
70	29	9	2	9
70	30	7	1	7
70	31	8	2	8
70	32	8	5	8
70	33	7	2	7
70	34	9	1	9
70	35	8	3	8
70	36	8	2	8
70	37	7	4	7
70	38	7	1	7
70	39	7	2	7
70	40	8	2	8
70	41	8	4	8
70	42	7	1	7
70	43	9	0	9
70	44	8	3	8
70	45	7	1	7
70	46	9	2	9
70	47	7	2	7
70	48	7	1	7
70	49	7	3	7
70	50	7	2	7
70	51	7	4	7
70	52	5	2	5
70	53	8	5	8
70	54	7	1	7
70	55	6	1	6
70	56	7	4	7
70	57	5	4	5
70	58	7	3	7
70	59	9	3	9
70	60	7	1	7
70	61	7	2	7
70	62	7	2	7
70	63	8	3	8
70	64	7	3	7
70	65	7	4	7
70	66	7	4	7
70	67	8	7	8
70	68	8	2	8
70	69	7	2	7
70	70	6	2	6
80	1	8	0	8
80	2	7	0	7
80	3	8	0	8
80	4	8	0	8
80	5	7	1	7
80	6	9	0	9
80	7	9	1	9
80	8	9	2	9
80	9	7	0	7
80	10	8	1	8
80	11	8	0	8
80	12	8	2	8
80	13	8	1	8
80	14	8	0	8
80	15	9	0	9
80	16	8	1	8
80	17	8	1	8
80	18	8	1	8
80	19	7	1	7
80	20	7	1	7
80	21	8	2	8
80	22	7	1	7
80	23	8	1	8
80	24	9	2	9
80	25	8	2	8
80	26	8	1	8
80	27	7	1	7
80	28	7	2	7
80	29	9	1	9
80	30	6	1	6
80	31	6	1	6
80	32	8	1	8
80	33	7	2	7
80	34	7	4	7
80	35	8	1	8
80	36	8	3	8
80	37	6	0	6
80	38	7	2	7
80	39	6	3	6
80	40	8	1	8
80	41	8	5	8
80	42	8	3	8
80	43	7	0	7
80	44	8	2	8
80	45	8	4	8
80	46	7	3	7
80	47	7	1	7
80	48	7	3	7
80	49	6	0	6
80	50	6	4	6
80	51	8	1	8
80	52	6	2	6
80	53	7	1	7
80	54	7	4	7
80	55	8	3	8
80	56	7	3	7
80	57	7	5	7
80	58	8	2	8
80	59	6	0	6
80	60	6	1	6
80	61	7	4	7
80	62	5	3	5
80	63	7	4	7
80	64	7	3	7
80	65	5	1	5
80	66	7	2	7
80	67	7	2	7
80	68	7	0	7
80	69	7	4	7
80	70	7	3	7
80	71	7	1	7
80	72	8	1	8
80	73	8	3	8
80	74	7	1	7
80	75	6	2	6
80	76	6	2	6
80	77	7	2	7
80	78	5	3	5
80	79	8	4	8
80	80	7	4	7
90	1	8	0	8
90	2	8	0	8
90	3	8	0	8
90	4	8	0	8
90	5	8	1	8
90	6	7	0	7
90	7	7	0	7
90	8	8	0	8
90	9	7	0	7
90	10	8	1	8
90	11	7	0	7
90	12	6	0	6
90	13	7	1	7
90	14	7	1	7
90	15	7	0	7
90	16	8	1	8
90	17	6	1	6
90	18	9	0	9
90	19	9	0	9
90	20	8	3	8
90	21	8	3	8
90	22	7	0	7
90	23	8	1	8
90	24	6	0	6
90	25	7	1	7
90	26	8	4	8
90	27	8	2	8
90	28	9	2	9
90	29	6	1	6
90	30	8	3	8
90	31	7	2	7
90	32	8	1	8
90	33	6	2	6
90	34	9	1	9
90	35	6	1	6
90	36	7	1	7
90	37	7	0	7
90	38	8	1	8
90	39	9	5	9
90	40	8	1	8
90	41	6	3	6
90	42	7	3	7
90	43	7	3	7
90	44	8	1	8
90	45	8	3	8
90	46	7	1	7
90	47	7	1	7
90	48	7	2	7
90	49	7	4	7
90	50	7	4	7
90	51	7	1	7
90	52	8	2	8
90	53	8	2	8
90	54	6	2	6
90	55	7	2	7
90	56	6	2	6
90	57	7	2	7
90	58	6	3	6
90	59	6	3	6
90	60	7	3	7
90	61	8	2	8
90	62	7	1	7
90	63	5	3	5
90	64	7	4	7
90	65	7	0	7
90	66	6	2	6
90	67	6	2	6
90	68	7	5	7
90	69	7	1	7
90	70	9	5	9
90	71	6	5	6
90	72	7	1	7
90	73	8	4	8
90	74	7	5	7
90	75	8	1	8
90	76	7	3	7
90	77	6	2	6
90	78	7	2	7
90	79	7	5	7
90	80	6	3	6
90	81	7	4	7
90	82	6	2	6
90	83	7	2	7
90	84	7	3	7
90	85	8	5	8
90	86	7	4	7
90	87	8	2	8
90	88	8	2	8
90	89	8	3	8
90	90	9	3	9
100	1	8	0	8
100	2	9	0	9
100	3	8	0	8
100	4	8	0	8
100	5	8	0	8
100	6	9	0	9
100	7	8	0	8
100	8	9	2	9
100	9	8	0	8
100	10	8	0	8
100	11	8	0	8
100	12	8	0	8
100	13	6	0	6
100	14	6	2	6
100	15	8	2	8
100	16	8	1	8
100	17	8	0	8
100	18	7	1	7
100	19	7	0	7
100	20	9	2	9
100	21	7	2	7
100	22	8	1	8
100	23	7	2	7
100	24	7	0	7
100	25	7	3	7
100	26	7	2	7
100	27	7	2	7
100	28	6	3	6
100	29	8	2	8
100	30	7	1	7
100	31	7	0	7
100	32	8	1	8
100	33	7	0	7
100	34	6	4	6
100	35	7	1	7
100	36	8	1	8
100	37	8	3	8
100	38	8	1	8
100	39	7	1	7
100	40	6	1	6
100	41	6	3	6
100	42	8	0	8
100	43	7	3	7
100	44	7	1	7
100	45	8	2	8
100	46	8	3	8
100	47	5	2	5
100	48	7	2	7
100	49	8	4	8
100	50	8	4	8
100	51	7	2	7
100	52	8	3	8
100	53	6	3	6
100	54	7	4	7
100	55	7	4	7
100	56	6	0	6
100	57	8	3	8
100	58	7	3	7
100	59	7	3	7
100	60	7	3	7
100	61	7	0	7
100	62	7	2	7
100	63	8	3	8
100	64	9	4	9
100	65	7	2	7
100	66	9	5	9
100	67	8	5	8
100	68	6	2	6
100	69	8	4	8
100	70	8	3	8
100	71	7	1	7
100	72	7	3	7
100	73	6	2	6
100	74	6	4	6
100	75	6	2	6
100	76	7	5	7
100	77	7	2	7
100	78	8	3	8
100	79	7	5	7
100	80	7	2	7
100	81	7	2	7
100	82	6	4	6
100	83	8	4	8
100	84	7	5	7
100	85	7	3	7
100	86	7	2	7
100	87	6	4	6
100	88	7	4	7
100	89	7	4	7
100	90	7	3	7
100	91	5	3	5
100	92	8	2	8
100	93	7	3	7
100	94	8	3	8
100	95	6	0	6
100	96	7	2	7
100	97	6	3	6
100	98	8	3	8
100	99	8	4	8
100	100	8	4	8
110	1	8	0	8
110	2	8	0	8
110	3	9	0	9
110	4	7	0	7
110	5	9	0	9
110	6	8	2	8
110	7	8	1	8
110	8	7	0	7
110	9	8	1	8
110	10	8	0	8
110	11	9	2	9
110	12	9	1	9
110	13	9	1	9
110	14	7	0	7
110	15	8	2	8
110	16	7	2	7
110	17	8	2	8
110	18	8	0	8
110	19	7	3	7
110	20	8	0	8
110	21	6	2	6
110	22	8	1	8
110	23	6	2	6
110	24	8	1	8
110	25	7	1	7
110	26	7	2	7
110	27	8	0	8
110	28	8	3	8
110	29	9	1	9
110	30	7	0	7
110	31	8	3	8
110	32	7	1	7
110	33	8	3	8
110	34	6	1	6
110	35	7	2	7
110	36	8	1	8
110	37	6	1	6
110	38	7	2	7
110	39	7	0	7
110	40	7	2	7
110	41	7	1	7
110	42	8	3	8
110	43	7	3	7
110	44	9	2	9
110	45	7	2	7
110	46	7	1	7
110	47	6	0	6
110	48	7	1	7
110	49	8	2	8
110	50	9	5	9
110	51	7	4	7
110	52	7	0	7
110	53	7	3	7
110	54	6	1	6
110	55	8	6	8
110	56	8	5	8
110	57	6	3	6
110	58	7	3	7
110	59	7	3	7
110	60	6	1	6
110	61	6	2	6
110	62	7	1	7
110	63	6	1	6
110	64	8	2	8
110	65	7	2	7
110	66	8	4	8
110	67	7	1	7
110	68	7	2	7
110	69	7	4	7
110	70	8	2	8
110	71	8	3	8
110	72	7	1	7
110	73	7	1	7
110	74	8	2	8
110	75	8	1	8
110	76	7	3	7
110	77	6	2	6
110	78	7	1	7
110	79	8	3	8
110	80	7	4	7
110	81	8	3	8
110	82	7	3	7
110	83	7	2	7
110	84	7	2	7
110	85	9	4	9
110	86	7	3	7
110	87	7	4	7
110	88	7	3	7
110	89	7	3	7
110	90	6	2	6
110	91	6	2	6
110	92	7	1	7
110	93	7	2	7
110	94	5	3	5
110	95	5	4	5
110	96	7	2	7
110	97	6	4	6
110	98	7	6	7
110	99	8	2	8
110	100	7	4	7
110	101	6	3	6
110	102	6	4	6
110	103	6	3	6
110	104	6	1	6
110	105	6	4	6
110	106	7	5	7
110	107	6	2	6
110	108	7	3	7
110	109	6	4	6
110	110	6	0	6
120	1	8	0	8
120	2	8	0	8
120	3	8	0	8
120	4	9	0	9
120	5	9	0	9
120	6	8	0	8
120	7	8	1	8
120	8	9	0	9
120	9	8	0	8
120	10	8	2	8
120	11	8	0	8
120	12	8	0	8
120	13	8	3	8
120	14	7	0	7
120	15	9	1	9
120	16	8	1	8
120	17	8	3	8
120	18	7	2	7
120	19	8	2	8
120	20	8	0	8
120	21	7	2	7
120	22	7	1	7
120	23	6	2	6
120	24	8	0	8
120	25	9	2	9
120	26	6	0	6
120	27	9	1	9
120	28	7	0	7
120	29	7	1	7
120	30	7	3	7
120	31	6	2	6
120	32	7	2	7
120	33	8	5	8
120	34	7	3	7
120	35	7	2	7
120	36	7	2	7
120	37	8	3	8
120	38	8	2	8
120	39	8	2	8
120	40	7	1	7
120	41	8	3	8
120	42	6	1	6
120	43	7	0	7
120	44	7	2	7
120	45	6	3	6
120	46	7	2	7
120	47	7	3	7
120	48	7	1	7
120	49	9	2	9
120	50	8	4	8
120	51	6	2	6
120	52	7	1	7
120	53	8	5	8
120	54	7	2	7
120	55	8	3	8
120	56	7	3	7
120	57	8	1	8
120	58	6	3	6
120	59	7	3	7
120	60	7	3	7
120	61	9	4	9
120	62	7	2	7
120	63	7	2	7
120	64	7	4	7
120	65	6	1	6
120	66	6	1	6
120	67	7	1	7
120	68	9	4	9
120	69	6	3	6
120	70	8	2	8
120	71	6	2	6
120	72	7	4	7
120	73	7	4	7
120	74	6	3	6
120	75	9	4	9
120	76	7	2	7
120	77	7	2	7
120	78	7	3	7
120	79	6	1	6
120	80	7	2	7
120	81	7	4	7
120	82	6	4	6
120	83	6	2	6
120	84	7	2	7
120	85	6	3	6
120	86	6	1	6
120	87	8	4	8
120	88	6	4	6
120	89	8	7	8
120	90	6	2	6
120	91	7	3	7
120	92	7	4	7
120	93	8	4	8
120	94	7	3	7
120	95	6	2	6
120	96	6	3	6
120	97	7	4	7
120	98	8	3	8
120	99	5	2	5
120	100	7	3	7
120	101	8	6	8
120	102	6	4	6
120	103	7	4	7
120	104	9	7	9
120	105	6	3	6
120	106	7	2	7
120	107	7	4	7
120	108	7	3	7
120	109	7	4	7
120	110	7	4	7
120	111	6	3	6
120	112	6	2	6
120	113	7	4	7
120	114	7	1	7
120	115	7	3	7
120	116	7	6	7
120	117	7	4	7
120	118	5	1	5
120	119	6	3	6
120	120	8	2	8
130	1	8	0	8
130	2	8	0	8
130	3	8	0	8
130	4	8	1	8
130	5	8	1	8
130	6	9	0	9
130	7	8	0	8
130	8	8	1	8
130	9	8	1	8
130	10	7	0	7
130	11	8	0	8
130	12	8	0	8
130	13	8	1	8
130	14	7	0	7
130	15	7	0	7
130	16	7	1	7
130	17	7	1	7
130	18	9	0	9
130	19	7	2	7
130	20	7	0	7
130	21	8	1	8
130	22	9	2	9
130	23	6	2	6
130	24	7	0	7
130	25	9	1	9
130	26	8	2	8
130	27	9	2	9
130	28	8	4	8
130	29	7	0	7
130	30	7	0	7
130	31	8	3	8
130	32	7	0	7
130	33	7	2	7
130	34	8	2	8
130	35	7	4	7
130	36	7	1	7
130	37	7	3	7
130	38	6	1	6
130	39	8	2	8
130	40	8	3	8
130	41	7	3	7
130	42	7	4	7
130	43	8	3	8
130	44	7	1	7
130	45	8	3	8
130	46	7	1	7
130	47	8	3	8
130	48	7	2	7
130	49	8	1	8
130	50	6	1	6
130	51	8	4	8
130	52	8	4	8
130	53	7	2	7
130	54	6	1	6
130	55	7	4	7
130	56	7	4	7
130	57	7	3	7
130	58	7	3	7
130	59	7	3	7
130	60	8	5	8
130	61	8	2	8
130	62	8	5	8
130	63	6	3	6
130	64	6	2	6
130	65	9	4	9
130	66	9	5	9
130	67	6	2	6
130	68	7	2	7
130	69	7	6	7
130	70	7	2	7
130	71	6	4	6
130	72	6	1	6
130	73	8	5	8
130	74	7	5	7
130	75	8	6	8
130	76	7	2	7
130	77	7	3	7
130	78	7	2	7
130	79	8	5	8
130	80	6	4	6
130	81	8	1	8
130	82	6	2	6
130	83	7	6	7
130	84	7	3	7
130	85	6	0	6
130	86	6	3	6
130	87	7	3	7
130	88	6	4	6
130	89	8	5	8
130	90	7	5	7
130	91	8	2	8
130	92	8	4	8
130	93	6	3	6
130	94	6	4	6
130	95	6	2	6
130	96	7	1	7
130	97	5	3	5
130	98	7	3	7
130	99	7	4	7
130	100	7	4	7
130	101	7	4	7
130	102	7	3	7
130	103	7	6	7
130	104	7	3	7
130	105	7	3	7
130	106	6	3	6
130	107	6	5	6
130	108	6	2	6
130	109	6	3	6
130	110	8	3	8
130	111	7	4	7
130	112	7	5	7
130	113	6	3	6
130	114	7	1	7
130	115	7	2	7
130	116	6	4	6
130	117	5	2	5
130	118	6	4	6
130	119	6	4	6
130	120	7	2	7
130	121	7	5	7
130	122	7	4	7
130	123	6	3	6
130	124	6	5	6
130	125	7	2	7
130	126	7	4	7
130	127	6	4	6
130	128	7	0	7
130	129	6	3	6
130	130	6	1	6
140	1	7	0	7
140	2	8	0	8
140	3	8	0	8
140	4	9	0	9
140	5	8	1	8
140	6	8	0	8
140	7	7	0	7
140	8	9	0	9
140	9	9	1	9
140	10	8	0	8
140	11	8	0	8
140	12	7	0	7
140	13	7	1	7
140	14	7	1	7
140	15	7	1	7
140	16	8	2	8
140	17	8	0	8
140	18	7	2	7
140	19	6	0	6
140	20	8	2	8
140	21	6	1	6
140	22	8	2	8
140	23	7	0	7
140	24	8	3	8
140	25	8	1	8
140	26	9	1	9
140	27	8	2	8
140	28	7	2	7
140	29	7	2	7
140	30	8	2	8
140	31	8	2	8
140	32	7	1	7
140	33	7	2	7
140	34	8	4	8
140	35	7	2	7
140	36	7	2	7
140	37	6	4	6
140	38	8	2	8
140	39	7	2	7
140	40	7	3	7
140	41	7	1	7
140	42	8	4	8
140	43	8	4	8
140	44	7	2	7
140	45	8	2	8
140	46	7	0	7
140	47	8	4	8
140	48	7	2	7
140	49	6	1	6
140	50	8	2	8
140	51	8	3	8
140	52	6	2	6
140	53	8	4	8
140	54	7	4	7
140	55	7	3	7
140	56	8	1	8
140	57	8	3	8
140	58	6	3	6
140	59	6	3	6
140	60	7	2	7
140	61	6	1	6
140	62	8	3	8
140	63	7	2	7
140	64	7	3	7
140	65	7	2	7
140	66	6	2	6
140	67	7	1	7
140	68	8	5	8
140	69	5	2	5
140	70	7	1	7
140	71	7	1	7
140	72	8	2	8
140	73	5	2	5
140	74	9	3	9
140	75	5	1	5
140	76	8	3	8
140	77	6	1	6
140	78	7	3	7
140	79	7	5	7
140	80	8	4	8
140	81	6	2	6
140	82	7	3	7
140	83	8	3	8
140	84	6	4	6
140	85	6	2	6
140	86	8	5	8
140	87	7	2	7
140	88	5	1	5
140	89	6	2	6
140	90	7	4	7
140	91	6	2	6
140	92	6	2	6
140	93	7	3	7
140	94	7	3	7
140	95	6	3	6
140	96	7	3	7
140	97	7	4	7
140	98	7	6	7
140	99	8	5	8
140	100	6	4	6
140	101	5	1	5
140	102	7	4	7
140	103	7	3	7
140	104	6	3	6
140	105	7	4	7
140	106	7	3	7
140	107	7	4	7
140	108	8	6	8
140	109	7	3	7
140	110	7	1	7
140	111	6	4	6
140	112	5	2	5
140	113	7	3	7
140	114	7	5	7
140	115	7	4	7
140	116	6	5	6
140	117	7	2	7
140	118	8	2	8
140	119	8	5	8
140	120	7	2	7
140	121	6	4	6
140	122	6	3	6
140	123	7	4	7
140	124	5	4	5
140	125	8	6	8
140	126	5	3	5
140	127	7	3	7
140	128	7	3	7
140	129	8	4	8
140	130	7	2	7
140	131	7	5	7
140	132	7	1	7
140	133	7	4	7
140	134	7	4	7
140	135	4	2	4
140	136	6	3	6
140	137	6	4	6
140	138	6	4	6
140	139	7	1	7
140	140	9	4	9
150	1	8	0	8
150	2	9	0	9
150	3	9	0	9
150	4	7	0	7
150	5	8	0	8
150	6	8	0	8
150	7	8	0	8
150	8	8	2	8
150	9	7	1	7
150	10	7	0	7
150	11	8	0	8
150	12	7	2	7
150	13	7	1	7
150	14	8	1	8
150	15	8	1	8
150	16	9	1	9
150	17	8	2	8
150	18	7	1	7
150	19	8	0	8
150	20	7	1	7
150	21	8	3	8
150	22	7	3	7
150	23	7	1	7
150	24	8	0	8
150	25	8	2	8
150	26	8	0	8
150	27	6	2	6
150	28	8	0	8
150	29	7	1	7
150	30	7	0	7
150	31	7	1	7
150	32	8	2	8
150	33	9	3	9
150	34	7	3	7
150	35	6	2	6
150	36	8	2	8
150	37	7	1	7
150	38	7	3	7
150	39	7	1	7
150	40	7	2	7
150	41	8	4	8
150	42	7	0	7
150	43	8	1	8
150	44	7	3	7
150	45	7	1	7
150	46	7	4	7
150	47	8	1	8
150	48	8	5	8
150	49	7	2	7
150	50	6	2	6
150	51	7	2	7
150	52	7	0	7
150	53	8	3	8
150	54	7	4	7
150	55	6	1	6
150	56	6	2	6
150	57	7	2	7
150	58	8	5	8
150	59	8	2	8
150	60	8	4	8
150	61	7	3	7
150	62	8	2	8
150	63	7	3	7
150	64	8	3	8
150	65	7	1	7
150	66	9	5	9
150	67	6	2	6
150	68	7	2	7
150	69	7	4	7
150	70	7	4	7
150	71	7	2	7
150	72	6	3	6
150	73	6	3	6
150	74	6	2	6
150	75	5	2	5
150	76	8	2	8
150	77	7	1	7
150	78	7	3	7
150	79	6	2	6
150	80	5	0	5
150	81	5	1	5
150	82	7	2	7
150	83	7	2	7
150	84	7	2	7
150	85	7	5	7
150	86	6	4	6
150	87	7	4	7
150	88	7	2	7
150	89	7	3	7
150	90	7	5	7
150	91	5	0	5
150	92	7	4	7
150	93	7	5	7
150	94	7	4	7
150	95	7	1	7
150	96	8	3	8
150	97	6	5	6
150	98	7	1	7
150	99	7	0	7
150	100	6	3	6
150	101	6	2	6
150	102	9	4	9
150	103	7	3	7
150	104	6	3	6
150	105	6	2	6
150	106	7	2	7
150	107	8	4	8
150	108	8	1	8
150	109	6	2	6
150	110	7	3	7
150	111	6	4	6
150	112	7	5	7
150	113	7	6	7
150	114	6	5	6
150	115	7	2	7
150	116	8	5	8
150	117	4	2	4
150	118	6	2	6
150	119	7	3	7
150	120	6	2	6
150	121	7	4	7
150	122	7	4	7
150	123	7	4	7
150	124	7	6	7
150	125	7	3	7
150	126	7	2	7
150	127	8	6	8
150	128	6	2	6
150	129	7	3	7
150	130	7	3	7
150	131	8	5	8
150	132	6	3	6
150	133	5	4	5
150	134	8	3	8
150	135	8	5	8
150	136	8	6	8
150	137	6	4	6
150	138	8	6	8
150	139	7	4	7
150	140	6	3	6
150	141	7	2	7
150	142	8	5	8
150	143	7	5	7
150	144	6	4	6
150	145	8	2	8
150	146	7	2	7
150	147	6	3	6
150	148	6	3	6
150	149	6	1	6
150	150	8	5	8
160	1	8	0	8
160	2	8	0	8
160	3	8	0	8
160	4	6	0	6
160	5	7	0	7
160	6	8	0	8
160	7	9	0	9
160	8	8	1	8
160	9	8	2	8
160	10	7	0	7
160	11	8	0	8
160	12	6	0	6
160	13	8	0	8
160	14	8	0	8
160	15	8	0	8
160	16	7	1	7
160	17	8	1	8
160	18	7	0	7
160	19	9	1	9
160	20	8	1	8
160	21	8	2	8
160	22	8	3	8
160	23	7	1	7
160	24	7	2	7
160	25	7	1	7
160	26	8	2	8
160	27	7	0	7
160	28	8	1	8
160	29	8	2	8
160	30	8	2	8
160	31	7	3	7
160	32	8	1	8
160	33	8	0	8
160	34	8	2	8
160	35	6	2	6
160	36	6	3	6
160	37	7	2	7
160	38	7	2	7
160	39	8	1	8
160	40	7	2	7
160	41	6	2	6
160	42	9	2	9
160	43	6	2	6
160	44	8	2	8
160	45	7	2	7
160	46	8	3	8
160	47	6	1	6
160	48	7	2	7
160	49	8	3	8
160	50	9	4	9
160	51	9	6	9
160	52	8	3	8
160	53	8	2	8
160	54	7	2	7
160	55	6	1	6
160	56	6	2	6
160	57	6	3	6
160	58	8	3	8
160	59	3	2	3
160	60	7	2	7
160	61	5	1	5
160	62	7	1	7
160	63	7	3	7
160	64	7	4	7
160	65	7	0	7
160	66	7	3	7
160	67	6	4	6
160	68	8	3	8
160	69	6	1	6
160	70	7	3	7
160	71	6	1	6
160	72	7	2	7
160	73	8	2	8
160	74	6	1	6
160	75	7	2	7
160	76	6	2	6
160	77	7	3	7
160	78	7	3	7
160	79	6	2	6
160	80	7	4	7
160	81	7	4	7
160	82	5	4	5
160	83	8	3	8
160	84	6	3	6
160	85	5	2	5
160	86	7	2	7
160	87	7	2	7
160	88	6	5	6
160	89	8	3	8
160	90	5	1	5
160	91	7	5	7
160	92	6	1	6
160	93	7	4	7
160	94	6	4	6
160	95	5	1	5
160	96	6	1	6
160	97	8	5	8
160	98	7	5	7
160	99	6	2	6
160	100	7	3	7
160	101	6	2	6
160	102	8	5	8
160	103	7	3	7
160	104	7	2	7
160	105	6	4	6
160	106	6	2	6
160	107	7	1	7
160	108	6	2	6
160	109	6	2	6
160	110	8	4	8
160	111	9	5	9
160	112	7	1	7
160	113	6	4	6
160	114	6	4	6
160	115	4	2	4
160	116	6	3	6
160	117	6	2	6
160	118	6	3	6
160	119	6	3	6
160	120	8	3	8
160	121	8	3	8
160	122	6	2	6
160	123	5	1	5
160	124	5	2	5
160	125	7	3	7
160	126	7	3	7
160	127	8	6	8
160	128	7	6	7
160	129	6	3	6
160	130	6	2	6
160	131	7	3	7
160	132	5	2	5
160	133	6	2	6
160	134	7	4	7
160	135	7	5	7
160	136	5	3	5
160	137	7	4	7
160	138	7	2	7
160	139	7	6	7
160	140	7	2	7
160	141	6	1	6
160	142	5	2	5
160	143	6	3	6
160	144	6	6	6
160	145	8	5	8
160	146	8	6	8
160	147	7	4	7
160	148	5	3	5
160	149	7	3	7
160	150	7	5	7
160	151	7	3	7
160	152	7	6	7
160	153	8	4	8
160	154	7	3	7
160	155	6	5	6
160	156	6	5	6
160	157	6	5	6
160	158	7	3	7
160	159	7	4	7
160	160	6	3	6
170	1	9	0	9
170	2	8	0	8
170	3	7	0	7
170	4	8	0	8
170	5	9	0	9
170	6	8	0	8
170	7	7	0	7
170	8	6	0	6
170	9	8	1	8
170	10	8	0	8
170	11	9	3	9
170	12	8	0	8
170	13	8	2	8
170	14	7	2	7
170	15	7	1	7
170	16	8	1	8
170	17	8	2	8
170	18	8	2	8
170	19	6	2	6
170	20	8	2	8
170	21	8	2	8
170	22	8	0	8
170	23	8	3	8
170	24	7	0	7
170	25	9	2	9
170	26	8	1	8
170	27	8	4	8
170	28	7	3	7
170	29	6	1	6
170	30	8	2	8
170	31	8	3	8
170	32	8	1	8
170	33	8	5	8
170	34	9	2	9
170	35	6	3	6
170	36	7	1	7
170	37	7	3	7
170	38	8	2	8
170	39	7	1	7
170	40	8	3	8
170	41	7	1	7
170	42	7	3	7
170	43	8	3	8
170	44	7	1	7
170	45	7	0	7
170	46	8	5	8
170	47	7	3	7
170	48	7	3	7
170	49	7	2	7
170	50	7	1	7
170	51	7	3	7
170	52	8	1	8
170	53	7	2	7
170	54	7	2	7
170	55	7	4	7
170	56	5	1	5
170	57	7	2	7
170	58	8	1	8
170	59	8	3	8
170	60	8	3	8
170	61	6	1	6
170	62	7	4	7
170	63	7	5	7
170	64	8	4	8
170	65	9	4	9
170	66	8	3	8
170	67	7	4	7
170	68	6	2	6
170	69	7	3	7
170	70	9	3	9
170	71	7	2	7
170	72	7	1	7
170	73	8	4	8
170	74	7	1	7
170	75	5	3	5
170	76	7	2	7
170	77	6	2	6
170	78	6	3	6
170	79	7	2	7
170	80	7	2	7
170	81	7	1	7
170	82	7	4	7
170	83	7	3	7
170	84	8	5	8
170	85	7	2	7
170	86	7	3	7
170	87	8	4	8
170	88	6	2	6
170	89	7	4	7
170	90	5	3	5
170	91	6	2	6
170	92	6	2	6
170	93	7	2	7
170	94	6	3	6
170	95	7	3	7
170	96	6	3	6
170	97	7	3	7
170	98	7	3	7
170	99	7	3	7
170	100	7	2	7
170	101	7	4	7
170	102	6	3	6
170	103	7	5	7
170	104	7	4	7
170	105	7	4	7
170	106	8	5	8
170	107	6	3	6
170	108	7	4	7
170	109	7	6	7
170	110	8	2	8
170	111	8	5	8
170	112	7	3	7
170	113	7	3	7
170	114	5	0	5
170	115	7	3	7
170	116	6	3	6
170	117	7	4	7
170	118	8	4	8
170	119	6	3	6
170	120	7	5	7
170	121	7	4	7
170	122	7	3	7
170	123	7	3	7
170	124	8	6	8
170	125	8	5	8
170	126	6	4	6
170	127	7	4	7
170	128	7	3	7
170	129	8	1	8
170	130	6	3	6
170	131	7	4	7
170	132	7	2	7
170	133	6	2	6
170	134	6	3	6
170	135	7	4	7
170	136	7	2	7
170	137	7	4	7
170	138	6	2	6
170	139	7	4	7
170	140	7	3	7
170	141	7	5	7
170	142	6	2	6
170	143	7	5	7
170	144	6	2	6
170	145	7	4	7
170	146	7	3	7
170	147	8	4	8
170	148	8	4	8
170	149	6	2	6
170	150	6	1	6
170	151	7	4	7
170	152	5	2	5
170	153	7	4	7
170	154	7	4	7
170	155	7	5	7
170	156	8	4	8
170	157	6	2	6
170	158	7	3	7
170	159	7	4	7
170	160	7	3	7
170	161	6	4	6
170	162	5	3	5
170	163	5	2	5
170	164	6	4	6
170	165	7	5	7
170	166	6	1	6
170	167	6	5	6
170	168	7	4	7
170	169	7	6	7
170	170	7	6	7
180	1	7	0	7
180	2	9	0	9
180	3	8	1	8
180	4	9	0	9
180	5	8	0	8
180	6	8	0	8
180	7	8	0	8
180	8	8	1	8
180	9	8	0	8
180	10	8	1	8
180	11	9	1	9
180	12	8	0	8
180	13	8	0	8
180	14	8	0	8
180	15	7	1	7
180	16	8	0	8
180	17	7	1	7
180	18	7	2	7
180	19	6	2	6
180	20	5	2	5
180	21	8	2	8
180	22	6	1	6
180	23	8	1	8
180	24	8	0	8
180	25	7	2	7
180	26	8	0	8
180	27	8	1	8
180	28	8	1	8
180	29	7	1	7
180	30	7	2	7
180	31	8	2	8
180	32	8	3	8
180	33	6	1	6
180	34	8	1	8
180	35	8	0	8
180	36	8	4	8
180	37	7	4	7
180	38	7	2	7
180	39	7	2	7
180	40	7	2	7
180	41	8	1	8
180	42	7	2	7
180	43	8	1	8
180	44	7	1	7
180	45	7	1	7
180	46	6	1	6
180	47	7	2	7
180	48	7	2	7
180	49	7	1	7
180	50	8	2	8
180	51	6	3	6
180	52	8	3	8
180	53	9	6	9
180	54	7	1	7
180	55	8	3	8
180	56	8	2	8
180	57	7	2	7
180	58	8	2	8
180	59	7	3	7
180	60	7	5	7
180	61	7	1	7
180	62	8	5	8
180	63	7	2	7
180	64	7	4	7
180	65	7	2	7
180	66	6	0	6
180	67	8	5	8
180	68	6	3	6
180	69	8	2	8
180	70	7	3	7
180	71	6	1	6
180	72	8	2	8
180	73	4	2	4
180	74	7	4	7
180	75	7	2	7
180	76	8	5	8
180	77	6	3	6
180	78	7	3	7
180	79	7	4	7
180	80	7	4	7
180	81	6	0	6
180	82	7	1	7
180	83	7	3	7
180	84	6	6	6
180	85	8	3	8
180	86	7	2	7
180	87	7	4	7
180	88	6	1	6
180	89	5	2	5
180	90	8	5	8
180	91	7	3	7
180	92	7	2	7
180	93	8	2	8
180	94	9	4	9
180	95	7	4	7
180	96	5	3	5
180	97	8	4	8
180	98	7	1	7
180	99	8	3	8
180	100	6	2	6
180	101	6	3	6
180	102	7	7	7
180	103	7	4	7
180	104	8	6	8
180	105	6	2	6
180	106	7	4	7
180	107	7	5	7
180	108	8	5	8
180	109	6	3	6
180	110	6	2	6
180	111	8	2	8
180	112	7	2	7
180	113	6	2	6
180	114	6	4	6
180	115	7	4	7
180	116	7	4	7
180	117	8	4	8
180	118	7	5	7
180	119	6	3	6
180	120	6	5	6
180	121	6	1	6
180	122	8	3	8
180	123	7	5	7
180	124	6	2	6
180	125	6	2	6
180	126	6	0	6
180	127	8	3	8
180	128	7	2	7
180	129	6	4	6
180	130	5	3	5
180	131	7	6	7
180	132	5	3	5
180	133	6	3	6
180	134	8	4	8
180	135	7	4	7
180	136	7	3	7
180	137	7	2	7
180	138	5	2	5
180	139	7	3	7
180	140	7	4	7
180	141	8	5	8
180	142	7	2	7
180	143	8	5	8
180	144	6	4	6
180	145	7	3	7
180	146	8	4	8
180	147	7	5	7
180	148	6	2	6
180	149	8	5	8
180	150	8	3	8
180	151	6	3	6
180	152	7	3	7
180	153	7	5	7
180	154	7	4	7
180	155	6	6	6
180	156	8	4	8
180	157	8	4	8
180	158	6	2	6
180	159	6	3	6
180	160	7	3	7
180	161	7	4	7
180	162	6	1	6
180	163	7	4	7
180	164	6	4	6
180	165	8	4	8
180	166	7	4	7
180	167	6	2	6
180	168	9	4	9
180	169	7	4	7
180	170	7	4	7
180	171	7	4	7
180	172	7	3	7
180	173	8	6	8
180	174	7	5	7
180	175	7	5	7
180	176	6	2	6
180	177	7	6	7
180	178	7	2	7
180	179	6	5	6
180	180	7	7	7
190	1	8	0	8
190	2	7	0	7
190	3	8	0	8
190	4	8	0	8
190	5	9	1	9
190	6	8	0	8
190	7	8	0	8
190	8	8	0	8
190	9	7	0	7
190	10	8	1	8
190	11	8	2	8
190	12	7	0	7
190	13	8	0	8
190	14	7	2	7
190	15	9	0	9
190	16	9	2	9
190	17	7	2	7
190	18	8	0	8
190	19	8	1	8
190	20	7	0	7
190	21	8	1	8
190	22	7	1	7
190	23	6	0	6
190	24	8	1	8
190	25	8	1	8
190	26	8	1	8
190	27	9	0	9
190	28	7	3	7
190	29	8	2	8
190	30	8	1	8
190	31	7	1	7
190	32	6	3	6
190	33	7	1	7
190	34	7	2	7
190	35	8	5	8
190	36	8	2	8
190	37	8	3	8
190	38	8	2	8
190	39	8	2	8
190	40	7	3	7
190	41	7	3	7
190	42	7	0	7
190	43	8	5	8
190	44	7	2	7
190	45	8	3	8
190	46	6	2	6
190	47	8	2	8
190	48	7	1	7
190	49	7	4	7
190	50	8	4	8
190	51	7	2	7
190	52	5	1	5
190	53	8	2	8
190	54	8	2	8
190	55	8	1	8
190	56	6	1	6
190	57	6	1	6
190	58	7	4	7
190	59	7	3	7
190	60	6	2	6
190	61	7	2	7
190	62	6	3	6
190	63	7	4	7
190	64	7	1	7
190	65	7	2	7
190	66	7	2	7
190	67	6	2	6
190	68	8	2	8
190	69	8	1	8
190	70	7	3	7
190	71	7	3	7
190	72	7	1	7
190	73	7	4	7
190	74	8	3	8
190	75	7	3	7
190	76	6	5	6
190	77	7	3	7
190	78	8	3	8
190	79	6	1	6
190	80	7	3	7
190	81	8	4	8
190	82	8	4	8
190	83	7	4	7
190	84	7	5	7
190	85	7	2	7
190	86	7	2	7
190	87	8	3	8
190	88	8	3	8
190	89	6	3	6
190	90	5	2	5
190	91	7	5	7
190	92	8	2	8
190	93	7	3	7
190	94	6	3	6
190	95	6	4	6
190	96	8	5	8
190	97	6	3	6
190	98	6	2	6
190	99	7	2	7
190	100	7	2	7
190	101	7	1	7
190	102	8	5	8
190	103	7	6	7
190	104	8	4	8
190	105	7	5	7
190	106	6	4	6
190	107	7	5	7
190	108	7	2	7
190	109	9	6	9
190	110	7	4	7
190	111	7	2	7
190	112	7	3	7
190	113	7	0	7
190	114	8	5	8
190	115	6	3	6
190	116	5	1	5
190	117	6	3	6
190	118	7	3	7
190	119	6	3	6
190	120	7	5	7
190	121	8	5	8
190	122	6	3	6
190	123	6	5	6
190	124	8	5	8
190	125	7	1	7
190	126	8	5	8
190	127	7	2	7
190	128	8	4	8
190	129	5	1	5
190	130	7	4	7
190	131	8	2	8
190	132	8	6	8
190	133	6	3	6
190	134	7	4	7
190	135	6	2	6
190	136	7	4	7
190	137	6	4	6
190	138	8	3	8
190	139	7	3	7
190	140	8	5	8
190	141	6	4	6
190	142	8	6	8
190	143	6	4	6
190	144	7	5	7
190	145	7	4	7
190	146	9	6	9
190	147	7	4	7
190	148	6	5	6
190	149	8	5	8
190	150	7	5	7
190	151	6	2	6
190	152	7	5	7
190	153	6	4	6
190	154	7	5	7
190	155	7	3	7
190	156	7	3	7
190	157	6	4	6
190	158	6	3	6
190	159	7	4	7
190	160	7	5	7
190	161	7	1	7
190	162	6	4	6
190	163	7	4	7
190	164	8	5	8
190	165	7	4	7
190	166	6	3	6
190	167	8	6	8
190	168	6	2	6
190	169	7	4	7
190	170	6	4	6
190	171	6	5	6
190	172	7	6	7
190	173	5	2	5
190	174	7	3	7
190	175	7	4	7
190	176	6	3	6
190	177	7	4	7
190	178	8	4	8
190	179	6	6	6
190	180	6	3	6
190	181	7	5	7
190	182	7	4	7
190	183	6	4	6
190	184	6	5	6
190	185	7	5	7
190	186	8	3	8
190	187	7	2	7
190	188	5	4	5
190	189	8	4	8
190	190	5	2	5
200	1	9	0	9
200	2	8	0	8
200	3	9	0	9
200	4	8	1	8
200	5	8	0	8
200	6	8	0	8
200	7	9	0	9
200	8	8	0	8
200	9	8	1	8
200	10	9	0	9
200	11	7	0	7
200	12	7	2	7
200	13	7	1	7
200	14	9	1	9
200	15	7	1	7
200	16	7	0	7
200	17	8	1	8
200	18	8	1	8
200	19	8	2	8
200	20	7	3	7
200	21	7	0	7
200	22	8	2	8
200	23	7	0	7
200	24	7	0	7
200	25	8	1	8
200	26	7	2	7
200	27	8	2	8
200	28	9	3	9
200	29	7	2	7
200	30	7	1	7
200	31	7	1	7
200	32	8	3	8
200	33	7	0	7
200	34	8	5	8
200	35	7	0	7
200	36	7	1	7
200	37	7	3	7
200	38	7	2	7
200	39	7	1	7
200	40	7	1	7
200	41	8	3	8
200	42	8	0	8
200	43	7	0	7
200	44	7	1	7
200	45	7	4	7
200	46	7	1	7
200	47	7	1	7
200	48	7	2	7
200	49	8	2	8
200	50	7	0	7
200	51	7	1	7
200	52	7	2	7
200	53	7	5	7
200	54	7	2	7
200	55	8	2	8
200	56	8	3	8
200	57	7	0	7
200	58	6	1	6
200	59	6	2	6
200	60	6	3	6
200	61	7	2	7
200	62	7	1	7
200	63	8	2	8
200	64	7	2	7
200	65	8	3	8
200	66	8	4	8
200	67	8	3	8
200	68	7	4	7
200	69	7	3	7
200	70	8	3	8
200	71	6	2	6
200	72	6	2	6
200	73	7	2	7
200	74	6	5	6
200	75	8	4	8
200	76	7	4	7
200	77	5	1	5
200	78	9	4	9
200	79	7	5	7
200	80	7	3	7
200	81	7	5	7
200	82	7	3	7
200	83	7	4	7
200	84	7	2	7
200	85	6	2	6
200	86	6	3	6
200	87	7	2	7
200	88	6	2	6
200	89	7	4	7
200	90	7	2	7
200	91	7	2	7
200	92	7	2	7
200	93	6	3	6
200	94	6	2	6
200	95	8	5	8
200	96	5	4	5
200	97	5	3	5
200	98	8	3	8
200	99	7	4	7
200	100	7	4	7
200	101	6	3	6
200	102	7	5	7
200	103	8	4	8
200	104	7	3	7
200	105	6	3	6
200	106	8	5	8
200	107	8	4	8
200	108	7	1	7
200	109	7	2	7
200	110	7	4	7
200	111	7	4	7
200	112	5	3	5
200	113	7	2	7
200	114	7	3	7
200	115	6	4	6
200	116	6	5	6
200	117	7	5	7
200	118	5	2	5
200	119	5	2	5
200	120	8	3	8
200	121	7	3	7
200	122	7	4	7
200	123	6	4	6
200	124	5	3	5
200	125	8	5	8
200	126	7	4	7
200	127	7	5	7
200	128	6	4	6
200	129	8	5	8
200	130	5	3	5
200	131	9	3	9
200	132	7	3	7
200	133	6	2	6
200	134	7	5	7
200	135	9	5	9
200	136	6	3	6
200	137	7	4	7
200	138	7	4	7
200	139	5	1	5
200	140	5	2	5
200	141	7	4	7
200	142	7	5	7
200	143	8	3	8
200	144	8	4	8
200	145	6	5	6
200	146	7	4	7
200	147	6	3	6
200	148	8	3	8
200	149	7	6	7
200	150	7	5	7
200	151	7	4	7
200	152	6	4	6
200	153	6	2	6
200	154	6	4	6
200	155	5	2	5
200	156	7	2	7
200	157	6	3	6
200	158	7	7	7
200	159	8	6	8
200	160	7	1	7
200	161	6	5	6
200	162	7	5	7
200	163	7	5	7
200	164	6	4	6
200	165	6	3	6
200	166	6	5	6
200	167	6	3	6
200	168	7	3	7
200	169	6	5	6
200	170	6	5	6
200	171	7	6	7
200	172	7	4	7
200	173	7	3	7
200	174	7	2	7
200	175	7	5	7
200	176	6	4	6
200	177	7	4	7
200	178	7	2	7
200	179	6	2	6
200	180	8	5	8
200	181	9	5	9
200	182	6	4	6
200	183	7	3	7
200	184	7	5	7
200	185	7	4	7
200	186	7	6	7
200	187	6	4	6
200	188	6	4	6
200	189	7	5	7
200	190	8	8	8
200	191	7	5	7
200	192	8	4	8
200	193	8	6	8
200	194	7	4	7
200	195	8	2	8
200	196	5	2	5
200	197	7	4	7
200	198	6	2	6
200	199	6	3	6
200	200	6	3	6
